{"design": "feature-binding (color x shape) class-IL positive control", "pass": false, "seeds": 20, "n_tasks": 3, "epochs": 50, "n_classes": 9, "did": {"seeds": [0, 1, 2, 3, 4, 5, 6, 7, 8, 9, 10, 11, 12, 13, 14, 15, 16, 17, 18, 19], "delta_per_seed": [0.18447815746180518, -0.043225363278378115, 0.2801404505989298, 0.3197150681689917, 0.14096914215904943, -0.10378273302702201, 0.20199231068685297, 0.18561115739670186, 0.03860015099208469, 0.008636896817174278, 0.32570432449652503, 0.0072154760323847045, 0.17394064587632196, -0.0480459051520562, 0.11520382843382249, -0.11399361921976842, -0.08084783565424447, -0.14056311607512045, 0.2786801895302887, -0.06427211055576632], "mean_delta_R5_minus_R6": 0.08330785578442886, "mean_delta_obar_R5_minus_R6": 0.05064034380633302, "test": "paired_t", "p_one_sided_delta_gt_0": 0.013435151725832558, "cohens_dz": 0.5363949350417923, "p_one_sided_obar_gt_0": 0.05658871832981164, "cohens_dz_obar": 0.37135423454678684, "bca_ci95": [0.018634697149898356, 0.1509581347566548], "honest_did": true, "interpretation": "delta>0 => synchrony (R6) yields LOWER inter-task overlap than R5:no_proj", "estimand_note": "O_intra is the real within-snapshot AUGMENTATION self-CKA, so inner = O_inter - O_intra and this is a genuine seed-paired difference-in-differences: the cross-task overlap reduction RELATIVE TO each arm's within-snapshot augmentation self-similarity, which controls for per-arm representation geometry (the M1 geometry kill-test motivation)."}, "verdict": {"pass": false, "alpha": 0.05, "primary_metric": "raw_obar_overlap_contrast", "mean_delta_R5_minus_R6": 0.05064034380633302, "p_one_sided": 0.05658871832981164, "cohens_dz": 0.37135423454678684, "did_secondary": {"mean_delta": 0.08330785578442886, "p_one_sided": 0.013435151725832558, "cohens_dz": 0.5363949350417923, "honest_did": true, "caveat": "DiD inflates variance at small probe scale; conservative secondary"}, "bca_ci95": [0.018634697149898356, 0.1509581347566548], "honest_did": true, "note": "FAIL: no significant R6<R5 overlap reduction on the synchrony-FAVORING task -> the H3 probe's detection power is UNPROVEN. Per prereg Guards, NO PIVOT-A/B (null) may be declared until this control PASSES. Check: did both arms LEARN the binding task (learning_acc well above chance 1/9=11%)? more seeds / epochs / stronger binding?"}, "arms_detail": {"R6": {"0": {"acc_matrix": [[100.0, 0.0, 0.0], [0.0, 99.58333333333333, 0.0], [0.0, 0.0, 100.0]], "learning_acc": [100.0, 99.58333333333333, 100.0], "avg_forgetting": 99.79166666666666, "phase_stability": {"0": {"layer": 0, "S_matrix": [[1.0, 0.24944463383249918, 0.1742306157502092], [0.24944463383249918, 1.0, 0.3268829745409371], [0.1742306157502092, 0.3268829745409371, 1.0]], "mean_cross_task_stability": 0.25018607470788184, "score": "ami"}, "1": {"layer": 1, "S_matrix": [[1.0, 0.1314143456159367, 0.046626823853204095], [0.1314143456159367, 1.0, 0.26841194425377457], [0.046626823853204095, 0.26841194425377457, 1.0]], "mean_cross_task_stability": 0.14881770457430513, "score": "ami"}, "2": {"layer": 2, "S_matrix": [[1.0, 0.03187562124239083, 0.02414539777719336], [0.03187562124239083, 1.0, 0.10009643953394624], [0.02414539777719336, 0.10009643953394624, 1.0]], "mean_cross_task_stability": 0.05203915285117681, "score": "ami"}}}, "1": {"acc_matrix": [[100.0, 0.0, 0.0], [0.0, 100.0, 0.0], [0.0, 0.0, 100.0]], "learning_acc": [100.0, 100.0, 100.0], "avg_forgetting": 100.0, "phase_stability": {"0": {"layer": 0, "S_matrix": [[1.0, 0.4684254066290385, 0.3873929231827753], [0.4684254066290385, 1.0, 0.38159596089382974], [0.3873929231827753, 0.38159596089382974, 1.0]], "mean_cross_task_stability": 0.41247143023521454, "score": "ami"}, "1": {"layer": 1, "S_matrix": [[1.0, 0.38952212138895936, 0.3214143718087322], [0.38952212138895936, 1.0, 0.36339052666651145], [0.3214143718087322, 0.36339052666651145, 1.0]], "mean_cross_task_stability": 0.358109006621401, "score": "ami"}, "2": {"layer": 2, "S_matrix": [[1.0, 0.2959336675964665, 0.16007001844549432], [0.2959336675964665, 1.0, 0.1927598810775537], [0.16007001844549432, 0.1927598810775537, 1.0]], "mean_cross_task_stability": 0.21625452237317153, "score": "ami"}}}, "2": {"acc_matrix": [[100.0, 0.0, 0.0], [0.0, 100.0, 0.0], [0.0, 0.0, 100.0]], "learning_acc": [100.0, 100.0, 100.0], "avg_forgetting": 100.0, "phase_stability": {"0": {"layer": 0, "S_matrix": [[1.0, 0.042843911757821825, 0.031436253431147615], [0.042843911757821825, 1.0, 0.345541331129467], [0.031436253431147615, 0.345541331129467, 1.0]], "mean_cross_task_stability": 0.13994049877281214, "score": "ami"}, "1": {"layer": 1, "S_matrix": [[1.0, 0.06285022549120721, 0.06657652681054357], [0.06285022549120721, 1.0, 0.4620815785017293], [0.06657652681054357, 0.4620815785017293, 1.0]], "mean_cross_task_stability": 0.19716944360116004, "score": "ami"}, "2": {"layer": 2, "S_matrix": [[1.0, 0.08810936796623188, 0.05583766665980708], [0.08810936796623188, 1.0, 0.220242412471899], [0.05583766665980708, 0.220242412471899, 1.0]], "mean_cross_task_stability": 0.12139648236597933, "score": "ami"}}}, "3": {"acc_matrix": [[100.0, 0.0, 0.0], [0.0, 100.0, 0.0], [0.0, 0.0, 100.0]], "learning_acc": [100.0, 100.0, 100.0], "avg_forgetting": 100.0, "phase_stability": {"0": {"layer": 0, "S_matrix": [[1.0, 0.3230683863322086, 0.25973261141035087], [0.3230683863322086, 1.0, 0.281174088083698], [0.25973261141035087, 0.281174088083698, 1.0]], "mean_cross_task_stability": 0.2879916952754191, "score": "ami"}, "1": {"layer": 1, "S_matrix": [[1.0, 0.18692342113999844, 0.09047347104798985], [0.18692342113999844, 1.0, 0.29429524468331303], [0.09047347104798985, 0.29429524468331303, 1.0]], "mean_cross_task_stability": 0.19056404562376708, "score": "ami"}, "2": {"layer": 2, "S_matrix": [[1.0, 0.06085613547827136, 0.039692336382655236], [0.06085613547827136, 1.0, 0.17473045723025138], [0.039692336382655236, 0.17473045723025138, 1.0]], "mean_cross_task_stability": 0.09175964303039265, "score": "ami"}}}, "4": {"acc_matrix": [[100.0, 0.0, 0.0], [0.0, 100.0, 0.0], [0.0, 0.0, 100.0]], "learning_acc": [100.0, 100.0, 100.0], "avg_forgetting": 100.0, "phase_stability": {"0": {"layer": 0, "S_matrix": [[1.0, 0.23300527201616653, 0.14165121811934556], [0.23300527201616653, 1.0, 0.26796252777516144], [0.14165121811934556, 0.26796252777516144, 1.0]], "mean_cross_task_stability": 0.2142063393035578, "score": "ami"}, "1": {"layer": 1, "S_matrix": [[1.0, 0.16494966539543093, 0.12101360973213258], [0.16494966539543093, 1.0, 0.1866987251120658], [0.12101360973213258, 0.1866987251120658, 1.0]], "mean_cross_task_stability": 0.15755400007987644, "score": "ami"}, "2": {"layer": 2, "S_matrix": [[1.0, 0.04600117721013761, 0.04337950881710544], [0.04600117721013761, 1.0, 0.1032189238810902], [0.04337950881710544, 0.1032189238810902, 1.0]], "mean_cross_task_stability": 0.06419986996944442, "score": "ami"}}}, "5": {"acc_matrix": [[100.0, 0.0, 0.0], [0.0, 100.0, 0.0], [0.0, 0.0, 100.0]], "learning_acc": [100.0, 100.0, 100.0], "avg_forgetting": 100.0, "phase_stability": {"0": {"layer": 0, "S_matrix": [[1.0, 0.04794599593244344, 0.0591776103254013], [0.04794599593244344, 1.0, 0.39970785108127327], [0.0591776103254013, 0.39970785108127327, 1.0]], "mean_cross_task_stability": 0.16894381911303935, "score": "ami"}, "1": {"layer": 1, "S_matrix": [[1.0, 0.07568365171294875, 0.06075989792858782], [0.07568365171294875, 1.0, 0.38017433002696444], [0.06075989792858782, 0.38017433002696444, 1.0]], "mean_cross_task_stability": 0.17220595988950035, "score": "ami"}, "2": {"layer": 2, "S_matrix": [[1.0, 0.035299334379610935, 0.05964677300378574], [0.035299334379610935, 1.0, 0.10510218177308132], [0.05964677300378574, 0.10510218177308132, 1.0]], "mean_cross_task_stability": 0.06668276305215932, "score": "ami"}}}, "6": {"acc_matrix": [[100.0, 0.0, 0.0], [0.0, 100.0, 0.0], [0.0, 0.0, 100.0]], "learning_acc": [100.0, 100.0, 100.0], "avg_forgetting": 100.0, "phase_stability": {"0": {"layer": 0, "S_matrix": [[1.0, 0.29751056011747556, 0.08774072561188442], [0.29751056011747556, 1.0, 0.1564842720405758], [0.08774072561188442, 0.1564842720405758, 1.0]], "mean_cross_task_stability": 0.18057851925664525, "score": "ami"}, "1": {"layer": 1, "S_matrix": [[1.0, 0.15143074589025063, 0.06244810775328822], [0.15143074589025063, 1.0, 0.0896111846156382], [0.06244810775328822, 0.0896111846156382, 1.0]], "mean_cross_task_stability": 0.10116334608639234, "score": "ami"}, "2": {"layer": 2, "S_matrix": [[1.0, 0.1386016007507131, 0.05305285806287938], [0.1386016007507131, 1.0, 0.03190610647638863], [0.05305285806287938, 0.03190610647638863, 1.0]], "mean_cross_task_stability": 0.07452018842999371, "score": "ami"}}}, "7": {"acc_matrix": [[100.0, 0.0, 0.0], [0.0, 100.0, 0.0], [0.0, 0.0, 100.0]], "learning_acc": [100.0, 100.0, 100.0], "avg_forgetting": 100.0, "phase_stability": {"0": {"layer": 0, "S_matrix": [[1.0, 0.04504848907384478, 0.06465205983781952], [0.04504848907384478, 1.0, 0.31901532575684804], [0.06465205983781952, 0.31901532575684804, 1.0]], "mean_cross_task_stability": 0.1429052915561708, "score": "ami"}, "1": {"layer": 1, "S_matrix": [[1.0, 0.06344934792459138, 0.07869207397636709], [0.06344934792459138, 1.0, 0.20468024486759076], [0.07869207397636709, 0.20468024486759076, 1.0]], "mean_cross_task_stability": 0.11560722225618307, "score": "ami"}, "2": {"layer": 2, "S_matrix": [[1.0, 0.06431655853277952, 0.05530834260372427], [0.06431655853277952, 1.0, 0.0340820115173441], [0.05530834260372427, 0.0340820115173441, 1.0]], "mean_cross_task_stability": 0.05123563755128263, "score": "ami"}}}, "8": {"acc_matrix": [[99.58333333333333, 0.0, 0.0], [0.0, 100.0, 0.0], [0.0, 0.0, 100.0]], "learning_acc": [99.58333333333333, 100.0, 100.0], "avg_forgetting": 99.79166666666666, "phase_stability": {"0": {"layer": 0, "S_matrix": [[1.0, 0.04727257459876757, 0.052401011520344314], [0.04727257459876757, 1.0, 0.48925535871725895], [0.052401011520344314, 0.48925535871725895, 1.0]], "mean_cross_task_stability": 0.19630964827879027, "score": "ami"}, "1": {"layer": 1, "S_matrix": [[1.0, 0.0761287277398741, 0.09780231261022296], [0.0761287277398741, 1.0, 0.5880199417713898], [0.09780231261022296, 0.5880199417713898, 1.0]], "mean_cross_task_stability": 0.25398366070716233, "score": "ami"}, "2": {"layer": 2, "S_matrix": [[1.0, 0.051320379283487504, 0.031426229364982294], [0.051320379283487504, 1.0, 0.26088868662397174], [0.031426229364982294, 0.26088868662397174, 1.0]], "mean_cross_task_stability": 0.11454509842414717, "score": "ami"}}}, "9": {"acc_matrix": [[100.0, 0.0, 0.0], [0.0, 100.0, 0.0], [0.0, 0.0, 100.0]], "learning_acc": [100.0, 100.0, 100.0], "avg_forgetting": 100.0, "phase_stability": {"0": {"layer": 0, "S_matrix": [[1.0, 0.2793174730587661, 0.17272895668009958], [0.2793174730587661, 1.0, 0.36759171277203123], [0.17272895668009958, 0.36759171277203123, 1.0]], "mean_cross_task_stability": 0.27321271417029896, "score": "ami"}, "1": {"layer": 1, "S_matrix": [[1.0, 0.2097045867171824, 0.1658212528141086], [0.2097045867171824, 1.0, 0.2733751501353256], [0.1658212528141086, 0.2733751501353256, 1.0]], "mean_cross_task_stability": 0.21630032988887218, "score": "ami"}, "2": {"layer": 2, "S_matrix": [[1.0, 0.18115046887373967, 0.06193963139643245], [0.18115046887373967, 1.0, 0.07760795765585489], [0.06193963139643245, 0.07760795765585489, 1.0]], "mean_cross_task_stability": 0.106899352642009, "score": "ami"}}}, "10": {"acc_matrix": [[100.0, 0.0, 0.0], [0.0, 100.0, 0.0], [0.0, 0.0, 100.0]], "learning_acc": [100.0, 100.0, 100.0], "avg_forgetting": 100.0, "phase_stability": {"0": {"layer": 0, "S_matrix": [[1.0, 0.3223439485904665, 0.22904167080983578], [0.3223439485904665, 1.0, 0.3375439672194629], [0.22904167080983578, 0.3375439672194629, 1.0]], "mean_cross_task_stability": 0.2963098622065884, "score": "ami"}, "1": {"layer": 1, "S_matrix": [[1.0, 0.24117331630508232, 0.13594863835211796], [0.24117331630508232, 1.0, 0.2634485200399957], [0.13594863835211796, 0.2634485200399957, 1.0]], "mean_cross_task_stability": 0.213523491565732, "score": "ami"}, "2": {"layer": 2, "S_matrix": [[1.0, 0.10306582021106629, 0.06957636389723855], [0.10306582021106629, 1.0, 0.07541063095835267], [0.06957636389723855, 0.07541063095835267, 1.0]], "mean_cross_task_stability": 0.08268427168888583, "score": "ami"}}}, "11": {"acc_matrix": [[100.0, 0.0, 0.0], [0.0, 99.58333333333333, 0.0], [0.0, 0.0, 100.0]], "learning_acc": [100.0, 99.58333333333333, 100.0], "avg_forgetting": 99.79166666666666, "phase_stability": {"0": {"layer": 0, "S_matrix": [[1.0, 0.3810529806602205, 0.1930181837033712], [0.3810529806602205, 1.0, 0.26045332604225313], [0.1930181837033712, 0.26045332604225313, 1.0]], "mean_cross_task_stability": 0.2781748301352816, "score": "ami"}, "1": {"layer": 1, "S_matrix": [[1.0, 0.5013855176978481, 0.08835152217657187], [0.5013855176978481, 1.0, 0.106100737620229], [0.08835152217657187, 0.106100737620229, 1.0]], "mean_cross_task_stability": 0.23194592583154963, "score": "ami"}, "2": {"layer": 2, "S_matrix": [[1.0, 0.35455905681998223, 0.07825308220752542], [0.35455905681998223, 1.0, 0.11261824266524902], [0.07825308220752542, 0.11261824266524902, 1.0]], "mean_cross_task_stability": 0.1818101272309189, "score": "ami"}}}, "12": {"acc_matrix": [[100.0, 0.0, 0.0], [0.0, 100.0, 0.0], [0.0, 0.0, 100.0]], "learning_acc": [100.0, 100.0, 100.0], "avg_forgetting": 100.0, "phase_stability": {"0": {"layer": 0, "S_matrix": [[1.0, 0.17306754780349423, 0.07546922117704204], [0.17306754780349423, 1.0, 0.20163022845349635], [0.07546922117704204, 0.20163022845349635, 1.0]], "mean_cross_task_stability": 0.15005566581134422, "score": "ami"}, "1": {"layer": 1, "S_matrix": [[1.0, 0.16759936958885926, 0.0961464270153344], [0.16759936958885926, 1.0, 0.21728586862283317], [0.0961464270153344, 0.21728586862283317, 1.0]], "mean_cross_task_stability": 0.16034388840900896, "score": "ami"}, "2": {"layer": 2, "S_matrix": [[1.0, 0.2520830500105235, 0.132474377968001], [0.2520830500105235, 1.0, 0.2061119742929205], [0.132474377968001, 0.2061119742929205, 1.0]], "mean_cross_task_stability": 0.19688980075714832, "score": "ami"}}}, "13": {"acc_matrix": [[100.0, 0.0, 0.0], [0.0, 100.0, 0.0], [0.0, 0.0, 100.0]], "learning_acc": [100.0, 100.0, 100.0], "avg_forgetting": 100.0, "phase_stability": {"0": {"layer": 0, "S_matrix": [[1.0, 0.4959388841601998, 0.2157259273212913], [0.4959388841601998, 1.0, 0.19608672428925722], [0.2157259273212913, 0.19608672428925722, 1.0]], "mean_cross_task_stability": 0.3025838452569161, "score": "ami"}, "1": {"layer": 1, "S_matrix": [[1.0, 0.4502183874503433, 0.29311383426337523], [0.4502183874503433, 1.0, 0.2858653774892361], [0.29311383426337523, 0.2858653774892361, 1.0]], "mean_cross_task_stability": 0.3430658664009849, "score": "ami"}, "2": {"layer": 2, "S_matrix": [[1.0, 0.21405522742271657, 0.12565997301400986], [0.21405522742271657, 1.0, 0.20161936716492038], [0.12565997301400986, 0.20161936716492038, 1.0]], "mean_cross_task_stability": 0.1804448558672156, "score": "ami"}}}, "14": {"acc_matrix": [[100.0, 0.0, 0.0], [0.0, 100.0, 0.0], [0.0, 0.0, 100.0]], "learning_acc": [100.0, 100.0, 100.0], "avg_forgetting": 100.0, "phase_stability": {"0": {"layer": 0, "S_matrix": [[1.0, 0.2377666399984958, 0.08252510723021249], [0.2377666399984958, 1.0, 0.0740584649431285], [0.08252510723021249, 0.0740584649431285, 1.0]], "mean_cross_task_stability": 0.1314500707239456, "score": "ami"}, "1": {"layer": 1, "S_matrix": [[1.0, 0.08499180697311749, 0.0800088305300236], [0.08499180697311749, 1.0, 0.11502777537626693], [0.0800088305300236, 0.11502777537626693, 1.0]], "mean_cross_task_stability": 0.09334280429313602, "score": "ami"}, "2": {"layer": 2, "S_matrix": [[1.0, 0.05155884080772114, 0.03790649837280255], [0.05155884080772114, 1.0, 0.042955059200847474], [0.03790649837280255, 0.042955059200847474, 1.0]], "mean_cross_task_stability": 0.044140132793790386, "score": "ami"}}}, "15": {"acc_matrix": [[100.0, 0.0, 0.0], [0.0, 100.0, 0.0], [0.0, 0.0, 100.0]], "learning_acc": [100.0, 100.0, 100.0], "avg_forgetting": 100.0, "phase_stability": {"0": {"layer": 0, "S_matrix": [[1.0, 0.450939746627846, 0.3906002182601336], [0.450939746627846, 1.0, 0.5505139380492816], [0.3906002182601336, 0.5505139380492816, 1.0]], "mean_cross_task_stability": 0.4640179676457537, "score": "ami"}, "1": {"layer": 1, "S_matrix": [[1.0, 0.35501574212110937, 0.28933692893730767], [0.35501574212110937, 1.0, 0.4134015609371272], [0.28933692893730767, 0.4134015609371272, 1.0]], "mean_cross_task_stability": 0.35258474399851475, "score": "ami"}, "2": {"layer": 2, "S_matrix": [[1.0, 0.049297141447800695, 0.05981768689583113], [0.049297141447800695, 1.0, 0.22900791530485706], [0.05981768689583113, 0.22900791530485706, 1.0]], "mean_cross_task_stability": 0.11270758121616296, "score": "ami"}}}, "16": {"acc_matrix": [[99.58333333333333, 0.0, 0.0], [0.0, 100.0, 0.0], [0.0, 0.0, 100.0]], "learning_acc": [99.58333333333333, 100.0, 100.0], "avg_forgetting": 99.79166666666666, "phase_stability": {"0": {"layer": 0, "S_matrix": [[1.0, 0.4170956506618782, 0.34494762131945494], [0.4170956506618782, 1.0, 0.4225962340180152], [0.34494762131945494, 0.4225962340180152, 1.0]], "mean_cross_task_stability": 0.39487983533311616, "score": "ami"}, "1": {"layer": 1, "S_matrix": [[1.0, 0.30203177847629153, 0.23161609542206132], [0.30203177847629153, 1.0, 0.2995189058246962], [0.23161609542206132, 0.2995189058246962, 1.0]], "mean_cross_task_stability": 0.277722259907683, "score": "ami"}, "2": {"layer": 2, "S_matrix": [[1.0, 0.24318702543029516, 0.08946462706919907], [0.24318702543029516, 1.0, 0.10988989878414888], [0.08946462706919907, 0.10988989878414888, 1.0]], "mean_cross_task_stability": 0.14751385042788104, "score": "ami"}}}, "17": {"acc_matrix": [[99.58333333333333, 0.0, 0.0], [0.0, 100.0, 0.0], [0.0, 0.0, 100.0]], "learning_acc": [99.58333333333333, 100.0, 100.0], "avg_forgetting": 99.79166666666666, "phase_stability": {"0": {"layer": 0, "S_matrix": [[1.0, 0.40419759274900896, 0.34460529126171163], [0.40419759274900896, 1.0, 0.5474037812522103], [0.34460529126171163, 0.5474037812522103, 1.0]], "mean_cross_task_stability": 0.43206888842097696, "score": "ami"}, "1": {"layer": 1, "S_matrix": [[1.0, 0.30281607453026677, 0.25997611005280985], [0.30281607453026677, 1.0, 0.43200900110761664], [0.25997611005280985, 0.43200900110761664, 1.0]], "mean_cross_task_stability": 0.33160039523023105, "score": "ami"}, "2": {"layer": 2, "S_matrix": [[1.0, 0.10643015286407434, 0.05253306752435305], [0.10643015286407434, 1.0, 0.1900886664582634], [0.05253306752435305, 0.1900886664582634, 1.0]], "mean_cross_task_stability": 0.11635062894889692, "score": "ami"}}}, "18": {"acc_matrix": [[100.0, 0.0, 0.0], [0.0, 100.0, 0.0], [0.0, 0.0, 100.0]], "learning_acc": [100.0, 100.0, 100.0], "avg_forgetting": 100.0, "phase_stability": {"0": {"layer": 0, "S_matrix": [[1.0, 0.5203531299911721, 0.33234060147505523], [0.5203531299911721, 1.0, 0.3948315156950828], [0.33234060147505523, 0.3948315156950828, 1.0]], "mean_cross_task_stability": 0.41584174905377, "score": "ami"}, "1": {"layer": 1, "S_matrix": [[1.0, 0.5032188470035979, 0.25037465347864346], [0.5032188470035979, 1.0, 0.26867208189541486], [0.25037465347864346, 0.26867208189541486, 1.0]], "mean_cross_task_stability": 0.34075519412588545, "score": "ami"}, "2": {"layer": 2, "S_matrix": [[1.0, 0.4577812200121467, 0.1969603242459077], [0.4577812200121467, 1.0, 0.17560655726733332], [0.1969603242459077, 0.17560655726733332, 1.0]], "mean_cross_task_stability": 0.2767827005084626, "score": "ami"}}}, "19": {"acc_matrix": [[100.0, 0.0, 0.0], [0.0, 100.0, 0.0], [0.0, 0.0, 99.58333333333333]], "learning_acc": [100.0, 100.0, 99.58333333333333], "avg_forgetting": 100.0, "phase_stability": {"0": {"layer": 0, "S_matrix": [[1.0, 0.4408060570525859, 0.30188223316495605], [0.4408060570525859, 1.0, 0.4042556710767462], [0.30188223316495605, 0.4042556710767462, 1.0]], "mean_cross_task_stability": 0.38231465376476276, "score": "ami"}, "1": {"layer": 1, "S_matrix": [[1.0, 0.45362289388955135, 0.34802376189936474], [0.45362289388955135, 1.0, 0.35269794102450946], [0.34802376189936474, 0.35269794102450946, 1.0]], "mean_cross_task_stability": 0.38478153227114187, "score": "ami"}, "2": {"layer": 2, "S_matrix": [[1.0, 0.22635864152537422, 0.11288315926871965], [0.22635864152537422, 1.0, 0.17308843576536148], [0.11288315926871965, 0.17308843576536148, 1.0]], "mean_cross_task_stability": 0.17077674551981845, "score": "ami"}}}}, "R5:no_proj": {"0": {"acc_matrix": [[100.0, 0.0, 0.0], [0.0, 100.0, 0.0], [0.0, 0.0, 100.0]], "learning_acc": [100.0, 100.0, 100.0], "avg_forgetting": 100.0}, "1": {"acc_matrix": [[100.0, 0.0, 0.0], [0.0, 100.0, 0.0], [0.0, 0.0, 100.0]], "learning_acc": [100.0, 100.0, 100.0], "avg_forgetting": 100.0}, "2": {"acc_matrix": [[100.0, 0.0, 0.0], [0.0, 100.0, 0.0], [0.0, 0.0, 100.0]], "learning_acc": [100.0, 100.0, 100.0], "avg_forgetting": 100.0}, "3": {"acc_matrix": [[100.0, 0.0, 0.0], [0.0, 100.0, 0.0], [0.0, 0.0, 100.0]], "learning_acc": [100.0, 100.0, 100.0], "avg_forgetting": 100.0}, "4": {"acc_matrix": [[100.0, 0.0, 0.0], [0.0, 100.0, 0.0], [0.0, 0.0, 100.0]], "learning_acc": [100.0, 100.0, 100.0], "avg_forgetting": 100.0}, "5": {"acc_matrix": [[100.0, 0.0, 0.0], [0.0, 100.0, 0.0], [0.0, 0.0, 100.0]], "learning_acc": [100.0, 100.0, 100.0], "avg_forgetting": 100.0}, "6": {"acc_matrix": [[99.58333333333333, 0.0, 0.0], [0.0, 100.0, 0.0], [0.0, 0.0, 100.0]], "learning_acc": [99.58333333333333, 100.0, 100.0], "avg_forgetting": 99.79166666666666}, "7": {"acc_matrix": [[100.0, 0.0, 0.0], [0.0, 100.0, 0.0], [0.0, 0.0, 100.0]], "learning_acc": [100.0, 100.0, 100.0], "avg_forgetting": 100.0}, "8": {"acc_matrix": [[100.0, 0.0, 0.0], [0.0, 100.0, 0.0], [0.0, 0.0, 100.0]], "learning_acc": [100.0, 100.0, 100.0], "avg_forgetting": 100.0}, "9": {"acc_matrix": [[100.0, 0.0, 0.0], [0.0, 100.0, 0.0], [0.0, 0.0, 100.0]], "learning_acc": [100.0, 100.0, 100.0], "avg_forgetting": 100.0}, "10": {"acc_matrix": [[100.0, 0.0, 0.0], [0.0, 100.0, 0.0], [0.0, 0.0, 100.0]], "learning_acc": [100.0, 100.0, 100.0], "avg_forgetting": 100.0}, "11": {"acc_matrix": [[100.0, 0.0, 0.0], [0.0, 100.0, 0.0], [0.0, 0.0, 100.0]], "learning_acc": [100.0, 100.0, 100.0], "avg_forgetting": 100.0}, "12": {"acc_matrix": [[100.0, 0.0, 0.0], [0.0, 100.0, 0.0], [0.0, 0.0, 100.0]], "learning_acc": [100.0, 100.0, 100.0], "avg_forgetting": 100.0}, "13": {"acc_matrix": [[100.0, 0.0, 0.0], [0.0, 100.0, 0.0], [0.0, 0.0, 100.0]], "learning_acc": [100.0, 100.0, 100.0], "avg_forgetting": 100.0}, "14": {"acc_matrix": [[100.0, 0.0, 0.0], [0.0, 100.0, 0.0], [0.0, 0.0, 100.0]], "learning_acc": [100.0, 100.0, 100.0], "avg_forgetting": 100.0}, "15": {"acc_matrix": [[66.66666666666667, 0.0, 0.0], [0.0, 66.66666666666667, 0.0], [0.0, 0.0, 100.0]], "learning_acc": [66.66666666666667, 66.66666666666667, 100.0], "avg_forgetting": 66.66666666666667}, "16": {"acc_matrix": [[100.0, 0.0, 0.0], [0.0, 100.0, 0.0], [0.0, 0.0, 100.0]], "learning_acc": [100.0, 100.0, 100.0], "avg_forgetting": 100.0}, "17": {"acc_matrix": [[100.0, 0.0, 0.0], [0.0, 100.0, 0.0], [0.0, 0.0, 100.0]], "learning_acc": [100.0, 100.0, 100.0], "avg_forgetting": 100.0}, "18": {"acc_matrix": [[100.0, 0.0, 0.0], [0.0, 100.0, 0.0], [0.0, 0.0, 100.0]], "learning_acc": [100.0, 100.0, 100.0], "avg_forgetting": 100.0}, "19": {"acc_matrix": [[100.0, 0.0, 0.0], [0.0, 99.58333333333333, 0.0], [0.0, 0.0, 100.0]], "learning_acc": [100.0, 99.58333333333333, 100.0], "avg_forgetting": 99.79166666666666}}}}