{"design": "feature-binding (color x shape) class-IL positive control", "pass": false, "seeds": 20, "n_tasks": 3, "epochs": 50, "n_classes": 9, "did": {"seeds": [0, 1, 2, 3, 4, 5, 6, 7, 8, 9, 10, 11, 12, 13, 14, 15, 16, 17, 18, 19], "delta_per_seed": [-0.1379809293423222, 0.05353125083447019, 0.09871793986822358, -0.04036733879911475, -0.06869163205198353, 0.174314599516886, -0.24297522817260586, -0.008026994782239116, -0.06552719241691773, 0.11499997603205192, 0.18981385763214997, 0.048774286112586496, 0.02867269544460338, -0.13527254617187978, -0.019698977812380003, 0.06935280790744092, 0.07249168791364913, -0.029332395168033543, 0.25915453272799893, 0.0375564446284416], "mean_delta_R5_minus_R6": 0.01997534219505128, "mean_delta_obar_R5_minus_R6": 0.016191331602488597, "test": "paired_t", "p_one_sided_delta_gt_0": 0.23319598008739748, "cohens_dz": 0.16620715019603152, "p_one_sided_obar_gt_0": 0.21800421379924909, "cohens_dz_obar": 0.17793452589022654, "bca_ci95": [-0.03201746157128675, 0.07086463848281041], "honest_did": true, "interpretation": "delta>0 => synchrony (R6) yields LOWER inter-task overlap than R5:no_proj", "estimand_note": "O_intra is the real within-snapshot AUGMENTATION self-CKA, so inner = O_inter - O_intra and this is a genuine seed-paired difference-in-differences: the cross-task overlap reduction RELATIVE TO each arm's within-snapshot augmentation self-similarity, which controls for per-arm representation geometry (the M1 geometry kill-test motivation)."}, "verdict": {"pass": false, "alpha": 0.05, "primary_metric": "raw_obar_overlap_contrast", "mean_delta_R5_minus_R6": 0.016191331602488597, "p_one_sided": 0.21800421379924909, "cohens_dz": 0.17793452589022654, "did_secondary": {"mean_delta": 0.01997534219505128, "p_one_sided": 0.23319598008739748, "cohens_dz": 0.16620715019603152, "honest_did": true, "caveat": "DiD inflates variance at small probe scale; conservative secondary"}, "bca_ci95": [-0.03201746157128675, 0.07086463848281041], "honest_did": true, "note": "FAIL: no significant R6<R5 overlap reduction on the synchrony-FAVORING task -> the H3 probe's detection power is UNPROVEN. Per prereg Guards, NO PIVOT-A/B (null) may be declared until this control PASSES. Check: did both arms LEARN the binding task (learning_acc well above chance 1/9=11%)? more seeds / epochs / stronger binding?"}, "arms_detail": {"R6": {"0": {"acc_matrix": [[99.16666666666667, 0.0, 0.0], [0.0, 98.75, 0.0], [0.0, 0.0, 99.16666666666667]], "learning_acc": [99.16666666666667, 98.75, 99.16666666666667], "avg_forgetting": 98.95833333333334, "phase_stability": {"0": {"layer": 0, "S_matrix": [[1.0, 0.16906474677199979, 0.1336218131113254], [0.16906474677199979, 1.0, 0.28204143089804484], [0.1336218131113254, 0.28204143089804484, 1.0]], "mean_cross_task_stability": 0.19490933026045668, "score": "ami"}, "1": {"layer": 1, "S_matrix": [[1.0, 0.060628755213722046, 0.08465323408054268], [0.060628755213722046, 1.0, 0.2768024851709465], [0.08465323408054268, 0.2768024851709465, 1.0]], "mean_cross_task_stability": 0.1406948248217371, "score": "ami"}, "2": {"layer": 2, "S_matrix": [[1.0, 0.1343458323260977, 0.09924729761822307], [0.1343458323260977, 1.0, 0.3224080282313391], [0.09924729761822307, 0.3224080282313391, 1.0]], "mean_cross_task_stability": 0.18533371939188661, "score": "ami"}}}, "1": {"acc_matrix": [[99.16666666666667, 0.0, 0.0], [0.0, 99.16666666666667, 0.0], [0.0, 0.0, 99.16666666666667]], "learning_acc": [99.16666666666667, 99.16666666666667, 99.16666666666667], "avg_forgetting": 99.16666666666667, "phase_stability": {"0": {"layer": 0, "S_matrix": [[1.0, 0.22891629901963118, 0.22307141352262047], [0.22891629901963118, 1.0, 0.3748987922447724], [0.22307141352262047, 0.3748987922447724, 1.0]], "mean_cross_task_stability": 0.275628834929008, "score": "ami"}, "1": {"layer": 1, "S_matrix": [[1.0, 0.2077890327808314, 0.14318699588819336], [0.2077890327808314, 1.0, 0.2742043738515499], [0.14318699588819336, 0.2742043738515499, 1.0]], "mean_cross_task_stability": 0.20839346750685825, "score": "ami"}, "2": {"layer": 2, "S_matrix": [[1.0, 0.16994418652026064, 0.08786431391097686], [0.16994418652026064, 1.0, 0.2469847734445037], [0.08786431391097686, 0.2469847734445037, 1.0]], "mean_cross_task_stability": 0.16826442462524707, "score": "ami"}}}, "2": {"acc_matrix": [[97.91666666666667, 0.0, 0.0], [0.0, 99.16666666666667, 0.0], [0.0, 0.0, 99.16666666666667]], "learning_acc": [97.91666666666667, 99.16666666666667, 99.16666666666667], "avg_forgetting": 98.54166666666667, "phase_stability": {"0": {"layer": 0, "S_matrix": [[1.0, 0.1954399277399591, 0.15707422078117445], [0.1954399277399591, 1.0, 0.31905511530985564], [0.15707422078117445, 0.31905511530985564, 1.0]], "mean_cross_task_stability": 0.22385642127699637, "score": "ami"}, "1": {"layer": 1, "S_matrix": [[1.0, 0.07845206084903654, 0.09973122566706649], [0.07845206084903654, 1.0, 0.2877944810982584], [0.09973122566706649, 0.2877944810982584, 1.0]], "mean_cross_task_stability": 0.15532592253812047, "score": "ami"}, "2": {"layer": 2, "S_matrix": [[1.0, 0.10230580901118973, 0.08158326223618237], [0.10230580901118973, 1.0, 0.2213711819574743], [0.08158326223618237, 0.2213711819574743, 1.0]], "mean_cross_task_stability": 0.13508675106828213, "score": "ami"}}}, "3": {"acc_matrix": [[99.16666666666667, 0.0, 0.0], [0.0, 99.16666666666667, 0.0], [0.0, 0.0, 99.58333333333333]], "learning_acc": [99.16666666666667, 99.16666666666667, 99.58333333333333], "avg_forgetting": 99.16666666666667, "phase_stability": {"0": {"layer": 0, "S_matrix": [[1.0, 0.2240124308282835, 0.17502208137604902], [0.2240124308282835, 1.0, 0.19949151064081513], [0.17502208137604902, 0.19949151064081513, 1.0]], "mean_cross_task_stability": 0.1995086742817159, "score": "ami"}, "1": {"layer": 1, "S_matrix": [[1.0, 0.3355744559701325, 0.3347105922344363], [0.3355744559701325, 1.0, 0.3535459427398327], [0.3347105922344363, 0.3535459427398327, 1.0]], "mean_cross_task_stability": 0.34127699698146713, "score": "ami"}, "2": {"layer": 2, "S_matrix": [[1.0, 0.26510175791274393, 0.20010586735445574], [0.26510175791274393, 1.0, 0.24631260827033888], [0.20010586735445574, 0.24631260827033888, 1.0]], "mean_cross_task_stability": 0.23717341117917953, "score": "ami"}}}, "4": {"acc_matrix": [[99.16666666666667, 0.0, 0.0], [0.0, 99.58333333333333, 0.0], [0.0, 0.0, 98.75]], "learning_acc": [99.16666666666667, 99.58333333333333, 98.75], "avg_forgetting": 99.375, "phase_stability": {"0": {"layer": 0, "S_matrix": [[1.0, 0.18680333865583862, 0.11085030703446278], [0.18680333865583862, 1.0, 0.27871168919209743], [0.11085030703446278, 0.27871168919209743, 1.0]], "mean_cross_task_stability": 0.19212177829413293, "score": "ami"}, "1": {"layer": 1, "S_matrix": [[1.0, 0.11753543032121562, 0.04565911390011905], [0.11753543032121562, 1.0, 0.09254599900210791], [0.04565911390011905, 0.09254599900210791, 1.0]], "mean_cross_task_stability": 0.08524684774114753, "score": "ami"}, "2": {"layer": 2, "S_matrix": [[1.0, 0.24052147903177193, 0.09791518048670673], [0.24052147903177193, 1.0, 0.09431543213394238], [0.09791518048670673, 0.09431543213394238, 1.0]], "mean_cross_task_stability": 0.1442506972174737, "score": "ami"}}}, "5": {"acc_matrix": [[99.16666666666667, 0.0, 0.0], [0.0, 97.5, 0.0], [0.0, 0.0, 98.75]], "learning_acc": [99.16666666666667, 97.5, 98.75], "avg_forgetting": 98.33333333333334, "phase_stability": {"0": {"layer": 0, "S_matrix": [[1.0, 0.3122772674422478, 0.07904866580944224], [0.3122772674422478, 1.0, 0.09835773437738735], [0.07904866580944224, 0.09835773437738735, 1.0]], "mean_cross_task_stability": 0.16322788920969247, "score": "ami"}, "1": {"layer": 1, "S_matrix": [[1.0, 0.19143616264194005, 0.06398636320709113], [0.19143616264194005, 1.0, 0.08036917282431823], [0.06398636320709113, 0.08036917282431823, 1.0]], "mean_cross_task_stability": 0.1119305662244498, "score": "ami"}, "2": {"layer": 2, "S_matrix": [[1.0, 0.12890422703042637, 0.05227418404639533], [0.12890422703042637, 1.0, 0.130056224352256], [0.05227418404639533, 0.130056224352256, 1.0]], "mean_cross_task_stability": 0.10374487847635923, "score": "ami"}}}, "6": {"acc_matrix": [[99.58333333333333, 0.0, 0.0], [0.0, 99.58333333333333, 0.0], [0.0, 0.0, 100.0]], "learning_acc": [99.58333333333333, 99.58333333333333, 100.0], "avg_forgetting": 99.58333333333333, "phase_stability": {"0": {"layer": 0, "S_matrix": [[1.0, 0.20276608591808967, 0.16302829961144696], [0.20276608591808967, 1.0, 0.2904933077713937], [0.16302829961144696, 0.2904933077713937, 1.0]], "mean_cross_task_stability": 0.21876256443364342, "score": "ami"}, "1": {"layer": 1, "S_matrix": [[1.0, 0.2638522025535355, 0.1932166908663327], [0.2638522025535355, 1.0, 0.27852766996695905], [0.1932166908663327, 0.27852766996695905, 1.0]], "mean_cross_task_stability": 0.24519885446227574, "score": "ami"}, "2": {"layer": 2, "S_matrix": [[1.0, 0.14090790461426805, 0.09005691468795363], [0.14090790461426805, 1.0, 0.26360253545019735], [0.09005691468795363, 0.26360253545019735, 1.0]], "mean_cross_task_stability": 0.16485578491747302, "score": "ami"}}}, "7": {"acc_matrix": [[99.16666666666667, 0.0, 0.0], [0.0, 99.58333333333333, 0.0], [0.0, 0.0, 99.16666666666667]], "learning_acc": [99.16666666666667, 99.58333333333333, 99.16666666666667], "avg_forgetting": 99.375, "phase_stability": {"0": {"layer": 0, "S_matrix": [[1.0, 0.1714807525500255, 0.17773389895183542], [0.1714807525500255, 1.0, 0.3477826361054481], [0.17773389895183542, 0.3477826361054481, 1.0]], "mean_cross_task_stability": 0.23233242920243632, "score": "ami"}, "1": {"layer": 1, "S_matrix": [[1.0, 0.26189011430299314, 0.23218145815946073], [0.26189011430299314, 1.0, 0.39846557898917684], [0.23218145815946073, 0.39846557898917684, 1.0]], "mean_cross_task_stability": 0.29751238381721024, "score": "ami"}, "2": {"layer": 2, "S_matrix": [[1.0, 0.23757965822777985, 0.1712472157484518], [0.23757965822777985, 1.0, 0.22365254054750874], [0.1712472157484518, 0.22365254054750874, 1.0]], "mean_cross_task_stability": 0.21082647150791345, "score": "ami"}}}, "8": {"acc_matrix": [[97.08333333333333, 0.0, 0.0], [0.0, 99.58333333333333, 0.0], [0.0, 0.0, 97.91666666666667]], "learning_acc": [97.08333333333333, 99.58333333333333, 97.91666666666667], "avg_forgetting": 98.33333333333333, "phase_stability": {"0": {"layer": 0, "S_matrix": [[1.0, 0.24475996108006662, 0.15514143572911354], [0.24475996108006662, 1.0, 0.21942559396767655], [0.15514143572911354, 0.21942559396767655, 1.0]], "mean_cross_task_stability": 0.20644233025895223, "score": "ami"}, "1": {"layer": 1, "S_matrix": [[1.0, 0.19964188677026518, 0.08696111226684328], [0.19964188677026518, 1.0, 0.08111412340027425], [0.08696111226684328, 0.08111412340027425, 1.0]], "mean_cross_task_stability": 0.12257237414579424, "score": "ami"}, "2": {"layer": 2, "S_matrix": [[1.0, 0.20150314551650167, 0.03968907695802101], [0.20150314551650167, 1.0, 0.033674438380337283], [0.03968907695802101, 0.033674438380337283, 1.0]], "mean_cross_task_stability": 0.09162222028495332, "score": "ami"}}}, "9": {"acc_matrix": [[97.91666666666667, 0.0, 0.0], [0.0, 99.58333333333333, 0.0], [0.0, 0.0, 99.16666666666667]], "learning_acc": [97.91666666666667, 99.58333333333333, 99.16666666666667], "avg_forgetting": 98.75, "phase_stability": {"0": {"layer": 0, "S_matrix": [[1.0, 0.20462878217147892, 0.15766627250637674], [0.20462878217147892, 1.0, 0.29508118715029596], [0.15766627250637674, 0.29508118715029596, 1.0]], "mean_cross_task_stability": 0.21912541394271723, "score": "ami"}, "1": {"layer": 1, "S_matrix": [[1.0, 0.1006397005278069, 0.0929893775688952], [0.1006397005278069, 1.0, 0.21757171963965757], [0.0929893775688952, 0.21757171963965757, 1.0]], "mean_cross_task_stability": 0.13706693257878655, "score": "ami"}, "2": {"layer": 2, "S_matrix": [[1.0, 0.15727239382566163, 0.11276381227547701], [0.15727239382566163, 1.0, 0.19629288812298118], [0.11276381227547701, 0.19629288812298118, 1.0]], "mean_cross_task_stability": 0.15544303140803994, "score": "ami"}}}, "10": {"acc_matrix": [[99.58333333333333, 0.0, 0.0], [0.0, 99.16666666666667, 0.0], [0.0, 0.0, 98.75]], "learning_acc": [99.58333333333333, 99.16666666666667, 98.75], "avg_forgetting": 99.375, "phase_stability": {"0": {"layer": 0, "S_matrix": [[1.0, 0.3021666963881544, 0.09246196015338518], [0.3021666963881544, 1.0, 0.0927244747679715], [0.09246196015338518, 0.0927244747679715, 1.0]], "mean_cross_task_stability": 0.16245104376983702, "score": "ami"}, "1": {"layer": 1, "S_matrix": [[1.0, 0.358269963844168, 0.14491033110115964], [0.358269963844168, 1.0, 0.13929589202808798], [0.14491033110115964, 0.13929589202808798, 1.0]], "mean_cross_task_stability": 0.21415872899113855, "score": "ami"}, "2": {"layer": 2, "S_matrix": [[1.0, 0.20100228726809108, 0.10676701239874674], [0.20100228726809108, 1.0, 0.16251098734094258], [0.10676701239874674, 0.16251098734094258, 1.0]], "mean_cross_task_stability": 0.1567600956692601, "score": "ami"}}}, "11": {"acc_matrix": [[97.08333333333333, 0.0, 0.0], [0.0, 98.75, 0.0], [0.0, 0.0, 99.58333333333333]], "learning_acc": [97.08333333333333, 98.75, 99.58333333333333], "avg_forgetting": 97.91666666666666, "phase_stability": {"0": {"layer": 0, "S_matrix": [[1.0, 0.16223209724289173, 0.15047819339198232], [0.16223209724289173, 1.0, 0.4035294538448164], [0.15047819339198232, 0.4035294538448164, 1.0]], "mean_cross_task_stability": 0.23874658149323014, "score": "ami"}, "1": {"layer": 1, "S_matrix": [[1.0, 0.26591916380794717, 0.24139738081310197], [0.26591916380794717, 1.0, 0.5153685859406097], [0.24139738081310197, 0.5153685859406097, 1.0]], "mean_cross_task_stability": 0.34089504352055294, "score": "ami"}, "2": {"layer": 2, "S_matrix": [[1.0, 0.21462412229153577, 0.18669956411889507], [0.21462412229153577, 1.0, 0.3497494277884246], [0.18669956411889507, 0.3497494277884246, 1.0]], "mean_cross_task_stability": 0.25035770473295177, "score": "ami"}}}, "12": {"acc_matrix": [[99.58333333333333, 0.0, 0.0], [0.0, 99.16666666666667, 0.0], [0.0, 0.0, 100.0]], "learning_acc": [99.58333333333333, 99.16666666666667, 100.0], "avg_forgetting": 99.375, "phase_stability": {"0": {"layer": 0, "S_matrix": [[1.0, 0.20411325151651644, 0.19337258954272638], [0.20411325151651644, 1.0, 0.21303684014945654], [0.19337258954272638, 0.21303684014945654, 1.0]], "mean_cross_task_stability": 0.20350756040289977, "score": "ami"}, "1": {"layer": 1, "S_matrix": [[1.0, 0.20841096510812807, 0.26701260648779], [0.20841096510812807, 1.0, 0.36236184724913456], [0.26701260648779, 0.36236184724913456, 1.0]], "mean_cross_task_stability": 0.27926180628168423, "score": "ami"}, "2": {"layer": 2, "S_matrix": [[1.0, 0.24243319600307292, 0.21413836392326854], [0.24243319600307292, 1.0, 0.2771557015995664], [0.21413836392326854, 0.2771557015995664, 1.0]], "mean_cross_task_stability": 0.24457575384196928, "score": "ami"}}}, "13": {"acc_matrix": [[99.16666666666667, 0.0, 0.0], [0.0, 98.33333333333333, 0.0], [0.0, 0.0, 99.58333333333333]], "learning_acc": [99.16666666666667, 98.33333333333333, 99.58333333333333], "avg_forgetting": 98.75, "phase_stability": {"0": {"layer": 0, "S_matrix": [[1.0, 0.33121038425668964, 0.2071746063751443], [0.33121038425668964, 1.0, 0.2235383772908833], [0.2071746063751443, 0.2235383772908833, 1.0]], "mean_cross_task_stability": 0.25397445597423907, "score": "ami"}, "1": {"layer": 1, "S_matrix": [[1.0, 0.25352296316872047, 0.14050757040980816], [0.25352296316872047, 1.0, 0.16666259525588975], [0.14050757040980816, 0.16666259525588975, 1.0]], "mean_cross_task_stability": 0.18689770961147278, "score": "ami"}, "2": {"layer": 2, "S_matrix": [[1.0, 0.1645915328956852, 0.04693696982549319], [0.1645915328956852, 1.0, 0.13236070502615638], [0.04693696982549319, 0.13236070502615638, 1.0]], "mean_cross_task_stability": 0.11462973591577826, "score": "ami"}}}, "14": {"acc_matrix": [[98.75, 0.0, 0.0], [0.0, 98.75, 0.0], [0.0, 0.0, 99.16666666666667]], "learning_acc": [98.75, 98.75, 99.16666666666667], "avg_forgetting": 98.75, "phase_stability": {"0": {"layer": 0, "S_matrix": [[1.0, 0.1824643225685006, 0.09837735498290368], [0.1824643225685006, 1.0, 0.19322417593768365], [0.09837735498290368, 0.19322417593768365, 1.0]], "mean_cross_task_stability": 0.1580219511630293, "score": "ami"}, "1": {"layer": 1, "S_matrix": [[1.0, 0.12097875462257046, 0.1512814123623665], [0.12097875462257046, 1.0, 0.1904373232228943], [0.1512814123623665, 0.1904373232228943, 1.0]], "mean_cross_task_stability": 0.15423249673594375, "score": "ami"}, "2": {"layer": 2, "S_matrix": [[1.0, 0.12285549049716343, 0.11367431013458866], [0.12285549049716343, 1.0, 0.32391546235622853], [0.11367431013458866, 0.32391546235622853, 1.0]], "mean_cross_task_stability": 0.1868150876626602, "score": "ami"}}}, "15": {"acc_matrix": [[100.0, 0.0, 0.0], [0.0, 99.16666666666667, 0.0], [0.0, 0.0, 99.58333333333333]], "learning_acc": [100.0, 99.16666666666667, 99.58333333333333], "avg_forgetting": 99.58333333333334, "phase_stability": {"0": {"layer": 0, "S_matrix": [[1.0, 0.18575538739537456, 0.14107990238353155], [0.18575538739537456, 1.0, 0.3492638584325775], [0.14107990238353155, 0.3492638584325775, 1.0]], "mean_cross_task_stability": 0.22536638273716117, "score": "ami"}, "1": {"layer": 1, "S_matrix": [[1.0, 0.2047549619462407, 0.08274891106365526], [0.2047549619462407, 1.0, 0.13957454541518885], [0.08274891106365526, 0.13957454541518885, 1.0]], "mean_cross_task_stability": 0.14235947280836161, "score": "ami"}, "2": {"layer": 2, "S_matrix": [[1.0, 0.20968108213253736, 0.18695912429016498], [0.20968108213253736, 1.0, 0.19408010771808765], [0.18695912429016498, 0.19408010771808765, 1.0]], "mean_cross_task_stability": 0.19690677138026333, "score": "ami"}}}, "16": {"acc_matrix": [[99.58333333333333, 0.0, 0.0], [0.0, 99.16666666666667, 0.0], [0.0, 0.0, 98.33333333333333]], "learning_acc": [99.58333333333333, 99.16666666666667, 98.33333333333333], "avg_forgetting": 99.375, "phase_stability": {"0": {"layer": 0, "S_matrix": [[1.0, 0.20211059820090072, 0.14400932100050284], [0.20211059820090072, 1.0, 0.21057385190584013], [0.14400932100050284, 0.21057385190584013, 1.0]], "mean_cross_task_stability": 0.18556459036908124, "score": "ami"}, "1": {"layer": 1, "S_matrix": [[1.0, 0.21348475544693205, 0.16184136430968535], [0.21348475544693205, 1.0, 0.20817131091732313], [0.16184136430968535, 0.20817131091732313, 1.0]], "mean_cross_task_stability": 0.19449914355798018, "score": "ami"}, "2": {"layer": 2, "S_matrix": [[1.0, 0.10510014917573333, 0.06907450986892662], [0.10510014917573333, 1.0, 0.19222708477118847], [0.06907450986892662, 0.19222708477118847, 1.0]], "mean_cross_task_stability": 0.12213391460528282, "score": "ami"}}}, "17": {"acc_matrix": [[99.16666666666667, 0.0, 0.0], [0.0, 99.58333333333333, 0.0], [0.0, 0.0, 99.16666666666667]], "learning_acc": [99.16666666666667, 99.58333333333333, 99.16666666666667], "avg_forgetting": 99.375, "phase_stability": {"0": {"layer": 0, "S_matrix": [[1.0, 0.26946187533629345, 0.17619334202942732], [0.26946187533629345, 1.0, 0.20071968381260058], [0.17619334202942732, 0.20071968381260058, 1.0]], "mean_cross_task_stability": 0.21545830039277378, "score": "ami"}, "1": {"layer": 1, "S_matrix": [[1.0, 0.23928246903870898, 0.18430749190767187], [0.23928246903870898, 1.0, 0.1657924044609739], [0.18430749190767187, 0.1657924044609739, 1.0]], "mean_cross_task_stability": 0.19646078846911827, "score": "ami"}, "2": {"layer": 2, "S_matrix": [[1.0, 0.202524778891871, 0.11151974363956567], [0.202524778891871, 1.0, 0.17789869369454334], [0.11151974363956567, 0.17789869369454334, 1.0]], "mean_cross_task_stability": 0.16398107207532667, "score": "ami"}}}, "18": {"acc_matrix": [[97.91666666666667, 0.0, 0.0], [0.0, 99.58333333333333, 0.0], [0.0, 0.0, 99.58333333333333]], "learning_acc": [97.91666666666667, 99.58333333333333, 99.58333333333333], "avg_forgetting": 98.75, "phase_stability": {"0": {"layer": 0, "S_matrix": [[1.0, 0.29918328859203647, 0.124379866598433], [0.29918328859203647, 1.0, 0.15794148892025076], [0.124379866598433, 0.15794148892025076, 1.0]], "mean_cross_task_stability": 0.19383488137024008, "score": "ami"}, "1": {"layer": 1, "S_matrix": [[1.0, 0.30013029775022293, 0.21735203919501753], [0.30013029775022293, 1.0, 0.22803275294505843], [0.21735203919501753, 0.22803275294505843, 1.0]], "mean_cross_task_stability": 0.24850502996343296, "score": "ami"}, "2": {"layer": 2, "S_matrix": [[1.0, 0.2475214264207084, 0.100075898140451], [0.2475214264207084, 1.0, 0.19460290624818372], [0.100075898140451, 0.19460290624818372, 1.0]], "mean_cross_task_stability": 0.18073341026978104, "score": "ami"}}}, "19": {"acc_matrix": [[99.58333333333333, 0.0, 0.0], [0.0, 99.58333333333333, 0.0], [0.0, 0.0, 99.16666666666667]], "learning_acc": [99.58333333333333, 99.58333333333333, 99.16666666666667], "avg_forgetting": 99.58333333333333, "phase_stability": {"0": {"layer": 0, "S_matrix": [[1.0, 0.2887434858142446, 0.09355853266050432], [0.2887434858142446, 1.0, 0.13175037638441242], [0.09355853266050432, 0.13175037638441242, 1.0]], "mean_cross_task_stability": 0.1713507982863871, "score": "ami"}, "1": {"layer": 1, "S_matrix": [[1.0, 0.13698679189956764, 0.05200741259177017], [0.13698679189956764, 1.0, 0.1319848498131935], [0.05200741259177017, 0.1319848498131935, 1.0]], "mean_cross_task_stability": 0.10699301810151045, "score": "ami"}, "2": {"layer": 2, "S_matrix": [[1.0, 0.1275270327842658, 0.09157590366210543], [0.1275270327842658, 1.0, 0.1761842624694338], [0.09157590366210543, 0.1761842624694338, 1.0]], "mean_cross_task_stability": 0.13176239963860167, "score": "ami"}}}}, "R5:no_proj": {"0": {"acc_matrix": [[99.16666666666667, 0.0, 0.0], [0.0, 98.33333333333333, 0.0], [0.0, 0.0, 99.16666666666667]], "learning_acc": [99.16666666666667, 98.33333333333333, 99.16666666666667], "avg_forgetting": 98.75}, "1": {"acc_matrix": [[99.58333333333333, 0.0, 0.0], [0.0, 99.16666666666667, 0.0], [0.0, 0.0, 99.16666666666667]], "learning_acc": [99.58333333333333, 99.16666666666667, 99.16666666666667], "avg_forgetting": 99.375}, "2": {"acc_matrix": [[98.33333333333333, 0.0, 0.0], [0.0, 99.16666666666667, 0.0], [0.0, 0.0, 99.16666666666667]], "learning_acc": [98.33333333333333, 99.16666666666667, 99.16666666666667], "avg_forgetting": 98.75}, "3": {"acc_matrix": [[99.58333333333333, 0.0, 0.0], [0.0, 100.0, 0.0], [0.0, 0.0, 100.0]], "learning_acc": [99.58333333333333, 100.0, 100.0], "avg_forgetting": 99.79166666666666}, "4": {"acc_matrix": [[100.0, 0.0, 0.0], [0.0, 100.0, 0.0], [0.0, 0.0, 99.58333333333333]], "learning_acc": [100.0, 100.0, 99.58333333333333], "avg_forgetting": 100.0}, "5": {"acc_matrix": [[98.75, 0.0, 0.0], [0.0, 97.91666666666667, 0.0], [0.0, 0.0, 99.58333333333333]], "learning_acc": [98.75, 97.91666666666667, 99.58333333333333], "avg_forgetting": 98.33333333333334}, "6": {"acc_matrix": [[99.16666666666667, 0.0, 0.0], [0.0, 99.16666666666667, 0.0], [0.0, 0.0, 100.0]], "learning_acc": [99.16666666666667, 99.16666666666667, 100.0], "avg_forgetting": 99.16666666666667}, "7": {"acc_matrix": [[99.16666666666667, 0.0, 0.0], [0.0, 100.0, 0.0], [0.0, 0.0, 99.16666666666667]], "learning_acc": [99.16666666666667, 100.0, 99.16666666666667], "avg_forgetting": 99.58333333333334}, "8": {"acc_matrix": [[97.91666666666667, 0.0, 0.0], [0.0, 99.16666666666667, 0.0], [0.0, 0.0, 98.33333333333333]], "learning_acc": [97.91666666666667, 99.16666666666667, 98.33333333333333], "avg_forgetting": 98.54166666666667}, "9": {"acc_matrix": [[98.75, 0.0, 0.0], [0.0, 97.91666666666667, 0.0], [0.0, 0.0, 98.75]], "learning_acc": [98.75, 97.91666666666667, 98.75], "avg_forgetting": 98.33333333333334}, "10": {"acc_matrix": [[99.16666666666667, 0.0, 0.0], [0.0, 99.16666666666667, 0.0], [0.0, 0.0, 98.75]], "learning_acc": [99.16666666666667, 99.16666666666667, 98.75], "avg_forgetting": 99.16666666666667}, "11": {"acc_matrix": [[91.66666666666667, 0.0, 0.0], [0.0, 99.16666666666667, 0.0], [0.0, 0.0, 99.16666666666667]], "learning_acc": [91.66666666666667, 99.16666666666667, 99.16666666666667], "avg_forgetting": 95.41666666666667}, "12": {"acc_matrix": [[99.16666666666667, 0.0, 0.0], [0.0, 98.75, 0.0], [0.0, 0.0, 100.0]], "learning_acc": [99.16666666666667, 98.75, 100.0], "avg_forgetting": 98.95833333333334}, "13": {"acc_matrix": [[98.75, 0.0, 0.0], [0.0, 99.16666666666667, 0.0], [0.0, 0.0, 99.16666666666667]], "learning_acc": [98.75, 99.16666666666667, 99.16666666666667], "avg_forgetting": 98.95833333333334}, "14": {"acc_matrix": [[99.16666666666667, 0.0, 0.0], [0.0, 99.58333333333333, 0.0], [0.0, 0.0, 99.16666666666667]], "learning_acc": [99.16666666666667, 99.58333333333333, 99.16666666666667], "avg_forgetting": 99.375}, "15": {"acc_matrix": [[100.0, 0.0, 0.0], [0.0, 99.16666666666667, 0.0], [0.0, 0.0, 99.58333333333333]], "learning_acc": [100.0, 99.16666666666667, 99.58333333333333], "avg_forgetting": 99.58333333333334}, "16": {"acc_matrix": [[99.16666666666667, 0.0, 0.0], [0.0, 98.33333333333333, 0.0], [0.0, 0.0, 99.58333333333333]], "learning_acc": [99.16666666666667, 98.33333333333333, 99.58333333333333], "avg_forgetting": 98.75}, "17": {"acc_matrix": [[99.16666666666667, 0.0, 0.0], [0.0, 99.16666666666667, 0.0], [0.0, 0.0, 98.33333333333333]], "learning_acc": [99.16666666666667, 99.16666666666667, 98.33333333333333], "avg_forgetting": 99.16666666666667}, "18": {"acc_matrix": [[98.33333333333333, 0.0, 0.0], [0.0, 99.58333333333333, 0.0], [0.0, 0.0, 99.58333333333333]], "learning_acc": [98.33333333333333, 99.58333333333333, 99.58333333333333], "avg_forgetting": 98.95833333333333}, "19": {"acc_matrix": [[98.33333333333333, 0.0, 0.0], [0.0, 99.16666666666667, 0.0], [0.0, 0.0, 90.0]], "learning_acc": [98.33333333333333, 99.16666666666667, 90.0], "avg_forgetting": 98.75}}}}