{"rung": "R5:depthwise", "scenario": "class", "nexp": 10, "epochs": 50, "seed": 4, "metrics": {"Top1_Acc_Exp/eval_phase/test_stream/Task000/Exp000": 0.0, "Top1_Acc_Exp/eval_phase/test_stream/Task000/Exp001": 0.0, "Top1_Acc_Exp/eval_phase/test_stream/Task000/Exp002": 0.0, "Top1_Acc_Exp/eval_phase/test_stream/Task000/Exp003": 0.0, "Top1_Acc_Exp/eval_phase/test_stream/Task000/Exp004": 0.0, "Top1_Acc_Exp/eval_phase/test_stream/Task000/Exp005": 0.0, "Top1_Acc_Exp/eval_phase/test_stream/Task000/Exp006": 0.0, "Top1_Acc_Exp/eval_phase/test_stream/Task000/Exp007": 0.0, "Top1_Acc_Exp/eval_phase/test_stream/Task000/Exp008": 0.0, "Top1_Acc_Exp/eval_phase/test_stream/Task000/Exp009": 0.832, "Top1_Acc_Stream/eval_phase/test_stream/Task000": 0.0832, "StreamForgetting/eval_phase/test_stream": 0.7598888888888888, "StreamBWT/eval_phase/test_stream": -0.7598888888888888, "ExperienceForgetting/eval_phase/test_stream/Task000/Exp000": 0.693, "ExperienceBWT/eval_phase/test_stream/Task000/Exp000": -0.693, "ExperienceForgetting/eval_phase/test_stream/Task000/Exp001": 0.76, "ExperienceBWT/eval_phase/test_stream/Task000/Exp001": -0.76, "ExperienceForgetting/eval_phase/test_stream/Task000/Exp002": 0.719, "ExperienceBWT/eval_phase/test_stream/Task000/Exp002": -0.719, "ExperienceForgetting/eval_phase/test_stream/Task000/Exp003": 0.77, "ExperienceBWT/eval_phase/test_stream/Task000/Exp003": -0.77, "ExperienceForgetting/eval_phase/test_stream/Task000/Exp004": 0.833, "ExperienceBWT/eval_phase/test_stream/Task000/Exp004": -0.833, "ExperienceForgetting/eval_phase/test_stream/Task000/Exp005": 0.834, "ExperienceBWT/eval_phase/test_stream/Task000/Exp005": -0.834, "ExperienceForgetting/eval_phase/test_stream/Task000/Exp006": 0.66, "ExperienceBWT/eval_phase/test_stream/Task000/Exp006": -0.66, "ExperienceForgetting/eval_phase/test_stream/Task000/Exp007": 0.767, "ExperienceBWT/eval_phase/test_stream/Task000/Exp007": -0.767, "ExperienceForgetting/eval_phase/test_stream/Task000/Exp008": 0.803, "ExperienceBWT/eval_phase/test_stream/Task000/Exp008": -0.803}, "learning_acc": [0.693, 0.76, 0.719, 0.77, 0.833, 0.834, 0.66, 0.767, 0.803, 0.832], "acc_matrix": [[0.693, 0.0, 0.0, 0.0, 0.0, 0.0, 0.0, 0.0, 0.0, 0.0], [0.0, 0.76, 0.0, 0.0, 0.0, 0.0, 0.0, 0.0, 0.0, 0.0], [0.0, 0.0, 0.719, 0.0, 0.0, 0.0, 0.0, 0.0, 0.0, 0.0], [0.0, 0.0, 0.0, 0.77, 0.0, 0.0, 0.0, 0.0, 0.0, 0.0], [0.0, 0.0, 0.0, 0.0, 0.833, 0.0, 0.0, 0.0, 0.0, 0.0], [0.0, 0.0, 0.0, 0.0, 0.0, 0.834, 0.0, 0.0, 0.0, 0.0], [0.0, 0.0, 0.0, 0.0, 0.0, 0.0, 0.66, 0.0, 0.0, 0.0], [0.0, 0.0, 0.0, 0.0, 0.0, 0.0, 0.0, 0.767, 0.0, 0.0], [0.0, 0.0, 0.0, 0.0, 0.0, 0.0, 0.0, 0.0, 0.803, 0.0], [0.0, 0.0, 0.0, 0.0, 0.0, 0.0, 0.0, 0.0, 0.0, 0.832]], "avg_forgetting": 75.98888888888888, "bwt": -75.98888888888888, "selfcheck_ok": true, "h3": {"overlap_summary": {"matrices": {"0": [[1.0, 0.8874448111842852, 0.8062756314756845, 0.7858243469890448, 0.7335070539455576, 0.6966105869319473, 0.6390779622167343, 0.6904886815461655, 0.7029858989713657, 0.7417238174347467], [0.8874448111842852, 1.0, 0.9071194342396152, 0.8735052728363841, 0.8307481634407702, 0.7995962020327038, 0.7565114907321902, 0.7954705833540493, 0.8085858101153988, 0.8129361326666795], [0.8062756314756845, 0.9071194342396152, 1.0, 0.9091792647114825, 0.8858323392921384, 0.8568776459623555, 0.8304332668666887, 0.847934512220359, 0.838117293514567, 0.8527981688670742], [0.7858243469890448, 0.8735052728363841, 0.9091792647114825, 1.0, 0.94525594487665, 0.9049393071815943, 0.8660679744023994, 0.9043027572984115, 0.8924855098854372, 0.9017517688158907], [0.7335070539455576, 0.8307481634407702, 0.8858323392921384, 0.94525594487665, 1.0, 0.9498301823103958, 0.9253228582055412, 0.9325875551615123, 0.9262812700750455, 0.9181029971263649], [0.6966105869319473, 0.7995962020327038, 0.8568776459623555, 0.9049393071815943, 0.9498301823103958, 1.0, 0.9526383430273613, 0.9411559639682335, 0.9221066174374399, 0.9178935304628655], [0.6390779622167343, 0.7565114907321902, 0.8304332668666887, 0.8660679744023994, 0.9253228582055412, 0.9526383430273613, 1.0, 0.9489954056712793, 0.9218398501749955, 0.9121091331430156], [0.6904886815461655, 0.7954705833540493, 0.847934512220359, 0.9043027572984115, 0.9325875551615123, 0.9411559639682335, 0.9489954056712793, 1.0, 0.9576629471442719, 0.9317093480349571], [0.7029858989713657, 0.8085858101153988, 0.838117293514567, 0.8924855098854372, 0.9262812700750455, 0.9221066174374399, 0.9218398501749955, 0.9576629471442719, 1.0, 0.9360581604698156], [0.7417238174347467, 0.8129361326666795, 0.8527981688670742, 0.9017517688158907, 0.9181029971263649, 0.9178935304628655, 0.9121091331430156, 0.9317093480349571, 0.9360581604698156, 1.0]], "1": [[1.0, 0.6499410391885473, 0.5280695503511116, 0.5404618255505217, 0.5364389128210357, 0.5261791685030061, 0.46378796832870844, 0.48556803760257944, 0.4673964910899687, 0.4553360652895483], [0.6499410391885473, 1.0, 0.6365048165966524, 0.5786054322002329, 0.544657088535857, 0.5172521269769353, 0.49793193415202724, 0.5309229549845735, 0.5211997590554982, 0.4813826462843454], [0.5280695503511116, 0.6365048165966524, 1.0, 0.6540975634804752, 0.5821326493488361, 0.5655539783791241, 0.5345143914491757, 0.5803307655266301, 0.5314933818101515, 0.4916702512340281], [0.5404618255505217, 0.5786054322002329, 0.6540975634804752, 1.0, 0.67514344727206, 0.6245939284526326, 0.5969732506040634, 0.5870435650040317, 0.5715998465271137, 0.5299873235158652], [0.5364389128210357, 0.544657088535857, 0.5821326493488361, 0.67514344727206, 1.0, 0.7126738166984864, 0.617997884223872, 0.598503423916323, 0.5824353514796826, 0.5480694647403525], [0.5261791685030061, 0.5172521269769353, 0.5655539783791241, 0.6245939284526326, 0.7126738166984864, 1.0, 0.678153827917977, 0.6108427814140008, 0.6034562608907118, 0.5675066024460966], [0.46378796832870844, 0.49793193415202724, 0.5345143914491757, 0.5969732506040634, 0.617997884223872, 0.678153827917977, 1.0, 0.6985201429162233, 0.6081636486926855, 0.5538412949126614], [0.48556803760257944, 0.5309229549845735, 0.5803307655266301, 0.5870435650040317, 0.598503423916323, 0.6108427814140008, 0.6985201429162233, 1.0, 0.6518944863405152, 0.5796753090710881], [0.4673964910899687, 0.5211997590554982, 0.5314933818101515, 0.5715998465271137, 0.5824353514796826, 0.6034562608907118, 0.6081636486926855, 0.6518944863405152, 1.0, 0.6253844530690624], [0.4553360652895483, 0.4813826462843454, 0.4916702512340281, 0.5299873235158652, 0.5480694647403525, 0.5675066024460966, 0.5538412949126614, 0.5796753090710881, 0.6253844530690624, 1.0]], "2": [[1.0, 0.23467912450439438, 0.2581845460306728, 0.22905648121961192, 0.32002455686469694, 0.23356055062701944, 0.18122761318527847, 0.22589068784565347, 0.21210304102762728, 0.2035771044746151], [0.23467912450439438, 1.0, 0.25879469838903696, 0.284288883075414, 0.2702094087152329, 0.15362551450677836, 0.16833567920192277, 0.24013941104621375, 0.20999217908679224, 0.17872354191420814], [0.2581845460306728, 0.25879469838903696, 1.0, 0.3133564585365341, 0.2960036942712525, 0.2508860903950691, 0.21040767487960518, 0.31071078693401155, 0.1935406421812354, 0.29293074457295787], [0.22905648121961192, 0.284288883075414, 0.3133564585365341, 1.0, 0.38332433007909394, 0.21051296746011464, 0.23170227392509518, 0.305291052229783, 0.28652757015900027, 0.2200425643963568], [0.32002455686469694, 0.2702094087152329, 0.2960036942712525, 0.38332433007909394, 1.0, 0.2584307196974347, 0.2767972075546971, 0.2619160015859558, 0.2847120259422556, 0.20139795588247209], [0.23356055062701944, 0.15362551450677836, 0.2508860903950691, 0.21051296746011464, 0.2584307196974347, 1.0, 0.19612743653692397, 0.23373354204941854, 0.19058097580549782, 0.2560954005657477], [0.18122761318527847, 0.16833567920192277, 0.21040767487960518, 0.23170227392509518, 0.2767972075546971, 0.19612743653692397, 1.0, 0.29437480633844776, 0.20457187298659932, 0.20342822814961978], [0.22589068784565347, 0.24013941104621375, 0.31071078693401155, 0.305291052229783, 0.2619160015859558, 0.23373354204941854, 0.29437480633844776, 1.0, 0.2636795131213517, 0.2826704364462127], [0.21210304102762728, 0.20999217908679224, 0.1935406421812354, 0.28652757015900027, 0.2847120259422556, 0.19058097580549782, 0.20457187298659932, 0.2636795131213517, 1.0, 0.2549412411167116], [0.2035771044746151, 0.17872354191420814, 0.29293074457295787, 0.2200425643963568, 0.20139795588247209, 0.2560954005657477, 0.20342822814961978, 0.2826704364462127, 0.2549412411167116, 1.0]]}, "per_layer_inter": {"0": 0.8599707065871436, "1": 0.5716419757521128, "2": 0.2451357163447694}, "O_inter": 0.5589161328946753, "O_intra": 1.0, "Obar": 0.5589161328946753, "inner": -0.44108386710532466}, "phase_stability": "N/A - no oscillator state"}}