{"rung": "R5:depthwise", "scenario": "class", "nexp": 10, "epochs": 50, "seed": 0, "metrics": {"Top1_Acc_Exp/eval_phase/test_stream/Task000/Exp000": 0.0, "Top1_Acc_Exp/eval_phase/test_stream/Task000/Exp001": 0.0, "Top1_Acc_Exp/eval_phase/test_stream/Task000/Exp002": 0.0, "Top1_Acc_Exp/eval_phase/test_stream/Task000/Exp003": 0.0, "Top1_Acc_Exp/eval_phase/test_stream/Task000/Exp004": 0.0, "Top1_Acc_Exp/eval_phase/test_stream/Task000/Exp005": 0.0, "Top1_Acc_Exp/eval_phase/test_stream/Task000/Exp006": 0.0, "Top1_Acc_Exp/eval_phase/test_stream/Task000/Exp007": 0.0, "Top1_Acc_Exp/eval_phase/test_stream/Task000/Exp008": 0.0, "Top1_Acc_Exp/eval_phase/test_stream/Task000/Exp009": 0.816, "Top1_Acc_Stream/eval_phase/test_stream/Task000": 0.0816, "StreamForgetting/eval_phase/test_stream": 0.7791111111111112, "StreamBWT/eval_phase/test_stream": -0.7791111111111112, "ExperienceForgetting/eval_phase/test_stream/Task000/Exp000": 0.735, "ExperienceBWT/eval_phase/test_stream/Task000/Exp000": -0.735, "ExperienceForgetting/eval_phase/test_stream/Task000/Exp001": 0.762, "ExperienceBWT/eval_phase/test_stream/Task000/Exp001": -0.762, "ExperienceForgetting/eval_phase/test_stream/Task000/Exp002": 0.765, "ExperienceBWT/eval_phase/test_stream/Task000/Exp002": -0.765, "ExperienceForgetting/eval_phase/test_stream/Task000/Exp003": 0.739, "ExperienceBWT/eval_phase/test_stream/Task000/Exp003": -0.739, "ExperienceForgetting/eval_phase/test_stream/Task000/Exp004": 0.834, "ExperienceBWT/eval_phase/test_stream/Task000/Exp004": -0.834, "ExperienceForgetting/eval_phase/test_stream/Task000/Exp005": 0.772, "ExperienceBWT/eval_phase/test_stream/Task000/Exp005": -0.772, "ExperienceForgetting/eval_phase/test_stream/Task000/Exp006": 0.78, "ExperienceBWT/eval_phase/test_stream/Task000/Exp006": -0.78, "ExperienceForgetting/eval_phase/test_stream/Task000/Exp007": 0.759, "ExperienceBWT/eval_phase/test_stream/Task000/Exp007": -0.759, "ExperienceForgetting/eval_phase/test_stream/Task000/Exp008": 0.866, "ExperienceBWT/eval_phase/test_stream/Task000/Exp008": -0.866}, "learning_acc": [0.735, 0.762, 0.765, 0.739, 0.834, 0.772, 0.78, 0.759, 0.866, 0.816], "acc_matrix": [[0.735, 0.0, 0.0, 0.0, 0.0, 0.0, 0.0, 0.0, 0.0, 0.0], [0.0, 0.762, 0.0, 0.0, 0.0, 0.0, 0.0, 0.0, 0.0, 0.0], [0.0, 0.0, 0.765, 0.0, 0.0, 0.0, 0.0, 0.0, 0.0, 0.0], [0.0, 0.0, 0.0, 0.739, 0.0, 0.0, 0.0, 0.0, 0.0, 0.0], [0.0, 0.0, 0.0, 0.0, 0.834, 0.0, 0.0, 0.0, 0.0, 0.0], [0.0, 0.0, 0.0, 0.0, 0.0, 0.772, 0.0, 0.0, 0.0, 0.0], [0.0, 0.0, 0.0, 0.0, 0.0, 0.0, 0.78, 0.0, 0.0, 0.0], [0.0, 0.0, 0.0, 0.0, 0.0, 0.0, 0.0, 0.759, 0.0, 0.0], [0.0, 0.0, 0.0, 0.0, 0.0, 0.0, 0.0, 0.0, 0.866, 0.0], [0.0, 0.0, 0.0, 0.0, 0.0, 0.0, 0.0, 0.0, 0.0, 0.816]], "avg_forgetting": 77.91111111111111, "bwt": -77.91111111111111, "selfcheck_ok": true, "h3": {"overlap_summary": {"matrices": {"0": [[1.0, 0.8731856837717129, 0.7883109592535342, 0.7423281779833731, 0.7023571813008654, 0.6571506475274776, 0.6205226130109439, 0.627851248765041, 0.6688546134025897, 0.6601510868850782], [0.8731856837717129, 1.0, 0.9207286756057497, 0.879813778064042, 0.8390723423765951, 0.8104923517536284, 0.775539008547827, 0.7630035346050043, 0.7789547142655795, 0.7867177757150213], [0.7883109592535342, 0.9207286756057497, 1.0, 0.9315995257663118, 0.9076859398445595, 0.884324162849595, 0.8634580775852069, 0.8513206734263151, 0.8499118894555661, 0.8499301469391022], [0.7423281779833731, 0.879813778064042, 0.9315995257663118, 1.0, 0.9410475677492869, 0.9116984591314039, 0.8748158325818827, 0.8519121699338161, 0.8607955537822081, 0.8603268449640906], [0.7023571813008654, 0.8390723423765951, 0.9076859398445595, 0.9410475677492869, 1.0, 0.9376110208472269, 0.901200409788061, 0.893298170253165, 0.8900853017370141, 0.8867494861786259], [0.6571506475274776, 0.8104923517536284, 0.884324162849595, 0.9116984591314039, 0.9376110208472269, 1.0, 0.9382299728098947, 0.9194703788981189, 0.9075534331352861, 0.9026157672148609], [0.6205226130109439, 0.775539008547827, 0.8634580775852069, 0.8748158325818827, 0.901200409788061, 0.9382299728098947, 1.0, 0.9463454992316154, 0.9283248726777752, 0.9292149515648404], [0.627851248765041, 0.7630035346050043, 0.8513206734263151, 0.8519121699338161, 0.893298170253165, 0.9194703788981189, 0.9463454992316154, 1.0, 0.9435576729502531, 0.9345824745224984], [0.6688546134025897, 0.7789547142655795, 0.8499118894555661, 0.8607955537822081, 0.8900853017370141, 0.9075534331352861, 0.9283248726777752, 0.9435576729502531, 1.0, 0.9467445980651992], [0.6601510868850782, 0.7867177757150213, 0.8499301469391022, 0.8603268449640906, 0.8867494861786259, 0.9026157672148609, 0.9292149515648404, 0.9345824745224984, 0.9467445980651992, 1.0]], "1": [[1.0, 0.6584415840789768, 0.5171009431170257, 0.5105279807979717, 0.46408795509254, 0.4886897502618044, 0.4771542599595222, 0.41706655081256805, 0.39388627628996364, 0.44008591080652754], [0.6584415840789768, 1.0, 0.6448899842701521, 0.589831104891611, 0.5446897841074849, 0.5654733064148386, 0.5629534195243658, 0.49258308377341703, 0.46228748957138294, 0.49302130745738126], [0.5171009431170257, 0.6448899842701521, 1.0, 0.5988173020602314, 0.5871815230111898, 0.5741595367948135, 0.5783009990581376, 0.5315760964337266, 0.527773598748763, 0.5183039105541248], [0.5105279807979717, 0.589831104891611, 0.5988173020602314, 1.0, 0.6334933696156819, 0.5877030356178261, 0.5506901308193423, 0.5363206986423669, 0.43725675601178426, 0.4858835907850137], [0.46408795509254, 0.5446897841074849, 0.5871815230111898, 0.6334933696156819, 1.0, 0.6648456285299124, 0.616248713073619, 0.6031271218631278, 0.5137515285288816, 0.5596687164899116], [0.4886897502618044, 0.5654733064148386, 0.5741595367948135, 0.5877030356178261, 0.6648456285299124, 1.0, 0.6859292207885685, 0.5971133006303746, 0.5091550945662644, 0.5296118716092068], [0.4771542599595222, 0.5629534195243658, 0.5783009990581376, 0.5506901308193423, 0.616248713073619, 0.6859292207885685, 1.0, 0.6455764723510127, 0.548585775943113, 0.6075533092522144], [0.41706655081256805, 0.49258308377341703, 0.5315760964337266, 0.5363206986423669, 0.6031271218631278, 0.5971133006303746, 0.6455764723510127, 1.0, 0.56554561149592, 0.5546097118401553], [0.39388627628996364, 0.46228748957138294, 0.527773598748763, 0.43725675601178426, 0.5137515285288816, 0.5091550945662644, 0.548585775943113, 0.56554561149592, 1.0, 0.6324252142835205], [0.44008591080652754, 0.49302130745738126, 0.5183039105541248, 0.4858835907850137, 0.5596687164899116, 0.5296118716092068, 0.6075533092522144, 0.5546097118401553, 0.6324252142835205, 1.0]], "2": [[1.0, 0.29028711063605467, 0.20599335048066014, 0.28625693536514274, 0.18571976638088147, 0.3746403677238621, 0.24750100258083246, 0.25346367284795474, 0.21825454910369227, 0.2672627820431094], [0.29028711063605467, 1.0, 0.295721154521877, 0.24316711379854952, 0.24745124194668605, 0.25346197212941013, 0.23540196458248028, 0.2721636721837858, 0.25009012255030444, 0.2669026257045003], [0.20599335048066014, 0.295721154521877, 1.0, 0.22734288425271756, 0.2393238390186437, 0.22265649052671507, 0.2774654608350829, 0.26732449093665817, 0.22824755359783655, 0.26336005747674845], [0.28625693536514274, 0.24316711379854952, 0.22734288425271756, 1.0, 0.23780114362144106, 0.3269452792316232, 0.22259585302999518, 0.23484061121745858, 0.21300917062907826, 0.20917381851629588], [0.18571976638088147, 0.24745124194668605, 0.2393238390186437, 0.23780114362144106, 1.0, 0.28574462813397555, 0.28394423016246134, 0.3509105598258351, 0.19647423409642217, 0.27506383056567907], [0.3746403677238621, 0.25346197212941013, 0.22265649052671507, 0.3269452792316232, 0.28574462813397555, 1.0, 0.3502438722724149, 0.342708757442565, 0.18262017041470904, 0.28098787666835345], [0.24750100258083246, 0.23540196458248028, 0.2774654608350829, 0.22259585302999518, 0.28394423016246134, 0.3502438722724149, 1.0, 0.3629117237215167, 0.2357663563611087, 0.2701124529399076], [0.25346367284795474, 0.2721636721837858, 0.26732449093665817, 0.23484061121745858, 0.3509105598258351, 0.342708757442565, 0.3629117237215167, 1.0, 0.24827878789028124, 0.32184403685628293], [0.21825454910369227, 0.25009012255030444, 0.22824755359783655, 0.21300917062907826, 0.19647423409642217, 0.18262017041470904, 0.2357663563611087, 0.24827878789028124, 1.0, 0.30902850379141655], [0.2672627820431094, 0.2669026257045003, 0.26336005747674845, 0.20917381851629588, 0.27506383056567907, 0.28098787666835345, 0.2701124529399076, 0.32184403685628293, 0.30902850379141655, 1.0]]}, "per_layer_inter": {"0": 0.847543227704841, "1": 0.5489773006805854, "2": 0.26356591285806685}, "O_inter": 0.5533621470811644, "O_intra": 1.0, "Obar": 0.5533621470811644, "inner": -0.4466378529188356}, "phase_stability": "N/A - no oscillator state"}}