{"rung": "R5:depthwise", "scenario": "class", "nexp": 10, "epochs": 50, "seed": 6, "metrics": {"Top1_Acc_Exp/eval_phase/test_stream/Task000/Exp000": 0.0, "Top1_Acc_Exp/eval_phase/test_stream/Task000/Exp001": 0.0, "Top1_Acc_Exp/eval_phase/test_stream/Task000/Exp002": 0.0, "Top1_Acc_Exp/eval_phase/test_stream/Task000/Exp003": 0.0, "Top1_Acc_Exp/eval_phase/test_stream/Task000/Exp004": 0.0, "Top1_Acc_Exp/eval_phase/test_stream/Task000/Exp005": 0.0, "Top1_Acc_Exp/eval_phase/test_stream/Task000/Exp006": 0.0, "Top1_Acc_Exp/eval_phase/test_stream/Task000/Exp007": 0.0, "Top1_Acc_Exp/eval_phase/test_stream/Task000/Exp008": 0.0, "Top1_Acc_Exp/eval_phase/test_stream/Task000/Exp009": 0.815, "Top1_Acc_Stream/eval_phase/test_stream/Task000": 0.0815, "StreamForgetting/eval_phase/test_stream": 0.7564444444444444, "StreamBWT/eval_phase/test_stream": -0.7564444444444444, "ExperienceForgetting/eval_phase/test_stream/Task000/Exp000": 0.767, "ExperienceBWT/eval_phase/test_stream/Task000/Exp000": -0.767, "ExperienceForgetting/eval_phase/test_stream/Task000/Exp001": 0.757, "ExperienceBWT/eval_phase/test_stream/Task000/Exp001": -0.757, "ExperienceForgetting/eval_phase/test_stream/Task000/Exp002": 0.728, "ExperienceBWT/eval_phase/test_stream/Task000/Exp002": -0.728, "ExperienceForgetting/eval_phase/test_stream/Task000/Exp003": 0.706, "ExperienceBWT/eval_phase/test_stream/Task000/Exp003": -0.706, "ExperienceForgetting/eval_phase/test_stream/Task000/Exp004": 0.799, "ExperienceBWT/eval_phase/test_stream/Task000/Exp004": -0.799, "ExperienceForgetting/eval_phase/test_stream/Task000/Exp005": 0.821, "ExperienceBWT/eval_phase/test_stream/Task000/Exp005": -0.821, "ExperienceForgetting/eval_phase/test_stream/Task000/Exp006": 0.699, "ExperienceBWT/eval_phase/test_stream/Task000/Exp006": -0.699, "ExperienceForgetting/eval_phase/test_stream/Task000/Exp007": 0.765, "ExperienceBWT/eval_phase/test_stream/Task000/Exp007": -0.765, "ExperienceForgetting/eval_phase/test_stream/Task000/Exp008": 0.766, "ExperienceBWT/eval_phase/test_stream/Task000/Exp008": -0.766}, "learning_acc": [0.767, 0.757, 0.728, 0.706, 0.799, 0.821, 0.699, 0.765, 0.766, 0.815], "acc_matrix": [[0.767, 0.0, 0.0, 0.0, 0.0, 0.0, 0.0, 0.0, 0.0, 0.0], [0.0, 0.757, 0.0, 0.0, 0.0, 0.0, 0.0, 0.0, 0.0, 0.0], [0.0, 0.0, 0.728, 0.0, 0.0, 0.0, 0.0, 0.0, 0.0, 0.0], [0.0, 0.0, 0.0, 0.706, 0.0, 0.0, 0.0, 0.0, 0.0, 0.0], [0.0, 0.0, 0.0, 0.0, 0.799, 0.0, 0.0, 0.0, 0.0, 0.0], [0.0, 0.0, 0.0, 0.0, 0.0, 0.821, 0.0, 0.0, 0.0, 0.0], [0.0, 0.0, 0.0, 0.0, 0.0, 0.0, 0.699, 0.0, 0.0, 0.0], [0.0, 0.0, 0.0, 0.0, 0.0, 0.0, 0.0, 0.765, 0.0, 0.0], [0.0, 0.0, 0.0, 0.0, 0.0, 0.0, 0.0, 0.0, 0.766, 0.0], [0.0, 0.0, 0.0, 0.0, 0.0, 0.0, 0.0, 0.0, 0.0, 0.815]], "avg_forgetting": 75.64444444444445, "bwt": -75.64444444444445, "selfcheck_ok": true, "h3": {"overlap_summary": {"matrices": {"0": [[1.0, 0.8585189336766685, 0.8605059754948439, 0.7798859203739905, 0.7436827087090608, 0.77239432269938, 0.8000587881083923, 0.7571044091876399, 0.7796411051105151, 0.7507145065979363], [0.8585189336766685, 1.0, 0.946103563994851, 0.8990515165524796, 0.8723937109647915, 0.8668420631761247, 0.8714702885780038, 0.8723627620355231, 0.8752003969574879, 0.864665650131097], [0.8605059754948439, 0.946103563994851, 1.0, 0.9383982926473333, 0.9081529644863666, 0.8899587767991669, 0.8981637135942421, 0.8904667016679706, 0.8918382441261857, 0.8785746534392717], [0.7798859203739905, 0.8990515165524796, 0.9383982926473333, 1.0, 0.958336076116526, 0.9238754468232587, 0.9049321385616991, 0.9119799582102898, 0.8984235167024629, 0.8965457481096011], [0.7436827087090608, 0.8723937109647915, 0.9081529644863666, 0.958336076116526, 1.0, 0.9462616060036199, 0.9174585417297535, 0.9325505300078603, 0.9015109717204479, 0.9152556023550674], [0.77239432269938, 0.8668420631761247, 0.8899587767991669, 0.9238754468232587, 0.9462616060036199, 1.0, 0.9514374811284307, 0.9363518512028978, 0.9069725764152816, 0.9096384702794901], [0.8000587881083923, 0.8714702885780038, 0.8981637135942421, 0.9049321385616991, 0.9174585417297535, 0.9514374811284307, 1.0, 0.9469576377747516, 0.9267026369140157, 0.9217073027605072], [0.7571044091876399, 0.8723627620355231, 0.8904667016679706, 0.9119799582102898, 0.9325505300078603, 0.9363518512028978, 0.9469576377747516, 1.0, 0.9323703722991353, 0.9340682021237863], [0.7796411051105151, 0.8752003969574879, 0.8918382441261857, 0.8984235167024629, 0.9015109717204479, 0.9069725764152816, 0.9267026369140157, 0.9323703722991353, 1.0, 0.953944273617282], [0.7507145065979363, 0.864665650131097, 0.8785746534392717, 0.8965457481096011, 0.9152556023550674, 0.9096384702794901, 0.9217073027605072, 0.9340682021237863, 0.953944273617282, 1.0]], "1": [[1.0, 0.5415442853555139, 0.5523273866005785, 0.48717750103800117, 0.5185668391399662, 0.49794749120789344, 0.5142371971123261, 0.46840668873666, 0.49067617116044887, 0.4507680312434982], [0.5415442853555139, 1.0, 0.6617669325360886, 0.5732909004761537, 0.5746251670936728, 0.5421790358673712, 0.5121080732616593, 0.5382497070069251, 0.5297394520896305, 0.432661035611639], [0.5523273866005785, 0.6617669325360886, 1.0, 0.6386691527744031, 0.5901970606111236, 0.6054167904100373, 0.589278134335976, 0.5700940323777886, 0.5607455751223288, 0.4813919525590235], [0.48717750103800117, 0.5732909004761537, 0.6386691527744031, 1.0, 0.6685601111174344, 0.5964113691430387, 0.5993693609480152, 0.5549062281470738, 0.5600170987917239, 0.5020440416992203], [0.5185668391399662, 0.5746251670936728, 0.5901970606111236, 0.6685601111174344, 1.0, 0.6827913115160615, 0.5969273411136716, 0.5806719945451075, 0.5885527794707126, 0.5141220079204147], [0.49794749120789344, 0.5421790358673712, 0.6054167904100373, 0.5964113691430387, 0.6827913115160615, 1.0, 0.6318501739473857, 0.5810315007754846, 0.5895478913709447, 0.4906438678876236], [0.5142371971123261, 0.5121080732616593, 0.589278134335976, 0.5993693609480152, 0.5969273411136716, 0.6318501739473857, 1.0, 0.6641497234836251, 0.5960262852483296, 0.5169097686192557], [0.46840668873666, 0.5382497070069251, 0.5700940323777886, 0.5549062281470738, 0.5806719945451075, 0.5810315007754846, 0.6641497234836251, 1.0, 0.6604480157248469, 0.5210328490718069], [0.49067617116044887, 0.5297394520896305, 0.5607455751223288, 0.5600170987917239, 0.5885527794707126, 0.5895478913709447, 0.5960262852483296, 0.6604480157248469, 1.0, 0.5898107264889773], [0.4507680312434982, 0.432661035611639, 0.4813919525590235, 0.5020440416992203, 0.5141220079204147, 0.4906438678876236, 0.5169097686192557, 0.5210328490718069, 0.5898107264889773, 1.0]], "2": [[1.0, 0.3459877802141179, 0.25639953048943925, 0.17641499168167896, 0.24428431895843833, 0.32930419475391354, 0.22849429679350894, 0.2180078187213409, 0.21492334154047235, 0.20747081549895285], [0.3459877802141179, 1.0, 0.27194830386050634, 0.2948551274066081, 0.2974260282356122, 0.3064455383794676, 0.19825885245275093, 0.2491577719093689, 0.24901444641852502, 0.2112050208037637], [0.25639953048943925, 0.27194830386050634, 1.0, 0.2452997571815365, 0.230543198360772, 0.23903863831216782, 0.2093780401304114, 0.2207602703581574, 0.20157925627819467, 0.26043219157041564], [0.17641499168167896, 0.2948551274066081, 0.2452997571815365, 1.0, 0.27156014498011233, 0.28307920616175003, 0.23962536600250736, 0.22428100996613415, 0.24111524207984655, 0.23062396819708164], [0.24428431895843833, 0.2974260282356122, 0.230543198360772, 0.27156014498011233, 1.0, 0.3091835385803981, 0.18587755687757374, 0.23575663446780679, 0.21434695603590992, 0.2950138597747178], [0.32930419475391354, 0.3064455383794676, 0.23903863831216782, 0.28307920616175003, 0.3091835385803981, 1.0, 0.34607250446648374, 0.2501894226899317, 0.3017654354145141, 0.3291597909734375], [0.22849429679350894, 0.19825885245275093, 0.2093780401304114, 0.23962536600250736, 0.18587755687757374, 0.34607250446648374, 1.0, 0.2446362576516679, 0.20996282165689836, 0.2182828503562061], [0.2180078187213409, 0.2491577719093689, 0.2207602703581574, 0.22428100996613415, 0.23575663446780679, 0.2501894226899317, 0.2446362576516679, 1.0, 0.21121115411992772, 0.2683199312917746], [0.21492334154047235, 0.24901444641852502, 0.20157925627819467, 0.24111524207984655, 0.21434695603590992, 0.3017654354145141, 0.20996282165689836, 0.21121115411992772, 1.0, 0.25748955417396124], [0.20747081549895285, 0.2112050208037637, 0.26043219157041564, 0.23062396819708164, 0.2950138597747178, 0.3291597909734375, 0.2182828503562061, 0.2683199312917746, 0.25748955417396124, 1.0]]}, "per_layer_inter": {"0": 0.8865206868881219, "1": 0.5601753120168769, "2": 0.2505373941384169}, "O_inter": 0.5657444643478052, "O_intra": 1.0, "Obar": 0.5657444643478052, "inner": -0.43425553565219477}, "phase_stability": "N/A - no oscillator state"}}