{"rung": "R5:depthwise", "scenario": "class", "nexp": 10, "epochs": 50, "seed": 3, "metrics": {"Top1_Acc_Exp/eval_phase/test_stream/Task000/Exp000": 0.0, "Top1_Acc_Exp/eval_phase/test_stream/Task000/Exp001": 0.0, "Top1_Acc_Exp/eval_phase/test_stream/Task000/Exp002": 0.0, "Top1_Acc_Exp/eval_phase/test_stream/Task000/Exp003": 0.0, "Top1_Acc_Exp/eval_phase/test_stream/Task000/Exp004": 0.0, "Top1_Acc_Exp/eval_phase/test_stream/Task000/Exp005": 0.0, "Top1_Acc_Exp/eval_phase/test_stream/Task000/Exp006": 0.0, "Top1_Acc_Exp/eval_phase/test_stream/Task000/Exp007": 0.0, "Top1_Acc_Exp/eval_phase/test_stream/Task000/Exp008": 0.0, "Top1_Acc_Exp/eval_phase/test_stream/Task000/Exp009": 0.787, "Top1_Acc_Stream/eval_phase/test_stream/Task000": 0.0787, "StreamForgetting/eval_phase/test_stream": 0.7749999999999999, "StreamBWT/eval_phase/test_stream": -0.7749999999999999, "ExperienceForgetting/eval_phase/test_stream/Task000/Exp000": 0.69, "ExperienceBWT/eval_phase/test_stream/Task000/Exp000": -0.69, "ExperienceForgetting/eval_phase/test_stream/Task000/Exp001": 0.748, "ExperienceBWT/eval_phase/test_stream/Task000/Exp001": -0.748, "ExperienceForgetting/eval_phase/test_stream/Task000/Exp002": 0.739, "ExperienceBWT/eval_phase/test_stream/Task000/Exp002": -0.739, "ExperienceForgetting/eval_phase/test_stream/Task000/Exp003": 0.831, "ExperienceBWT/eval_phase/test_stream/Task000/Exp003": -0.831, "ExperienceForgetting/eval_phase/test_stream/Task000/Exp004": 0.853, "ExperienceBWT/eval_phase/test_stream/Task000/Exp004": -0.853, "ExperienceForgetting/eval_phase/test_stream/Task000/Exp005": 0.821, "ExperienceBWT/eval_phase/test_stream/Task000/Exp005": -0.821, "ExperienceForgetting/eval_phase/test_stream/Task000/Exp006": 0.711, "ExperienceBWT/eval_phase/test_stream/Task000/Exp006": -0.711, "ExperienceForgetting/eval_phase/test_stream/Task000/Exp007": 0.788, "ExperienceBWT/eval_phase/test_stream/Task000/Exp007": -0.788, "ExperienceForgetting/eval_phase/test_stream/Task000/Exp008": 0.794, "ExperienceBWT/eval_phase/test_stream/Task000/Exp008": -0.794}, "learning_acc": [0.69, 0.748, 0.739, 0.831, 0.853, 0.821, 0.711, 0.788, 0.794, 0.787], "acc_matrix": [[0.69, 0.0, 0.0, 0.0, 0.0, 0.0, 0.0, 0.0, 0.0, 0.0], [0.0, 0.748, 0.0, 0.0, 0.0, 0.0, 0.0, 0.0, 0.0, 0.0], [0.0, 0.0, 0.739, 0.0, 0.0, 0.0, 0.0, 0.0, 0.0, 0.0], [0.0, 0.0, 0.0, 0.831, 0.0, 0.0, 0.0, 0.0, 0.0, 0.0], [0.0, 0.0, 0.0, 0.0, 0.853, 0.0, 0.0, 0.0, 0.0, 0.0], [0.0, 0.0, 0.0, 0.0, 0.0, 0.821, 0.0, 0.0, 0.0, 0.0], [0.0, 0.0, 0.0, 0.0, 0.0, 0.0, 0.711, 0.0, 0.0, 0.0], [0.0, 0.0, 0.0, 0.0, 0.0, 0.0, 0.0, 0.788, 0.0, 0.0], [0.0, 0.0, 0.0, 0.0, 0.0, 0.0, 0.0, 0.0, 0.794, 0.0], [0.0, 0.0, 0.0, 0.0, 0.0, 0.0, 0.0, 0.0, 0.0, 0.787]], "avg_forgetting": 77.49999999999999, "bwt": -77.49999999999999, "selfcheck_ok": true, "h3": {"overlap_summary": {"matrices": {"0": [[1.0, 0.8521172481624057, 0.6733168468553455, 0.7410613310928525, 0.7169482026558631, 0.7157657405701906, 0.7405987509995926, 0.7197973986573344, 0.6376886132341737, 0.6668650264608594], [0.8521172481624057, 1.0, 0.8560035138857512, 0.8752410425416193, 0.8454214385298908, 0.8315552286714387, 0.8231928512997677, 0.8076321259368494, 0.7805945375711191, 0.8124885753496778], [0.6733168468553455, 0.8560035138857512, 1.0, 0.90609636336175, 0.8873278245327594, 0.8496261306178912, 0.8619674418506603, 0.8561926135117331, 0.8695618886445968, 0.8724315268245835], [0.7410613310928525, 0.8752410425416193, 0.90609636336175, 1.0, 0.9221934280404973, 0.8879064509491765, 0.8947981309077793, 0.8817851276564951, 0.8808892106723575, 0.884588475173625], [0.7169482026558631, 0.8454214385298908, 0.8873278245327594, 0.9221934280404973, 1.0, 0.9423025703362553, 0.9143047715978302, 0.91410208505569, 0.8893664481398004, 0.8897130496637077], [0.7157657405701906, 0.8315552286714387, 0.8496261306178912, 0.8879064509491765, 0.9423025703362553, 1.0, 0.9231406045709073, 0.9054269160184855, 0.8750317476335198, 0.8856909231852764], [0.7405987509995926, 0.8231928512997677, 0.8619674418506603, 0.8947981309077793, 0.9143047715978302, 0.9231406045709073, 1.0, 0.9536534005334573, 0.9115857893113488, 0.9115576070248429], [0.7197973986573344, 0.8076321259368494, 0.8561926135117331, 0.8817851276564951, 0.91410208505569, 0.9054269160184855, 0.9536534005334573, 1.0, 0.9341587797656564, 0.9203734275697607], [0.6376886132341737, 0.7805945375711191, 0.8695618886445968, 0.8808892106723575, 0.8893664481398004, 0.8750317476335198, 0.9115857893113488, 0.9341587797656564, 1.0, 0.9426881849831624], [0.6668650264608594, 0.8124885753496778, 0.8724315268245835, 0.884588475173625, 0.8897130496637077, 0.8856909231852764, 0.9115576070248429, 0.9203734275697607, 0.9426881849831624, 1.0]], "1": [[1.0, 0.7071895987669397, 0.5982449501333388, 0.6350761844801354, 0.5953746993394747, 0.5996454577968358, 0.5474886352244783, 0.5957723468553666, 0.5380126670991474, 0.5379862501099507], [0.7071895987669397, 1.0, 0.7084576632861515, 0.715222811383107, 0.6625951581480006, 0.6148372559424475, 0.5935384258087107, 0.6095186464603803, 0.6087100644401348, 0.5983350413757818], [0.5982449501333388, 0.7084576632861515, 1.0, 0.7509732184583109, 0.6699913821099467, 0.6138617981045779, 0.6187355844507272, 0.6338859534454861, 0.6304085934517868, 0.647009807189173], [0.6350761844801354, 0.715222811383107, 0.7509732184583109, 1.0, 0.738385359944223, 0.6629833014584368, 0.6360842460667845, 0.6635596826474842, 0.6264774987151979, 0.6349510530958792], [0.5953746993394747, 0.6625951581480006, 0.6699913821099467, 0.738385359944223, 1.0, 0.6955834986237265, 0.6423879424089337, 0.6801930141493816, 0.6261305591240284, 0.6345593108923103], [0.5996454577968358, 0.6148372559424475, 0.6138617981045779, 0.6629833014584368, 0.6955834986237265, 1.0, 0.6936122026897773, 0.6493071376360249, 0.5963345304929097, 0.6056279563359055], [0.5474886352244783, 0.5935384258087107, 0.6187355844507272, 0.6360842460667845, 0.6423879424089337, 0.6936122026897773, 1.0, 0.6819389566072083, 0.6268388580222933, 0.6041205436821675], [0.5957723468553666, 0.6095186464603803, 0.6338859534454861, 0.6635596826474842, 0.6801930141493816, 0.6493071376360249, 0.6819389566072083, 1.0, 0.7092635040676132, 0.6817187090897223], [0.5380126670991474, 0.6087100644401348, 0.6304085934517868, 0.6264774987151979, 0.6261305591240284, 0.5963345304929097, 0.6268388580222933, 0.7092635040676132, 1.0, 0.7236029192740252], [0.5379862501099507, 0.5983350413757818, 0.647009807189173, 0.6349510530958792, 0.6345593108923103, 0.6056279563359055, 0.6041205436821675, 0.6817187090897223, 0.7236029192740252, 1.0]], "2": [[1.0, 0.25327978169881554, 0.23463471509115083, 0.2151550196513848, 0.29320415300782193, 0.29296164481106585, 0.23609925313594884, 0.21966916099520464, 0.1914716206987972, 0.2568961134970164], [0.25327978169881554, 1.0, 0.2624733556313274, 0.3327560939368345, 0.33360327122245653, 0.2386235413928418, 0.20549844699527486, 0.22022332979720013, 0.21754729009342821, 0.2668104835028218], [0.23463471509115083, 0.2624733556313274, 1.0, 0.31307884916008066, 0.24429100641042426, 0.25499335842528764, 0.2487491213212536, 0.24973872207327732, 0.19836711405440796, 0.26662465447227246], [0.2151550196513848, 0.3327560939368345, 0.31307884916008066, 1.0, 0.3626925610282536, 0.2599937478880574, 0.2390732829522414, 0.297295266046088, 0.17701309388783362, 0.3142553690060339], [0.29320415300782193, 0.33360327122245653, 0.24429100641042426, 0.3626925610282536, 1.0, 0.3091344472246728, 0.2867839785715702, 0.2917136640586634, 0.23531899014658456, 0.32921378105736626], [0.29296164481106585, 0.2386235413928418, 0.25499335842528764, 0.2599937478880574, 0.3091344472246728, 1.0, 0.2862281848981331, 0.2504300513321686, 0.22016830546635097, 0.2212394269204685], [0.23609925313594884, 0.20549844699527486, 0.2487491213212536, 0.2390732829522414, 0.2867839785715702, 0.2862281848981331, 1.0, 0.23956581116938633, 0.1819117414754168, 0.2529255729966866], [0.21966916099520464, 0.22022332979720013, 0.24973872207327732, 0.297295266046088, 0.2917136640586634, 0.2504300513321686, 0.23956581116938633, 1.0, 0.2371418950807411, 0.2884560761173849], [0.1914716206987972, 0.21754729009342821, 0.19836711405440796, 0.17701309388783362, 0.23531899014658456, 0.22016830546635097, 0.1819117414754168, 0.2371418950807411, 1.0, 0.23707733753590166], [0.2568961134970164, 0.2668104835028218, 0.26662465447227246, 0.3142553690060339, 0.32921378105736626, 0.2212394269204685, 0.2529255729966866, 0.2884560761173849, 0.23707733753590166, 1.0]]}, "per_layer_inter": {"0": 0.8503277642357406, "1": 0.6409896217529872, "2": 0.25698628190969774}, "O_inter": 0.5827678892994752, "O_intra": 1.0, "Obar": 0.5827678892994752, "inner": -0.4172321107005248}, "phase_stability": "N/A - no oscillator state"}}