{"rung": "R5:depthwise", "scenario": "class", "nexp": 10, "epochs": 50, "seed": 5, "metrics": {"Top1_Acc_Exp/eval_phase/test_stream/Task000/Exp000": 0.0, "Top1_Acc_Exp/eval_phase/test_stream/Task000/Exp001": 0.0, "Top1_Acc_Exp/eval_phase/test_stream/Task000/Exp002": 0.0, "Top1_Acc_Exp/eval_phase/test_stream/Task000/Exp003": 0.0, "Top1_Acc_Exp/eval_phase/test_stream/Task000/Exp004": 0.0, "Top1_Acc_Exp/eval_phase/test_stream/Task000/Exp005": 0.0, "Top1_Acc_Exp/eval_phase/test_stream/Task000/Exp006": 0.0, "Top1_Acc_Exp/eval_phase/test_stream/Task000/Exp007": 0.0, "Top1_Acc_Exp/eval_phase/test_stream/Task000/Exp008": 0.0, "Top1_Acc_Exp/eval_phase/test_stream/Task000/Exp009": 0.764, "Top1_Acc_Stream/eval_phase/test_stream/Task000": 0.0764, "StreamForgetting/eval_phase/test_stream": 0.7701111111111111, "StreamBWT/eval_phase/test_stream": -0.7701111111111111, "ExperienceForgetting/eval_phase/test_stream/Task000/Exp000": 0.726, "ExperienceBWT/eval_phase/test_stream/Task000/Exp000": -0.726, "ExperienceForgetting/eval_phase/test_stream/Task000/Exp001": 0.747, "ExperienceBWT/eval_phase/test_stream/Task000/Exp001": -0.747, "ExperienceForgetting/eval_phase/test_stream/Task000/Exp002": 0.785, "ExperienceBWT/eval_phase/test_stream/Task000/Exp002": -0.785, "ExperienceForgetting/eval_phase/test_stream/Task000/Exp003": 0.701, "ExperienceBWT/eval_phase/test_stream/Task000/Exp003": -0.701, "ExperienceForgetting/eval_phase/test_stream/Task000/Exp004": 0.77, "ExperienceBWT/eval_phase/test_stream/Task000/Exp004": -0.77, "ExperienceForgetting/eval_phase/test_stream/Task000/Exp005": 0.845, "ExperienceBWT/eval_phase/test_stream/Task000/Exp005": -0.845, "ExperienceForgetting/eval_phase/test_stream/Task000/Exp006": 0.793, "ExperienceBWT/eval_phase/test_stream/Task000/Exp006": -0.793, "ExperienceForgetting/eval_phase/test_stream/Task000/Exp007": 0.805, "ExperienceBWT/eval_phase/test_stream/Task000/Exp007": -0.805, "ExperienceForgetting/eval_phase/test_stream/Task000/Exp008": 0.759, "ExperienceBWT/eval_phase/test_stream/Task000/Exp008": -0.759}, "learning_acc": [0.726, 0.747, 0.785, 0.701, 0.77, 0.845, 0.793, 0.805, 0.759, 0.764], "acc_matrix": [[0.726, 0.0, 0.0, 0.0, 0.0, 0.0, 0.0, 0.0, 0.0, 0.0], [0.0, 0.747, 0.0, 0.0, 0.0, 0.0, 0.0, 0.0, 0.0, 0.0], [0.0, 0.0, 0.785, 0.0, 0.0, 0.0, 0.0, 0.0, 0.0, 0.0], [0.0, 0.0, 0.0, 0.701, 0.0, 0.0, 0.0, 0.0, 0.0, 0.0], [0.0, 0.0, 0.0, 0.0, 0.77, 0.0, 0.0, 0.0, 0.0, 0.0], [0.0, 0.0, 0.0, 0.0, 0.0, 0.845, 0.0, 0.0, 0.0, 0.0], [0.0, 0.0, 0.0, 0.0, 0.0, 0.0, 0.793, 0.0, 0.0, 0.0], [0.0, 0.0, 0.0, 0.0, 0.0, 0.0, 0.0, 0.805, 0.0, 0.0], [0.0, 0.0, 0.0, 0.0, 0.0, 0.0, 0.0, 0.0, 0.759, 0.0], [0.0, 0.0, 0.0, 0.0, 0.0, 0.0, 0.0, 0.0, 0.0, 0.764]], "avg_forgetting": 77.0111111111111, "bwt": -77.0111111111111, "selfcheck_ok": true, "h3": {"overlap_summary": {"matrices": {"0": [[1.0, 0.888993820286575, 0.8260193382210373, 0.7348531201110919, 0.7377990809706653, 0.7016449954414967, 0.6593818553431228, 0.6668989262751375, 0.6884373705491974, 0.679324277743656], [0.888993820286575, 1.0, 0.9198378022391998, 0.8634269679837828, 0.8444411192237663, 0.8280477153677412, 0.8061109364469866, 0.7911760374395935, 0.7870464671988457, 0.7774359133813912], [0.8260193382210373, 0.9198378022391998, 1.0, 0.9157483643553526, 0.8788339308186351, 0.876709127923606, 0.8579874777005554, 0.8546866538110247, 0.8404149808483863, 0.8434217916932574], [0.7348531201110919, 0.8634269679837828, 0.9157483643553526, 1.0, 0.9263870499317691, 0.9201124041696083, 0.9126362848261704, 0.907467173807207, 0.8889075440106997, 0.880598282392809], [0.7377990809706653, 0.8444411192237663, 0.8788339308186351, 0.9263870499317691, 1.0, 0.9300799763781407, 0.8964220901424664, 0.9060986371872914, 0.8946919224164773, 0.8894523264373858], [0.7016449954414967, 0.8280477153677412, 0.876709127923606, 0.9201124041696083, 0.9300799763781407, 1.0, 0.9465822534148425, 0.9333799401796985, 0.9128986770160831, 0.9092744029734076], [0.6593818553431228, 0.8061109364469866, 0.8579874777005554, 0.9126362848261704, 0.8964220901424664, 0.9465822534148425, 1.0, 0.9482825878854256, 0.9158166383566477, 0.9172433779434502], [0.6668989262751375, 0.7911760374395935, 0.8546866538110247, 0.907467173807207, 0.9060986371872914, 0.9333799401796985, 0.9482825878854256, 1.0, 0.9562716461565559, 0.9440913924061634], [0.6884373705491974, 0.7870464671988457, 0.8404149808483863, 0.8889075440106997, 0.8946919224164773, 0.9128986770160831, 0.9158166383566477, 0.9562716461565559, 1.0, 0.9501635952821156], [0.679324277743656, 0.7774359133813912, 0.8434217916932574, 0.880598282392809, 0.8894523264373858, 0.9092744029734076, 0.9172433779434502, 0.9440913924061634, 0.9501635952821156, 1.0]], "1": [[1.0, 0.5815732519982805, 0.5731620675705023, 0.46294135397137653, 0.5020349546163093, 0.5093432438658324, 0.4551281257084179, 0.4184033765570524, 0.4891703972092186, 0.535622104298796], [0.5815732519982805, 1.0, 0.6205803364950435, 0.511169165418664, 0.5213208282669974, 0.52969704630974, 0.4917941072671274, 0.48624026052537106, 0.4831849212281526, 0.5182581655670385], [0.5731620675705023, 0.6205803364950435, 1.0, 0.5980668071870529, 0.5575176850142223, 0.5334860675707989, 0.5273492228870076, 0.4984322810308012, 0.4986746914587398, 0.5522455605585463], [0.46294135397137653, 0.511169165418664, 0.5980668071870529, 1.0, 0.5425267796241937, 0.5697427194652512, 0.50750833704191, 0.5326078057356715, 0.509884591210077, 0.5025789672170428], [0.5020349546163093, 0.5213208282669974, 0.5575176850142223, 0.5425267796241937, 1.0, 0.6021874720686052, 0.5176847182553849, 0.501700102470414, 0.5595597864863475, 0.5732613311855111], [0.5093432438658324, 0.52969704630974, 0.5334860675707989, 0.5697427194652512, 0.6021874720686052, 1.0, 0.5665408672130491, 0.5367656530764713, 0.5336988908040731, 0.526091101967369], [0.4551281257084179, 0.4917941072671274, 0.5273492228870076, 0.50750833704191, 0.5176847182553849, 0.5665408672130491, 1.0, 0.5547534846589446, 0.48196610508590526, 0.4751154523635433], [0.4184033765570524, 0.48624026052537106, 0.4984322810308012, 0.5326078057356715, 0.501700102470414, 0.5367656530764713, 0.5547534846589446, 1.0, 0.583773374605146, 0.5168618442071568], [0.4891703972092186, 0.4831849212281526, 0.4986746914587398, 0.509884591210077, 0.5595597864863475, 0.5336988908040731, 0.48196610508590526, 0.583773374605146, 1.0, 0.6007750121740041], [0.535622104298796, 0.5182581655670385, 0.5522455605585463, 0.5025789672170428, 0.5732613311855111, 0.526091101967369, 0.4751154523635433, 0.5168618442071568, 0.6007750121740041, 1.0]], "2": [[1.0, 0.3407834141982365, 0.29916910244711264, 0.2540431492803305, 0.28207215373791583, 0.28195126406196114, 0.29987533170228087, 0.22346074102926988, 0.20512998146787895, 0.2367601055850513], [0.3407834141982365, 1.0, 0.2551087893672073, 0.27357661858400867, 0.2884183938963795, 0.26816211067171514, 0.284028127273498, 0.2299380129295075, 0.18712037675260246, 0.23437614736173668], [0.29916910244711264, 0.2551087893672073, 1.0, 0.20736147912964006, 0.27383426609529204, 0.22224427704104782, 0.32369268947596785, 0.25982094209070344, 0.23387028604409296, 0.22971084363775363], [0.2540431492803305, 0.27357661858400867, 0.20736147912964006, 1.0, 0.23238339793382667, 0.30220997658510396, 0.32121472037949267, 0.3090996860262638, 0.22471380181971987, 0.243123332092065], [0.28207215373791583, 0.2884183938963795, 0.27383426609529204, 0.23238339793382667, 1.0, 0.3082195581262481, 0.2548833580338067, 0.2430106251179838, 0.23996320047767528, 0.25865605464819513], [0.28195126406196114, 0.26816211067171514, 0.22224427704104782, 0.30220997658510396, 0.3082195581262481, 1.0, 0.3610995736019426, 0.3165191423265285, 0.23870714723060632, 0.24867890204374787], [0.29987533170228087, 0.284028127273498, 0.32369268947596785, 0.32121472037949267, 0.2548833580338067, 0.3610995736019426, 1.0, 0.37106616372174894, 0.22392974140370342, 0.26220611374978187], [0.22346074102926988, 0.2299380129295075, 0.25982094209070344, 0.3090996860262638, 0.2430106251179838, 0.3165191423265285, 0.37106616372174894, 1.0, 0.32586220575893016, 0.20319759793999362], [0.20512998146787895, 0.18712037675260246, 0.23387028604409296, 0.22471380181971987, 0.23996320047767528, 0.23870714723060632, 0.22392974140370342, 0.32586220575893016, 1.0, 0.22122265356740392], [0.2367601055850513, 0.23437614736173668, 0.22971084363775363, 0.243123332092065, 0.25865605464819513, 0.24867890204374787, 0.26220611374978187, 0.20319759793999362, 0.22122265356740392, 1.0]]}, "per_layer_inter": {"0": 0.8567896949930782, "1": 0.5277995648777147, "2": 0.2645439012543547}, "O_inter": 0.5497110537083826, "O_intra": 1.0, "Obar": 0.5497110537083826, "inner": -0.4502889462916174}, "phase_stability": "N/A - no oscillator state"}}