{"rung": "R5:depthwise", "scenario": "class", "nexp": 10, "epochs": 50, "seed": 9, "metrics": {"Top1_Acc_Exp/eval_phase/test_stream/Task000/Exp000": 0.0, "Top1_Acc_Exp/eval_phase/test_stream/Task000/Exp001": 0.0, "Top1_Acc_Exp/eval_phase/test_stream/Task000/Exp002": 0.0, "Top1_Acc_Exp/eval_phase/test_stream/Task000/Exp003": 0.0, "Top1_Acc_Exp/eval_phase/test_stream/Task000/Exp004": 0.0, "Top1_Acc_Exp/eval_phase/test_stream/Task000/Exp005": 0.0, "Top1_Acc_Exp/eval_phase/test_stream/Task000/Exp006": 0.0, "Top1_Acc_Exp/eval_phase/test_stream/Task000/Exp007": 0.0, "Top1_Acc_Exp/eval_phase/test_stream/Task000/Exp008": 0.0, "Top1_Acc_Exp/eval_phase/test_stream/Task000/Exp009": 0.728, "Top1_Acc_Stream/eval_phase/test_stream/Task000": 0.0728, "StreamForgetting/eval_phase/test_stream": 0.7822222222222223, "StreamBWT/eval_phase/test_stream": -0.7822222222222223, "ExperienceForgetting/eval_phase/test_stream/Task000/Exp000": 0.684, "ExperienceBWT/eval_phase/test_stream/Task000/Exp000": -0.684, "ExperienceForgetting/eval_phase/test_stream/Task000/Exp001": 0.781, "ExperienceBWT/eval_phase/test_stream/Task000/Exp001": -0.781, "ExperienceForgetting/eval_phase/test_stream/Task000/Exp002": 0.782, "ExperienceBWT/eval_phase/test_stream/Task000/Exp002": -0.782, "ExperienceForgetting/eval_phase/test_stream/Task000/Exp003": 0.761, "ExperienceBWT/eval_phase/test_stream/Task000/Exp003": -0.761, "ExperienceForgetting/eval_phase/test_stream/Task000/Exp004": 0.82, "ExperienceBWT/eval_phase/test_stream/Task000/Exp004": -0.82, "ExperienceForgetting/eval_phase/test_stream/Task000/Exp005": 0.755, "ExperienceBWT/eval_phase/test_stream/Task000/Exp005": -0.755, "ExperienceForgetting/eval_phase/test_stream/Task000/Exp006": 0.819, "ExperienceBWT/eval_phase/test_stream/Task000/Exp006": -0.819, "ExperienceForgetting/eval_phase/test_stream/Task000/Exp007": 0.792, "ExperienceBWT/eval_phase/test_stream/Task000/Exp007": -0.792, "ExperienceForgetting/eval_phase/test_stream/Task000/Exp008": 0.846, "ExperienceBWT/eval_phase/test_stream/Task000/Exp008": -0.846}, "learning_acc": [0.684, 0.781, 0.782, 0.761, 0.82, 0.755, 0.819, 0.792, 0.846, 0.728], "acc_matrix": [[0.684, 0.0, 0.0, 0.0, 0.0, 0.0, 0.0, 0.0, 0.0, 0.0], [0.0, 0.781, 0.0, 0.0, 0.0, 0.0, 0.0, 0.0, 0.0, 0.0], [0.0, 0.0, 0.782, 0.0, 0.0, 0.0, 0.0, 0.0, 0.0, 0.0], [0.0, 0.0, 0.0, 0.761, 0.0, 0.0, 0.0, 0.0, 0.0, 0.0], [0.0, 0.0, 0.0, 0.0, 0.82, 0.0, 0.0, 0.0, 0.0, 0.0], [0.0, 0.0, 0.0, 0.0, 0.0, 0.755, 0.0, 0.0, 0.0, 0.0], [0.0, 0.0, 0.0, 0.0, 0.0, 0.0, 0.819, 0.0, 0.0, 0.0], [0.0, 0.0, 0.0, 0.0, 0.0, 0.0, 0.0, 0.792, 0.0, 0.0], [0.0, 0.0, 0.0, 0.0, 0.0, 0.0, 0.0, 0.0, 0.846, 0.0], [0.0, 0.0, 0.0, 0.0, 0.0, 0.0, 0.0, 0.0, 0.0, 0.728]], "avg_forgetting": 78.22222222222223, "bwt": -78.22222222222223, "selfcheck_ok": true, "h3": {"overlap_summary": {"matrices": {"0": [[1.0, 0.830191161009628, 0.802987021859709, 0.7630208027020058, 0.736950538931446, 0.7932779214281538, 0.7034510071524834, 0.7182853834813097, 0.7025519502453352, 0.7162243082830438], [0.830191161009628, 1.0, 0.9433874357939191, 0.8970667562422876, 0.8854667676730866, 0.8697170454769676, 0.8480152100671644, 0.8445020659362028, 0.8347750810869746, 0.8348168961262297], [0.802987021859709, 0.9433874357939191, 1.0, 0.9334863233705035, 0.9102454277133607, 0.8947275015895122, 0.8794274785717336, 0.8737419540480645, 0.8579324520400068, 0.8517576248129813], [0.7630208027020058, 0.8970667562422876, 0.9334863233705035, 1.0, 0.932948446491621, 0.9004688845871556, 0.8918047638749311, 0.8816514650109915, 0.888880188025799, 0.8686454161584236], [0.736950538931446, 0.8854667676730866, 0.9102454277133607, 0.932948446491621, 1.0, 0.9286971101961693, 0.9263161544857152, 0.9006546106564725, 0.8878839627354549, 0.8728193020670396], [0.7932779214281538, 0.8697170454769676, 0.8947275015895122, 0.9004688845871556, 0.9286971101961693, 1.0, 0.9328812505348045, 0.906938338322352, 0.8847209775092184, 0.88084696282745], [0.7034510071524834, 0.8480152100671644, 0.8794274785717336, 0.8918047638749311, 0.9263161544857152, 0.9328812505348045, 1.0, 0.9416789599731047, 0.9188773319203785, 0.9073580955790548], [0.7182853834813097, 0.8445020659362028, 0.8737419540480645, 0.8816514650109915, 0.9006546106564725, 0.906938338322352, 0.9416789599731047, 1.0, 0.9462643234082009, 0.9201345270916202], [0.7025519502453352, 0.8347750810869746, 0.8579324520400068, 0.888880188025799, 0.8878839627354549, 0.8847209775092184, 0.9188773319203785, 0.9462643234082009, 1.0, 0.9421935335862983], [0.7162243082830438, 0.8348168961262297, 0.8517576248129813, 0.8686454161584236, 0.8728193020670396, 0.88084696282745, 0.9073580955790548, 0.9201345270916202, 0.9421935335862983, 1.0]], "1": [[1.0, 0.6753874010939237, 0.5647145729213057, 0.5284906168723371, 0.5027925862500866, 0.47371900882428525, 0.5039718455331191, 0.5254860555811574, 0.5064451617824333, 0.5007753679913881], [0.6753874010939237, 1.0, 0.7008153928528289, 0.6492901055497431, 0.5921344698790504, 0.5496951645017989, 0.5715741660167992, 0.5457521724180774, 0.5424547433042827, 0.5503799751674275], [0.5647145729213057, 0.7008153928528289, 1.0, 0.69942469428051, 0.6383679768220627, 0.5440314707327356, 0.5677578011016384, 0.5602619634621863, 0.5514682490688408, 0.5698795548621075], [0.5284906168723371, 0.6492901055497431, 0.69942469428051, 1.0, 0.6982821669598069, 0.573497764838932, 0.580676629658226, 0.5740438709138398, 0.5544529991841817, 0.5918022771102872], [0.5027925862500866, 0.5921344698790504, 0.6383679768220627, 0.6982821669598069, 1.0, 0.603757450658469, 0.5741588826415531, 0.6023667544977861, 0.5456639489273348, 0.5729157116053143], [0.47371900882428525, 0.5496951645017989, 0.5440314707327356, 0.573497764838932, 0.603757450658469, 1.0, 0.6375825253780923, 0.5359824503662635, 0.5141955862277443, 0.5240430649225272], [0.5039718455331191, 0.5715741660167992, 0.5677578011016384, 0.580676629658226, 0.5741588826415531, 0.6375825253780923, 1.0, 0.6182959281936853, 0.5592197804854068, 0.550654195233569], [0.5254860555811574, 0.5457521724180774, 0.5602619634621863, 0.5740438709138398, 0.6023667544977861, 0.5359824503662635, 0.6182959281936853, 1.0, 0.6603086392061855, 0.5890933255231569], [0.5064451617824333, 0.5424547433042827, 0.5514682490688408, 0.5544529991841817, 0.5456639489273348, 0.5141955862277443, 0.5592197804854068, 0.6603086392061855, 1.0, 0.6438242760291097], [0.5007753679913881, 0.5503799751674275, 0.5698795548621075, 0.5918022771102872, 0.5729157116053143, 0.5240430649225272, 0.550654195233569, 0.5890933255231569, 0.6438242760291097, 1.0]], "2": [[1.0, 0.3704611775400689, 0.24083004577593375, 0.25254375006256763, 0.24238610670877864, 0.2524976400422265, 0.2797222557925146, 0.20434982720455205, 0.2542854336919483, 0.19700906001766577], [0.3704611775400689, 1.0, 0.40705873220236577, 0.3432430329783221, 0.34063802382447855, 0.26016264294645686, 0.2942252529258421, 0.22963426172289944, 0.25879132679074396, 0.23221099146667537], [0.24083004577593375, 0.40705873220236577, 1.0, 0.37330836292606223, 0.34718068320398277, 0.2748654138036441, 0.25872448457596425, 0.25193632757986045, 0.2587015261355323, 0.24660960706965646], [0.25254375006256763, 0.3432430329783221, 0.37330836292606223, 1.0, 0.3082085312707187, 0.2592374705891555, 0.2548487913406275, 0.22967031551309025, 0.26371624876845556, 0.2813576501861462], [0.24238610670877864, 0.34063802382447855, 0.34718068320398277, 0.3082085312707187, 1.0, 0.310308852876162, 0.2488727907075283, 0.315443649110026, 0.34253028265362606, 0.2543678871119788], [0.2524976400422265, 0.26016264294645686, 0.2748654138036441, 0.2592374705891555, 0.310308852876162, 1.0, 0.34004904242349754, 0.24313344141154566, 0.22993720490877095, 0.2093058131220942], [0.2797222557925146, 0.2942252529258421, 0.25872448457596425, 0.2548487913406275, 0.2488727907075283, 0.34004904242349754, 1.0, 0.25540918078501923, 0.28251800784713543, 0.17854711186664074], [0.20434982720455205, 0.22963426172289944, 0.25193632757986045, 0.22967031551309025, 0.315443649110026, 0.24313344141154566, 0.25540918078501923, 1.0, 0.31601544397026593, 0.20364504582532442], [0.2542854336919483, 0.25879132679074396, 0.2587015261355323, 0.26371624876845556, 0.34253028265362606, 0.22993720490877095, 0.28251800784713543, 0.31601544397026593, 1.0, 0.2853200550651387], [0.19700906001766577, 0.23221099146667537, 0.24660960706965646, 0.2813576501861462, 0.2543678871119788, 0.2093058131220942, 0.17854711186664074, 0.20364504582532442, 0.2853200550651387, 1.0]]}, "per_layer_inter": {"0": 0.8664149049040971, "1": 0.5759975276762577, "2": 0.2729737507631486}, "O_inter": 0.5717953944478344, "O_intra": 1.0, "Obar": 0.5717953944478344, "inner": -0.42820460555216555}, "phase_stability": "N/A - no oscillator state"}}