{"rung": "R5:depthwise", "scenario": "class", "nexp": 10, "epochs": 50, "seed": 1, "metrics": {"Top1_Acc_Exp/eval_phase/test_stream/Task000/Exp000": 0.0, "Top1_Acc_Exp/eval_phase/test_stream/Task000/Exp001": 0.0, "Top1_Acc_Exp/eval_phase/test_stream/Task000/Exp002": 0.0, "Top1_Acc_Exp/eval_phase/test_stream/Task000/Exp003": 0.0, "Top1_Acc_Exp/eval_phase/test_stream/Task000/Exp004": 0.0, "Top1_Acc_Exp/eval_phase/test_stream/Task000/Exp005": 0.0, "Top1_Acc_Exp/eval_phase/test_stream/Task000/Exp006": 0.0, "Top1_Acc_Exp/eval_phase/test_stream/Task000/Exp007": 0.0, "Top1_Acc_Exp/eval_phase/test_stream/Task000/Exp008": 0.0, "Top1_Acc_Exp/eval_phase/test_stream/Task000/Exp009": 0.821, "Top1_Acc_Stream/eval_phase/test_stream/Task000": 0.0821, "StreamForgetting/eval_phase/test_stream": 0.7577777777777778, "StreamBWT/eval_phase/test_stream": -0.7577777777777778, "ExperienceForgetting/eval_phase/test_stream/Task000/Exp000": 0.652, "ExperienceBWT/eval_phase/test_stream/Task000/Exp000": -0.652, "ExperienceForgetting/eval_phase/test_stream/Task000/Exp001": 0.758, "ExperienceBWT/eval_phase/test_stream/Task000/Exp001": -0.758, "ExperienceForgetting/eval_phase/test_stream/Task000/Exp002": 0.778, "ExperienceBWT/eval_phase/test_stream/Task000/Exp002": -0.778, "ExperienceForgetting/eval_phase/test_stream/Task000/Exp003": 0.784, "ExperienceBWT/eval_phase/test_stream/Task000/Exp003": -0.784, "ExperienceForgetting/eval_phase/test_stream/Task000/Exp004": 0.791, "ExperienceBWT/eval_phase/test_stream/Task000/Exp004": -0.791, "ExperienceForgetting/eval_phase/test_stream/Task000/Exp005": 0.778, "ExperienceBWT/eval_phase/test_stream/Task000/Exp005": -0.778, "ExperienceForgetting/eval_phase/test_stream/Task000/Exp006": 0.783, "ExperienceBWT/eval_phase/test_stream/Task000/Exp006": -0.783, "ExperienceForgetting/eval_phase/test_stream/Task000/Exp007": 0.757, "ExperienceBWT/eval_phase/test_stream/Task000/Exp007": -0.757, "ExperienceForgetting/eval_phase/test_stream/Task000/Exp008": 0.739, "ExperienceBWT/eval_phase/test_stream/Task000/Exp008": -0.739}, "learning_acc": [0.652, 0.758, 0.778, 0.784, 0.791, 0.778, 0.783, 0.757, 0.739, 0.821], "acc_matrix": [[0.652, 0.0, 0.0, 0.0, 0.0, 0.0, 0.0, 0.0, 0.0, 0.0], [0.0, 0.758, 0.0, 0.0, 0.0, 0.0, 0.0, 0.0, 0.0, 0.0], [0.0, 0.0, 0.778, 0.0, 0.0, 0.0, 0.0, 0.0, 0.0, 0.0], [0.0, 0.0, 0.0, 0.784, 0.0, 0.0, 0.0, 0.0, 0.0, 0.0], [0.0, 0.0, 0.0, 0.0, 0.791, 0.0, 0.0, 0.0, 0.0, 0.0], [0.0, 0.0, 0.0, 0.0, 0.0, 0.778, 0.0, 0.0, 0.0, 0.0], [0.0, 0.0, 0.0, 0.0, 0.0, 0.0, 0.783, 0.0, 0.0, 0.0], [0.0, 0.0, 0.0, 0.0, 0.0, 0.0, 0.0, 0.757, 0.0, 0.0], [0.0, 0.0, 0.0, 0.0, 0.0, 0.0, 0.0, 0.0, 0.739, 0.0], [0.0, 0.0, 0.0, 0.0, 0.0, 0.0, 0.0, 0.0, 0.0, 0.821]], "avg_forgetting": 75.77777777777777, "bwt": -75.77777777777777, "selfcheck_ok": true, "h3": {"overlap_summary": {"matrices": {"0": [[1.0, 0.9234342423519768, 0.8636325612765987, 0.8051581289755511, 0.7476978413336793, 0.7007651425330657, 0.6588497982896141, 0.6994404358921195, 0.7151736456293095, 0.6968439730228543], [0.9234342423519768, 1.0, 0.9370290319118381, 0.8846152019488549, 0.831882696150038, 0.7929250739367338, 0.7571735630991275, 0.7978895537543541, 0.8084236933613672, 0.7851860529674192], [0.8636325612765987, 0.9370290319118381, 1.0, 0.9410975534927202, 0.8945794164577932, 0.8609165275353245, 0.8326843966102271, 0.8395674018158736, 0.853486169129057, 0.8380377066662922], [0.8051581289755511, 0.8846152019488549, 0.9410975534927202, 1.0, 0.9387686103992536, 0.8948625195768036, 0.8680063647854246, 0.850816492967304, 0.8672557926270981, 0.8605574416109004], [0.7476978413336793, 0.831882696150038, 0.8945794164577932, 0.9387686103992536, 1.0, 0.9209129880538817, 0.9135487747005505, 0.8861824753208984, 0.8815234685997385, 0.8740564945548355], [0.7007651425330657, 0.7929250739367338, 0.8609165275353245, 0.8948625195768036, 0.9209129880538817, 1.0, 0.9456683500492745, 0.9074972864170084, 0.9038184869252974, 0.8981179899391871], [0.6588497982896141, 0.7571735630991275, 0.8326843966102271, 0.8680063647854246, 0.9135487747005505, 0.9456683500492745, 1.0, 0.925636007536019, 0.9105124971526611, 0.8964184851191835], [0.6994404358921195, 0.7978895537543541, 0.8395674018158736, 0.850816492967304, 0.8861824753208984, 0.9074972864170084, 0.925636007536019, 1.0, 0.9384568623946338, 0.9065589755437161], [0.7151736456293095, 0.8084236933613672, 0.853486169129057, 0.8672557926270981, 0.8815234685997385, 0.9038184869252974, 0.9105124971526611, 0.9384568623946338, 1.0, 0.9494120113282108], [0.6968439730228543, 0.7851860529674192, 0.8380377066662922, 0.8605574416109004, 0.8740564945548355, 0.8981179899391871, 0.8964184851191835, 0.9065589755437161, 0.9494120113282108, 1.0]], "1": [[1.0, 0.6903806732076223, 0.6870738759071345, 0.6844713710479473, 0.6204225126482527, 0.6032791975839901, 0.5714357966860089, 0.5732819489994431, 0.5655668319620083, 0.5330631650213561], [0.6903806732076223, 1.0, 0.7136403396957922, 0.6653228302263107, 0.643108858198524, 0.6246743325131148, 0.6069127510588452, 0.61083319559734, 0.5989402853668169, 0.5652791496875962], [0.6870738759071345, 0.7136403396957922, 1.0, 0.7560168792430592, 0.7009593850105219, 0.6399564682699036, 0.6301230422172667, 0.5838425787000416, 0.6103654276628617, 0.5563248519014661], [0.6844713710479473, 0.6653228302263107, 0.7560168792430592, 1.0, 0.7699875168991552, 0.6656959512935909, 0.6269629158775984, 0.587519699236188, 0.6344549507938484, 0.5709794413856937], [0.6204225126482527, 0.643108858198524, 0.7009593850105219, 0.7699875168991552, 1.0, 0.7169657341473188, 0.6443949670641463, 0.6000858214911067, 0.6388815007225064, 0.5955598589924168], [0.6032791975839901, 0.6246743325131148, 0.6399564682699036, 0.6656959512935909, 0.7169657341473188, 1.0, 0.7623577942750175, 0.6727472630515235, 0.6717322456994843, 0.6374645100286971], [0.5714357966860089, 0.6069127510588452, 0.6301230422172667, 0.6269629158775984, 0.6443949670641463, 0.7623577942750175, 1.0, 0.7463307592896908, 0.6794931596065996, 0.6684950388630487], [0.5732819489994431, 0.61083319559734, 0.5838425787000416, 0.587519699236188, 0.6000858214911067, 0.6727472630515235, 0.7463307592896908, 1.0, 0.7055453821341676, 0.6732441064419811], [0.5655668319620083, 0.5989402853668169, 0.6103654276628617, 0.6344549507938484, 0.6388815007225064, 0.6717322456994843, 0.6794931596065996, 0.7055453821341676, 1.0, 0.7053780468653039], [0.5330631650213561, 0.5652791496875962, 0.5563248519014661, 0.5709794413856937, 0.5955598589924168, 0.6374645100286971, 0.6684950388630487, 0.6732441064419811, 0.7053780468653039, 1.0]], "2": [[1.0, 0.24384235629191214, 0.26636861425728686, 0.28053171063424465, 0.24827097770582646, 0.21564216129087904, 0.20736409440019318, 0.22157314127428715, 0.2114513103678667, 0.19283897082363333], [0.24384235629191214, 1.0, 0.24812205936359163, 0.23401546169250995, 0.24653227584906587, 0.2869126177463268, 0.23503703738544898, 0.2637866509671119, 0.21205121298375235, 0.18691194854296025], [0.26636861425728686, 0.24812205936359163, 1.0, 0.26826396311365636, 0.2900179130763987, 0.24927856961635833, 0.2600232501767406, 0.1985532480542413, 0.234817253336555, 0.24494583266728892], [0.28053171063424465, 0.23401546169250995, 0.26826396311365636, 1.0, 0.2875816821024036, 0.23807865874014952, 0.22871279802296746, 0.2452151844373653, 0.2655190194377716, 0.28819517921787086], [0.24827097770582646, 0.24653227584906587, 0.2900179130763987, 0.2875816821024036, 1.0, 0.2847025399929544, 0.2736842347547779, 0.23030829366681732, 0.25341209361040445, 0.26586969293805457], [0.21564216129087904, 0.2869126177463268, 0.24927856961635833, 0.23807865874014952, 0.2847025399929544, 1.0, 0.34675414884226463, 0.32681118893285116, 0.2738497576528691, 0.2500350893533187], [0.20736409440019318, 0.23503703738544898, 0.2600232501767406, 0.22871279802296746, 0.2736842347547779, 0.34675414884226463, 1.0, 0.2600768369249094, 0.2648135549322102, 0.23659339442961264], [0.22157314127428715, 0.2637866509671119, 0.1985532480542413, 0.2452151844373653, 0.23030829366681732, 0.32681118893285116, 0.2600768369249094, 1.0, 0.2284463564979781, 0.2661676222830768], [0.2114513103678667, 0.21205121298375235, 0.234817253336555, 0.2655190194377716, 0.25341209361040445, 0.2738497576528691, 0.2648135549322102, 0.2284463564979781, 1.0, 0.20820705437931927], [0.19283897082363333, 0.18691194854296025, 0.24494583266728892, 0.28819517921787086, 0.26586969293805457, 0.2500350893533187, 0.23659339442961264, 0.2661676222830768, 0.20820705437931927, 1.0]]}, "per_layer_inter": {"0": 0.8534461818609704, "1": 0.6446567202793847, "2": 0.25044860028373517}, "O_inter": 0.5828505008080301, "O_intra": 1.0, "Obar": 0.5828505008080301, "inner": -0.41714949919196986}, "phase_stability": "N/A - no oscillator state"}}