{"rung": "R5:depthwise", "scenario": "class", "nexp": 10, "epochs": 50, "seed": 2, "metrics": {"Top1_Acc_Exp/eval_phase/test_stream/Task000/Exp000": 0.0, "Top1_Acc_Exp/eval_phase/test_stream/Task000/Exp001": 0.0, "Top1_Acc_Exp/eval_phase/test_stream/Task000/Exp002": 0.0, "Top1_Acc_Exp/eval_phase/test_stream/Task000/Exp003": 0.0, "Top1_Acc_Exp/eval_phase/test_stream/Task000/Exp004": 0.0, "Top1_Acc_Exp/eval_phase/test_stream/Task000/Exp005": 0.0, "Top1_Acc_Exp/eval_phase/test_stream/Task000/Exp006": 0.0, "Top1_Acc_Exp/eval_phase/test_stream/Task000/Exp007": 0.0, "Top1_Acc_Exp/eval_phase/test_stream/Task000/Exp008": 0.0, "Top1_Acc_Exp/eval_phase/test_stream/Task000/Exp009": 0.817, "Top1_Acc_Stream/eval_phase/test_stream/Task000": 0.0817, "StreamForgetting/eval_phase/test_stream": 0.7731111111111111, "StreamBWT/eval_phase/test_stream": -0.7731111111111111, "ExperienceForgetting/eval_phase/test_stream/Task000/Exp000": 0.773, "ExperienceBWT/eval_phase/test_stream/Task000/Exp000": -0.773, "ExperienceForgetting/eval_phase/test_stream/Task000/Exp001": 0.759, "ExperienceBWT/eval_phase/test_stream/Task000/Exp001": -0.759, "ExperienceForgetting/eval_phase/test_stream/Task000/Exp002": 0.792, "ExperienceBWT/eval_phase/test_stream/Task000/Exp002": -0.792, "ExperienceForgetting/eval_phase/test_stream/Task000/Exp003": 0.815, "ExperienceBWT/eval_phase/test_stream/Task000/Exp003": -0.815, "ExperienceForgetting/eval_phase/test_stream/Task000/Exp004": 0.838, "ExperienceBWT/eval_phase/test_stream/Task000/Exp004": -0.838, "ExperienceForgetting/eval_phase/test_stream/Task000/Exp005": 0.824, "ExperienceBWT/eval_phase/test_stream/Task000/Exp005": -0.824, "ExperienceForgetting/eval_phase/test_stream/Task000/Exp006": 0.684, "ExperienceBWT/eval_phase/test_stream/Task000/Exp006": -0.684, "ExperienceForgetting/eval_phase/test_stream/Task000/Exp007": 0.739, "ExperienceBWT/eval_phase/test_stream/Task000/Exp007": -0.739, "ExperienceForgetting/eval_phase/test_stream/Task000/Exp008": 0.734, "ExperienceBWT/eval_phase/test_stream/Task000/Exp008": -0.734}, "learning_acc": [0.773, 0.759, 0.792, 0.815, 0.838, 0.824, 0.684, 0.739, 0.734, 0.817], "acc_matrix": [[0.773, 0.0, 0.0, 0.0, 0.0, 0.0, 0.0, 0.0, 0.0, 0.0], [0.0, 0.759, 0.0, 0.0, 0.0, 0.0, 0.0, 0.0, 0.0, 0.0], [0.0, 0.0, 0.792, 0.0, 0.0, 0.0, 0.0, 0.0, 0.0, 0.0], [0.0, 0.0, 0.0, 0.815, 0.0, 0.0, 0.0, 0.0, 0.0, 0.0], [0.0, 0.0, 0.0, 0.0, 0.838, 0.0, 0.0, 0.0, 0.0, 0.0], [0.0, 0.0, 0.0, 0.0, 0.0, 0.824, 0.0, 0.0, 0.0, 0.0], [0.0, 0.0, 0.0, 0.0, 0.0, 0.0, 0.684, 0.0, 0.0, 0.0], [0.0, 0.0, 0.0, 0.0, 0.0, 0.0, 0.0, 0.739, 0.0, 0.0], [0.0, 0.0, 0.0, 0.0, 0.0, 0.0, 0.0, 0.0, 0.734, 0.0], [0.0, 0.0, 0.0, 0.0, 0.0, 0.0, 0.0, 0.0, 0.0, 0.817]], "avg_forgetting": 77.3111111111111, "bwt": -77.3111111111111, "selfcheck_ok": true, "h3": {"overlap_summary": {"matrices": {"0": [[1.0, 0.9174116891827944, 0.8303866114489107, 0.8131405121871833, 0.7961635719386878, 0.7755065295737452, 0.7874951878787876, 0.7954801179500389, 0.7616235676714543, 0.7735438491715851], [0.9174116891827944, 1.0, 0.8816367294577547, 0.8426844338349198, 0.8379512258974059, 0.8058491283148222, 0.8082472483306514, 0.817486628674898, 0.7846713687674616, 0.7929110557049687], [0.8303866114489107, 0.8816367294577547, 1.0, 0.9251298291030432, 0.8960698398867153, 0.8801272238247541, 0.8791546687786852, 0.8765470917011958, 0.869437219024224, 0.8572384906451914], [0.8131405121871833, 0.8426844338349198, 0.9251298291030432, 1.0, 0.9173475496702629, 0.8962293340789849, 0.896423393432605, 0.8791944775306026, 0.8944926366494196, 0.8796100568281149], [0.7961635719386878, 0.8379512258974059, 0.8960698398867153, 0.9173475496702629, 1.0, 0.9500990622443063, 0.927917027405898, 0.9118735805745479, 0.9043229443705206, 0.9049700055635828], [0.7755065295737452, 0.8058491283148222, 0.8801272238247541, 0.8962293340789849, 0.9500990622443063, 1.0, 0.9434483274037191, 0.9085994815835174, 0.9073924353179523, 0.904558702240181], [0.7874951878787876, 0.8082472483306514, 0.8791546687786852, 0.896423393432605, 0.927917027405898, 0.9434483274037191, 1.0, 0.9365600002540867, 0.9338194451801708, 0.9259929311744851], [0.7954801179500389, 0.817486628674898, 0.8765470917011958, 0.8791944775306026, 0.9118735805745479, 0.9085994815835174, 0.9365600002540867, 1.0, 0.9431715818031028, 0.9403234592519046], [0.7616235676714543, 0.7846713687674616, 0.869437219024224, 0.8944926366494196, 0.9043229443705206, 0.9073924353179523, 0.9338194451801708, 0.9431715818031028, 1.0, 0.9541861055255326], [0.7735438491715851, 0.7929110557049687, 0.8572384906451914, 0.8796100568281149, 0.9049700055635828, 0.904558702240181, 0.9259929311744851, 0.9403234592519046, 0.9541861055255326, 1.0]], "1": [[1.0, 0.734771290727136, 0.6219830644737139, 0.6685332994265243, 0.5376370007860336, 0.54561248742047, 0.5331089211723689, 0.5481065380047028, 0.525194978190343, 0.511350978387105], [0.734771290727136, 1.0, 0.65093484801128, 0.6639888533070752, 0.5773739093290848, 0.5906596220340693, 0.5469424234257914, 0.5579096636509076, 0.5242411245932007, 0.5219799251991508], [0.6219830644737139, 0.65093484801128, 1.0, 0.6905622688807139, 0.6079088564501443, 0.5658264668206329, 0.582105127236677, 0.5909141815389646, 0.5533954926973891, 0.5481987160201788], [0.6685332994265243, 0.6639888533070752, 0.6905622688807139, 1.0, 0.6452873178581818, 0.6291449479666289, 0.5760094513681756, 0.568027521269138, 0.6006434717094757, 0.5750037549325184], [0.5376370007860336, 0.5773739093290848, 0.6079088564501443, 0.6452873178581818, 1.0, 0.6591798469129762, 0.6142788590875379, 0.5824701503033785, 0.5504302863239715, 0.5630824380890654], [0.54561248742047, 0.5906596220340693, 0.5658264668206329, 0.6291449479666289, 0.6591798469129762, 1.0, 0.6595702634975839, 0.5361685576838564, 0.5120408293577733, 0.5400623476479857], [0.5331089211723689, 0.5469424234257914, 0.582105127236677, 0.5760094513681756, 0.6142788590875379, 0.6595702634975839, 1.0, 0.6508076687670755, 0.5689109972695082, 0.5706490580406475], [0.5481065380047028, 0.5579096636509076, 0.5909141815389646, 0.568027521269138, 0.5824701503033785, 0.5361685576838564, 0.6508076687670755, 1.0, 0.605866962445998, 0.5818164783742784], [0.525194978190343, 0.5242411245932007, 0.5533954926973891, 0.6006434717094757, 0.5504302863239715, 0.5120408293577733, 0.5689109972695082, 0.605866962445998, 1.0, 0.6808690927205536], [0.511350978387105, 0.5219799251991508, 0.5481987160201788, 0.5750037549325184, 0.5630824380890654, 0.5400623476479857, 0.5706490580406475, 0.5818164783742784, 0.6808690927205536, 1.0]], "2": [[1.0, 0.2798725521786372, 0.37155692976323296, 0.2711412140669945, 0.25490023545177887, 0.24803864239648213, 0.2674325096022521, 0.26480674601674303, 0.3076468795553072, 0.26945521012486606], [0.2798725521786372, 1.0, 0.24064454888085166, 0.20945531687028685, 0.2709540780160104, 0.30791059569815815, 0.20065178413722254, 0.20507136766224718, 0.19496935220878894, 0.185591947862615], [0.37155692976323296, 0.24064454888085166, 1.0, 0.2379293382555419, 0.2624312254258679, 0.23840980426058853, 0.2546367975852787, 0.2390935869116683, 0.28321861212369964, 0.25375592224604904], [0.2711412140669945, 0.20945531687028685, 0.2379293382555419, 1.0, 0.2425345379926138, 0.2555582290053485, 0.256032048336035, 0.2379865908562549, 0.2773163531819763, 0.24555776019849446], [0.25490023545177887, 0.2709540780160104, 0.2624312254258679, 0.2425345379926138, 1.0, 0.3323456377471302, 0.25763736440245844, 0.33097348026498535, 0.20615814977822494, 0.23633008220750507], [0.24803864239648213, 0.30791059569815815, 0.23840980426058853, 0.2555582290053485, 0.3323456377471302, 1.0, 0.18972164053893317, 0.21772373072231405, 0.21293395874506887, 0.22626691398394982], [0.2674325096022521, 0.20065178413722254, 0.2546367975852787, 0.256032048336035, 0.25763736440245844, 0.18972164053893317, 1.0, 0.32380168622198596, 0.2419164592081443, 0.24881588492783344], [0.26480674601674303, 0.20507136766224718, 0.2390935869116683, 0.2379865908562549, 0.33097348026498535, 0.21772373072231405, 0.32380168622198596, 1.0, 0.24860394672763672, 0.28531726793560347], [0.3076468795553072, 0.19496935220878894, 0.28321861212369964, 0.2773163531819763, 0.20615814977822494, 0.21293395874506887, 0.2419164592081443, 0.24860394672763672, 1.0, 0.3144689911273713], [0.26945521012486606, 0.185591947862615, 0.25375592224604904, 0.24555776019849446, 0.23633008220750507, 0.22626691398394982, 0.24881588492783344, 0.28531726793560347, 0.3144689911273713, 1.0]]}, "per_layer_inter": {"0": 0.8725872523785193, "1": 0.5882124519868881, "2": 0.2557239091424675}, "O_inter": 0.5721745378359583, "O_intra": 1.0, "Obar": 0.5721745378359583, "inner": -0.4278254621640417}, "phase_stability": "N/A - no oscillator state"}}