{"rung": "R5:frozen_J", "scenario": "class", "nexp": 10, "epochs": 50, "seed": 6, "metrics": {"Top1_Acc_Exp/eval_phase/test_stream/Task000/Exp000": 0.0, "Top1_Acc_Exp/eval_phase/test_stream/Task000/Exp001": 0.0, "Top1_Acc_Exp/eval_phase/test_stream/Task000/Exp002": 0.0, "Top1_Acc_Exp/eval_phase/test_stream/Task000/Exp003": 0.0, "Top1_Acc_Exp/eval_phase/test_stream/Task000/Exp004": 0.0, "Top1_Acc_Exp/eval_phase/test_stream/Task000/Exp005": 0.0, "Top1_Acc_Exp/eval_phase/test_stream/Task000/Exp006": 0.0, "Top1_Acc_Exp/eval_phase/test_stream/Task000/Exp007": 0.0, "Top1_Acc_Exp/eval_phase/test_stream/Task000/Exp008": 0.0, "Top1_Acc_Exp/eval_phase/test_stream/Task000/Exp009": 0.844, "Top1_Acc_Stream/eval_phase/test_stream/Task000": 0.0844, "StreamForgetting/eval_phase/test_stream": 0.7594444444444445, "StreamBWT/eval_phase/test_stream": -0.7594444444444445, "ExperienceForgetting/eval_phase/test_stream/Task000/Exp000": 0.703, "ExperienceBWT/eval_phase/test_stream/Task000/Exp000": -0.703, "ExperienceForgetting/eval_phase/test_stream/Task000/Exp001": 0.766, "ExperienceBWT/eval_phase/test_stream/Task000/Exp001": -0.766, "ExperienceForgetting/eval_phase/test_stream/Task000/Exp002": 0.736, "ExperienceBWT/eval_phase/test_stream/Task000/Exp002": -0.736, "ExperienceForgetting/eval_phase/test_stream/Task000/Exp003": 0.722, "ExperienceBWT/eval_phase/test_stream/Task000/Exp003": -0.722, "ExperienceForgetting/eval_phase/test_stream/Task000/Exp004": 0.8, "ExperienceBWT/eval_phase/test_stream/Task000/Exp004": -0.8, "ExperienceForgetting/eval_phase/test_stream/Task000/Exp005": 0.786, "ExperienceBWT/eval_phase/test_stream/Task000/Exp005": -0.786, "ExperienceForgetting/eval_phase/test_stream/Task000/Exp006": 0.7, "ExperienceBWT/eval_phase/test_stream/Task000/Exp006": -0.7, "ExperienceForgetting/eval_phase/test_stream/Task000/Exp007": 0.789, "ExperienceBWT/eval_phase/test_stream/Task000/Exp007": -0.789, "ExperienceForgetting/eval_phase/test_stream/Task000/Exp008": 0.833, "ExperienceBWT/eval_phase/test_stream/Task000/Exp008": -0.833}, "learning_acc": [0.703, 0.766, 0.736, 0.722, 0.8, 0.786, 0.7, 0.789, 0.833, 0.844], "acc_matrix": [[0.703, 0.0, 0.0, 0.0, 0.0, 0.0, 0.0, 0.0, 0.0, 0.0], [0.0, 0.766, 0.0, 0.0, 0.0, 0.0, 0.0, 0.0, 0.0, 0.0], [0.0, 0.0, 0.736, 0.0, 0.0, 0.0, 0.0, 0.0, 0.0, 0.0], [0.0, 0.0, 0.0, 0.722, 0.0, 0.0, 0.0, 0.0, 0.0, 0.0], [0.0, 0.0, 0.0, 0.0, 0.8, 0.0, 0.0, 0.0, 0.0, 0.0], [0.0, 0.0, 0.0, 0.0, 0.0, 0.786, 0.0, 0.0, 0.0, 0.0], [0.0, 0.0, 0.0, 0.0, 0.0, 0.0, 0.7, 0.0, 0.0, 0.0], [0.0, 0.0, 0.0, 0.0, 0.0, 0.0, 0.0, 0.789, 0.0, 0.0], [0.0, 0.0, 0.0, 0.0, 0.0, 0.0, 0.0, 0.0, 0.833, 0.0], [0.0, 0.0, 0.0, 0.0, 0.0, 0.0, 0.0, 0.0, 0.0, 0.844]], "avg_forgetting": 75.94444444444444, "bwt": -75.94444444444444, "selfcheck_ok": true, "h3": {"overlap_summary": {"matrices": {"0": [[1.0, 0.8659119587500522, 0.8169619864428009, 0.7973138292765595, 0.7392071538229023, 0.7513664274657483, 0.770023294413287, 0.7357921617562564, 0.7052066452174474, 0.6883636753123844], [0.8659119587500522, 1.0, 0.920974854011672, 0.9053036201728505, 0.8853620955683482, 0.8662001300189749, 0.8382309145572209, 0.8224173020708765, 0.8028922545318538, 0.7967961160769758], [0.8169619864428009, 0.920974854011672, 1.0, 0.9315860511214973, 0.907663249163841, 0.8984597558336118, 0.8892537654253532, 0.8761873309920468, 0.8679718103880242, 0.8593089341734345], [0.7973138292765595, 0.9053036201728505, 0.9315860511214973, 1.0, 0.946345565319179, 0.9246570878099903, 0.9176158201985334, 0.9021305111423283, 0.8884929079183095, 0.8667537891764127], [0.7392071538229023, 0.8853620955683482, 0.907663249163841, 0.946345565319179, 1.0, 0.9569701226122742, 0.9126142816548743, 0.9119667732807938, 0.8992278779598193, 0.9040448546097223], [0.7513664274657483, 0.8662001300189749, 0.8984597558336118, 0.9246570878099903, 0.9569701226122742, 1.0, 0.9222219715658048, 0.9184556988147055, 0.9080915977807775, 0.9143678476448543], [0.770023294413287, 0.8382309145572209, 0.8892537654253532, 0.9176158201985334, 0.9126142816548743, 0.9222219715658048, 1.0, 0.948003236266226, 0.9174203049141287, 0.8993287736220617], [0.7357921617562564, 0.8224173020708765, 0.8761873309920468, 0.9021305111423283, 0.9119667732807938, 0.9184556988147055, 0.948003236266226, 1.0, 0.9480033941312129, 0.9277138890650777], [0.7052066452174474, 0.8028922545318538, 0.8679718103880242, 0.8884929079183095, 0.8992278779598193, 0.9080915977807775, 0.9174203049141287, 0.9480033941312129, 1.0, 0.9314287880325309], [0.6883636753123844, 0.7967961160769758, 0.8593089341734345, 0.8667537891764127, 0.9040448546097223, 0.9143678476448543, 0.8993287736220617, 0.9277138890650777, 0.9314287880325309, 1.0]], "1": [[1.0, 0.6107812178992105, 0.44174987595410387, 0.41770279764868723, 0.4708895071261855, 0.45262802773871524, 0.43323006537197817, 0.3783709786783301, 0.38714903604368717, 0.35109184979596647], [0.6107812178992105, 1.0, 0.5303436378000754, 0.5421478097131239, 0.5591622079484448, 0.5016789221751903, 0.46699194206397204, 0.46569477370192774, 0.4427177427331886, 0.3830406458474949], [0.44174987595410387, 0.5303436378000754, 1.0, 0.5238826332018369, 0.48398651139194315, 0.470416855437798, 0.4932308517253357, 0.4787924647799504, 0.4454306475203378, 0.43725769132045517], [0.41770279764868723, 0.5421478097131239, 0.5238826332018369, 1.0, 0.6055222366324274, 0.5040233605962756, 0.48424351256561116, 0.46974476531028503, 0.47057138266239834, 0.413082770812292], [0.4708895071261855, 0.5591622079484448, 0.48398651139194315, 0.6055222366324274, 1.0, 0.5734228071695364, 0.48493477674896607, 0.47656211736019405, 0.4222244039994684, 0.40716629209987276], [0.45262802773871524, 0.5016789221751903, 0.470416855437798, 0.5040233605962756, 0.5734228071695364, 1.0, 0.589753203054357, 0.5198099380068895, 0.49076825176205763, 0.4130317733297194], [0.43323006537197817, 0.46699194206397204, 0.4932308517253357, 0.48424351256561116, 0.48493477674896607, 0.589753203054357, 1.0, 0.5867865039536728, 0.5160105357754388, 0.4343540478303362], [0.3783709786783301, 0.46569477370192774, 0.4787924647799504, 0.46974476531028503, 0.47656211736019405, 0.5198099380068895, 0.5867865039536728, 1.0, 0.6120863049277859, 0.4824016114605276], [0.38714903604368717, 0.4427177427331886, 0.4454306475203378, 0.47057138266239834, 0.4222244039994684, 0.49076825176205763, 0.5160105357754388, 0.6120863049277859, 1.0, 0.5353029057305543], [0.35109184979596647, 0.3830406458474949, 0.43725769132045517, 0.413082770812292, 0.40716629209987276, 0.4130317733297194, 0.4343540478303362, 0.4824016114605276, 0.5353029057305543, 1.0]], "2": [[1.0, 0.35980287000840744, 0.2210272438208396, 0.20031405881208472, 0.2664236978626925, 0.2809877696064362, 0.25130930166724014, 0.2751179891236935, 0.23414125393960533, 0.2070484537246919], [0.35980287000840744, 1.0, 0.28429195066565144, 0.32935946483410716, 0.310182278534292, 0.27340169132438347, 0.22856223473322004, 0.2702762761381364, 0.2603645220507862, 0.2603823743641305], [0.2210272438208396, 0.28429195066565144, 1.0, 0.23169379213352737, 0.23343226365886724, 0.21125604725827568, 0.191794812374904, 0.23208794643694633, 0.17856145684001928, 0.2567704559071534], [0.20031405881208472, 0.32935946483410716, 0.23169379213352737, 1.0, 0.29616145491029977, 0.3053759704801787, 0.24986882198414925, 0.23389359991622805, 0.3236884801332888, 0.2606989491453345], [0.2664236978626925, 0.310182278534292, 0.23343226365886724, 0.29616145491029977, 1.0, 0.2823481000757727, 0.2112752588821385, 0.23671579217148433, 0.23154544231825816, 0.3055858458287023], [0.2809877696064362, 0.27340169132438347, 0.21125604725827568, 0.3053759704801787, 0.2823481000757727, 1.0, 0.3137262552480144, 0.21383655492229117, 0.31582928993354037, 0.26887073582020116], [0.25130930166724014, 0.22856223473322004, 0.191794812374904, 0.24986882198414925, 0.2112752588821385, 0.3137262552480144, 1.0, 0.20724982581732448, 0.2569595624206216, 0.2107623388340446], [0.2751179891236935, 0.2702762761381364, 0.23208794643694633, 0.23389359991622805, 0.23671579217148433, 0.21383655492229117, 0.20724982581732448, 1.0, 0.30553618175946395, 0.223491084471867], [0.23414125393960533, 0.2603645220507862, 0.17856145684001928, 0.3236884801332888, 0.23154544231825816, 0.31582928993354037, 0.2569595624206216, 0.30553618175946395, 1.0, 0.2295576788847987], [0.2070484537246919, 0.2603823743641305, 0.2567704559071534, 0.2606989491453345, 0.3055858458287023, 0.26887073582020116, 0.2107623388340446, 0.223491084471867, 0.2295576788847987, 1.0]]}, "per_layer_inter": {"0": 0.8712135646685253, "1": 0.4813371598979246, "2": 0.25625705399506876}, "O_inter": 0.5362692595205062, "O_intra": 1.0, "Obar": 0.5362692595205062, "inner": -0.4637307404794938}, "phase_stability": "N/A - no oscillator state"}}