{"rung": "R5:frozen_J", "scenario": "class", "nexp": 10, "epochs": 50, "seed": 1, "metrics": {"Top1_Acc_Exp/eval_phase/test_stream/Task000/Exp000": 0.0, "Top1_Acc_Exp/eval_phase/test_stream/Task000/Exp001": 0.0, "Top1_Acc_Exp/eval_phase/test_stream/Task000/Exp002": 0.0, "Top1_Acc_Exp/eval_phase/test_stream/Task000/Exp003": 0.0, "Top1_Acc_Exp/eval_phase/test_stream/Task000/Exp004": 0.0, "Top1_Acc_Exp/eval_phase/test_stream/Task000/Exp005": 0.0, "Top1_Acc_Exp/eval_phase/test_stream/Task000/Exp006": 0.0, "Top1_Acc_Exp/eval_phase/test_stream/Task000/Exp007": 0.0, "Top1_Acc_Exp/eval_phase/test_stream/Task000/Exp008": 0.0, "Top1_Acc_Exp/eval_phase/test_stream/Task000/Exp009": 0.816, "Top1_Acc_Stream/eval_phase/test_stream/Task000": 0.0816, "StreamForgetting/eval_phase/test_stream": 0.7628888888888888, "StreamBWT/eval_phase/test_stream": -0.7628888888888888, "ExperienceForgetting/eval_phase/test_stream/Task000/Exp000": 0.636, "ExperienceBWT/eval_phase/test_stream/Task000/Exp000": -0.636, "ExperienceForgetting/eval_phase/test_stream/Task000/Exp001": 0.728, "ExperienceBWT/eval_phase/test_stream/Task000/Exp001": -0.728, "ExperienceForgetting/eval_phase/test_stream/Task000/Exp002": 0.802, "ExperienceBWT/eval_phase/test_stream/Task000/Exp002": -0.802, "ExperienceForgetting/eval_phase/test_stream/Task000/Exp003": 0.787, "ExperienceBWT/eval_phase/test_stream/Task000/Exp003": -0.787, "ExperienceForgetting/eval_phase/test_stream/Task000/Exp004": 0.836, "ExperienceBWT/eval_phase/test_stream/Task000/Exp004": -0.836, "ExperienceForgetting/eval_phase/test_stream/Task000/Exp005": 0.771, "ExperienceBWT/eval_phase/test_stream/Task000/Exp005": -0.771, "ExperienceForgetting/eval_phase/test_stream/Task000/Exp006": 0.787, "ExperienceBWT/eval_phase/test_stream/Task000/Exp006": -0.787, "ExperienceForgetting/eval_phase/test_stream/Task000/Exp007": 0.768, "ExperienceBWT/eval_phase/test_stream/Task000/Exp007": -0.768, "ExperienceForgetting/eval_phase/test_stream/Task000/Exp008": 0.751, "ExperienceBWT/eval_phase/test_stream/Task000/Exp008": -0.751}, "learning_acc": [0.636, 0.728, 0.802, 0.787, 0.836, 0.771, 0.787, 0.768, 0.751, 0.816], "acc_matrix": [[0.636, 0.0, 0.0, 0.0, 0.0, 0.0, 0.0, 0.0, 0.0, 0.0], [0.0, 0.728, 0.0, 0.0, 0.0, 0.0, 0.0, 0.0, 0.0, 0.0], [0.0, 0.0, 0.802, 0.0, 0.0, 0.0, 0.0, 0.0, 0.0, 0.0], [0.0, 0.0, 0.0, 0.787, 0.0, 0.0, 0.0, 0.0, 0.0, 0.0], [0.0, 0.0, 0.0, 0.0, 0.836, 0.0, 0.0, 0.0, 0.0, 0.0], [0.0, 0.0, 0.0, 0.0, 0.0, 0.771, 0.0, 0.0, 0.0, 0.0], [0.0, 0.0, 0.0, 0.0, 0.0, 0.0, 0.787, 0.0, 0.0, 0.0], [0.0, 0.0, 0.0, 0.0, 0.0, 0.0, 0.0, 0.768, 0.0, 0.0], [0.0, 0.0, 0.0, 0.0, 0.0, 0.0, 0.0, 0.0, 0.751, 0.0], [0.0, 0.0, 0.0, 0.0, 0.0, 0.0, 0.0, 0.0, 0.0, 0.816]], "avg_forgetting": 76.28888888888889, "bwt": -76.28888888888889, "selfcheck_ok": true, "h3": {"overlap_summary": {"matrices": {"0": [[1.0, 0.8702531654533829, 0.785940814986755, 0.7521610344633893, 0.6985174302478226, 0.6799644543298705, 0.6279405687834037, 0.6606232723133654, 0.6437862856846575, 0.6079016357023058], [0.8702531654533829, 1.0, 0.9270025987572371, 0.8908078831426878, 0.8307454033950857, 0.7976787721274388, 0.774088192404007, 0.7821367493160338, 0.7776723829294412, 0.7613914155144853], [0.785940814986755, 0.9270025987572371, 1.0, 0.9435735364143696, 0.8792288262494417, 0.8536262842790975, 0.8480470934296351, 0.8466640678452574, 0.8456637733716065, 0.8347710299732426], [0.7521610344633893, 0.8908078831426878, 0.9435735364143696, 1.0, 0.930615653616908, 0.8931983563708042, 0.8808504420883608, 0.8846033901998187, 0.8799037625042283, 0.8701790174672417], [0.6985174302478226, 0.8307454033950857, 0.8792288262494417, 0.930615653616908, 1.0, 0.9268689166556534, 0.9110561573993983, 0.8890165058407483, 0.8745968110804943, 0.8691979154442631], [0.6799644543298705, 0.7976787721274388, 0.8536262842790975, 0.8931983563708042, 0.9268689166556534, 1.0, 0.9279560314155252, 0.9146660765922846, 0.8895239140734721, 0.8905510103820713], [0.6279405687834037, 0.774088192404007, 0.8480470934296351, 0.8808504420883608, 0.9110561573993983, 0.9279560314155252, 1.0, 0.9406269616022129, 0.9193063846930406, 0.9149585693169074], [0.6606232723133654, 0.7821367493160338, 0.8466640678452574, 0.8846033901998187, 0.8890165058407483, 0.9146660765922846, 0.9406269616022129, 1.0, 0.9411689982757083, 0.9248758939981538], [0.6437862856846575, 0.7776723829294412, 0.8456637733716065, 0.8799037625042283, 0.8745968110804943, 0.8895239140734721, 0.9193063846930406, 0.9411689982757083, 1.0, 0.9537608900172376], [0.6079016357023058, 0.7613914155144853, 0.8347710299732426, 0.8701790174672417, 0.8691979154442631, 0.8905510103820713, 0.9149585693169074, 0.9248758939981538, 0.9537608900172376, 1.0]], "1": [[1.0, 0.5251433656584893, 0.48873816889721583, 0.4591574310469811, 0.42002447754886496, 0.4026431836606877, 0.39512635243544897, 0.4056974181102016, 0.4383917830020524, 0.3752941754825787], [0.5251433656584893, 1.0, 0.6766187949651532, 0.5997329853284386, 0.569635565439055, 0.47882847983297, 0.5149156434092107, 0.4904041264171774, 0.45417811136957975, 0.4541317648507238], [0.48873816889721583, 0.6766187949651532, 1.0, 0.6847247801225509, 0.6277892948117346, 0.554232205057055, 0.5702777621529446, 0.5416535515683386, 0.4714511594283394, 0.5266297513947865], [0.4591574310469811, 0.5997329853284386, 0.6847247801225509, 1.0, 0.5920086622254066, 0.5539141482352116, 0.5429842308039594, 0.5349636904430428, 0.4735250963070601, 0.4910633443846111], [0.42002447754886496, 0.569635565439055, 0.6277892948117346, 0.5920086622254066, 1.0, 0.5645250440565565, 0.5448542627504209, 0.5235286187254169, 0.4470148878791033, 0.5067161529909571], [0.4026431836606877, 0.47882847983297, 0.554232205057055, 0.5539141482352116, 0.5645250440565565, 1.0, 0.6214416373769815, 0.552999086820808, 0.47580930560530244, 0.516932756406272], [0.39512635243544897, 0.5149156434092107, 0.5702777621529446, 0.5429842308039594, 0.5448542627504209, 0.6214416373769815, 1.0, 0.6031209094315451, 0.5173146684337946, 0.5114326391920403], [0.4056974181102016, 0.4904041264171774, 0.5416535515683386, 0.5349636904430428, 0.5235286187254169, 0.552999086820808, 0.6031209094315451, 1.0, 0.6217265078459099, 0.5831082228645154], [0.4383917830020524, 0.45417811136957975, 0.4714511594283394, 0.4735250963070601, 0.4470148878791033, 0.47580930560530244, 0.5173146684337946, 0.6217265078459099, 1.0, 0.5498433117733329], [0.3752941754825787, 0.4541317648507238, 0.5266297513947865, 0.4910633443846111, 0.5067161529909571, 0.516932756406272, 0.5114326391920403, 0.5831082228645154, 0.5498433117733329, 1.0]], "2": [[1.0, 0.3053197687271301, 0.26658538410897015, 0.26495257336092304, 0.24850259195318164, 0.2226957235005332, 0.26890043781191075, 0.20846508309369907, 0.2395244308037931, 0.21653319990873812], [0.3053197687271301, 1.0, 0.28047678784656715, 0.25402558883176934, 0.33327364157103045, 0.24314781323717086, 0.2743533164935969, 0.25821213818456074, 0.23876225536142862, 0.237890390578651], [0.26658538410897015, 0.28047678784656715, 1.0, 0.2834074969406761, 0.3418038717757137, 0.2831548045996198, 0.3077250299221449, 0.2844842084281998, 0.27265915836782495, 0.2871516598774776], [0.26495257336092304, 0.25402558883176934, 0.2834074969406761, 1.0, 0.2788419939152298, 0.2878303771168931, 0.28258259465705826, 0.22905376252885468, 0.3024538515912228, 0.23874610198778679], [0.24850259195318164, 0.33327364157103045, 0.3418038717757137, 0.2788419939152298, 1.0, 0.33615829389214097, 0.3268665673476904, 0.27857737196228194, 0.25877961755664325, 0.3082813588243234], [0.2226957235005332, 0.24314781323717086, 0.2831548045996198, 0.2878303771168931, 0.33615829389214097, 1.0, 0.34827446155257447, 0.28039852043314856, 0.2907041953390321, 0.29191619476161207], [0.26890043781191075, 0.2743533164935969, 0.3077250299221449, 0.28258259465705826, 0.3268665673476904, 0.34827446155257447, 1.0, 0.3498834473885408, 0.28530821510508597, 0.28161346606964294], [0.20846508309369907, 0.25821213818456074, 0.2844842084281998, 0.22905376252885468, 0.27857737196228194, 0.28039852043314856, 0.3498834473885408, 1.0, 0.22447583626072776, 0.2843169863859295], [0.2395244308037931, 0.23876225536142862, 0.27265915836782495, 0.3024538515912228, 0.25877961755664325, 0.2907041953390321, 0.28530821510508597, 0.22447583626072776, 1.0, 0.2295403759621853], [0.21653319990873812, 0.237890390578651, 0.2871516598774776, 0.23874610198778679, 0.3082813588243234, 0.29191619476161207, 0.28161346606964294, 0.2843169863859295, 0.2295403759621853, 1.0]]}, "per_layer_inter": {"0": 0.8432815184477456, "1": 0.5212055003676184, "2": 0.2759246876871982}, "O_inter": 0.5468039021675207, "O_intra": 1.0, "Obar": 0.5468039021675207, "inner": -0.45319609783247927}, "phase_stability": "N/A - no oscillator state"}}