{"rung": "R5:frozen_J", "scenario": "class", "nexp": 10, "epochs": 50, "seed": 3, "metrics": {"Top1_Acc_Exp/eval_phase/test_stream/Task000/Exp000": 0.0, "Top1_Acc_Exp/eval_phase/test_stream/Task000/Exp001": 0.0, "Top1_Acc_Exp/eval_phase/test_stream/Task000/Exp002": 0.0, "Top1_Acc_Exp/eval_phase/test_stream/Task000/Exp003": 0.0, "Top1_Acc_Exp/eval_phase/test_stream/Task000/Exp004": 0.0, "Top1_Acc_Exp/eval_phase/test_stream/Task000/Exp005": 0.0, "Top1_Acc_Exp/eval_phase/test_stream/Task000/Exp006": 0.0, "Top1_Acc_Exp/eval_phase/test_stream/Task000/Exp007": 0.0, "Top1_Acc_Exp/eval_phase/test_stream/Task000/Exp008": 0.0, "Top1_Acc_Exp/eval_phase/test_stream/Task000/Exp009": 0.753, "Top1_Acc_Stream/eval_phase/test_stream/Task000": 0.0753, "StreamForgetting/eval_phase/test_stream": 0.7742222222222224, "StreamBWT/eval_phase/test_stream": -0.7742222222222224, "ExperienceForgetting/eval_phase/test_stream/Task000/Exp000": 0.694, "ExperienceBWT/eval_phase/test_stream/Task000/Exp000": -0.694, "ExperienceForgetting/eval_phase/test_stream/Task000/Exp001": 0.716, "ExperienceBWT/eval_phase/test_stream/Task000/Exp001": -0.716, "ExperienceForgetting/eval_phase/test_stream/Task000/Exp002": 0.694, "ExperienceBWT/eval_phase/test_stream/Task000/Exp002": -0.694, "ExperienceForgetting/eval_phase/test_stream/Task000/Exp003": 0.825, "ExperienceBWT/eval_phase/test_stream/Task000/Exp003": -0.825, "ExperienceForgetting/eval_phase/test_stream/Task000/Exp004": 0.859, "ExperienceBWT/eval_phase/test_stream/Task000/Exp004": -0.859, "ExperienceForgetting/eval_phase/test_stream/Task000/Exp005": 0.804, "ExperienceBWT/eval_phase/test_stream/Task000/Exp005": -0.804, "ExperienceForgetting/eval_phase/test_stream/Task000/Exp006": 0.756, "ExperienceBWT/eval_phase/test_stream/Task000/Exp006": -0.756, "ExperienceForgetting/eval_phase/test_stream/Task000/Exp007": 0.782, "ExperienceBWT/eval_phase/test_stream/Task000/Exp007": -0.782, "ExperienceForgetting/eval_phase/test_stream/Task000/Exp008": 0.838, "ExperienceBWT/eval_phase/test_stream/Task000/Exp008": -0.838}, "learning_acc": [0.694, 0.716, 0.694, 0.825, 0.859, 0.804, 0.756, 0.782, 0.838, 0.753], "acc_matrix": [[0.694, 0.0, 0.0, 0.0, 0.0, 0.0, 0.0, 0.0, 0.0, 0.0], [0.0, 0.716, 0.0, 0.0, 0.0, 0.0, 0.0, 0.0, 0.0, 0.0], [0.0, 0.0, 0.694, 0.0, 0.0, 0.0, 0.0, 0.0, 0.0, 0.0], [0.0, 0.0, 0.0, 0.825, 0.0, 0.0, 0.0, 0.0, 0.0, 0.0], [0.0, 0.0, 0.0, 0.0, 0.859, 0.0, 0.0, 0.0, 0.0, 0.0], [0.0, 0.0, 0.0, 0.0, 0.0, 0.804, 0.0, 0.0, 0.0, 0.0], [0.0, 0.0, 0.0, 0.0, 0.0, 0.0, 0.756, 0.0, 0.0, 0.0], [0.0, 0.0, 0.0, 0.0, 0.0, 0.0, 0.0, 0.782, 0.0, 0.0], [0.0, 0.0, 0.0, 0.0, 0.0, 0.0, 0.0, 0.0, 0.838, 0.0], [0.0, 0.0, 0.0, 0.0, 0.0, 0.0, 0.0, 0.0, 0.0, 0.753]], "avg_forgetting": 77.42222222222223, "bwt": -77.42222222222223, "selfcheck_ok": true, "h3": {"overlap_summary": {"matrices": {"0": [[1.0, 0.845072812772994, 0.6999131830155584, 0.736733340864634, 0.7084302461248677, 0.6714028370914706, 0.613476458234368, 0.6122759460087069, 0.595819144517963, 0.5718711383921254], [0.845072812772994, 1.0, 0.871651698941798, 0.8808828671245008, 0.8411753182015245, 0.8168230917666562, 0.7983756752444606, 0.7967628504409472, 0.7820554017744507, 0.7629421036781561], [0.6999131830155584, 0.871651698941798, 1.0, 0.9390780404328787, 0.881277374679231, 0.885338302286956, 0.8925930502396842, 0.8629426058881353, 0.8724495974997036, 0.858226540332368], [0.736733340864634, 0.8808828671245008, 0.9390780404328787, 1.0, 0.9197999105068617, 0.904055805167605, 0.8926644585665356, 0.8774817556877962, 0.8750460175483212, 0.8542626715685494], [0.7084302461248677, 0.8411753182015245, 0.881277374679231, 0.9197999105068617, 1.0, 0.9318292608131306, 0.9012579574106889, 0.8965748256221117, 0.8511711614261147, 0.8488492842484785], [0.6714028370914706, 0.8168230917666562, 0.885338302286956, 0.904055805167605, 0.9318292608131306, 1.0, 0.9339583783586963, 0.9122309637215777, 0.8784349027965702, 0.8679358888826585], [0.613476458234368, 0.7983756752444606, 0.8925930502396842, 0.8926644585665356, 0.9012579574106889, 0.9339583783586963, 1.0, 0.9445677252058015, 0.917688517713278, 0.908316991891631], [0.6122759460087069, 0.7967628504409472, 0.8629426058881353, 0.8774817556877962, 0.8965748256221117, 0.9122309637215777, 0.9445677252058015, 1.0, 0.935913693232779, 0.9312305946477752], [0.595819144517963, 0.7820554017744507, 0.8724495974997036, 0.8750460175483212, 0.8511711614261147, 0.8784349027965702, 0.917688517713278, 0.935913693232779, 1.0, 0.9446669601247432], [0.5718711383921254, 0.7629421036781561, 0.858226540332368, 0.8542626715685494, 0.8488492842484785, 0.8679358888826585, 0.908316991891631, 0.9312305946477752, 0.9446669601247432, 1.0]], "1": [[1.0, 0.6587461146394517, 0.6362501443831701, 0.6019570414224472, 0.5442888011250003, 0.5211100548217675, 0.4759272955413684, 0.54105464491557, 0.5000865523128997, 0.4996925586170806], [0.6587461146394517, 1.0, 0.7566815272770973, 0.6931832745303296, 0.6457556954053704, 0.5704710976078153, 0.527478911768562, 0.6062585185918257, 0.52676791658045, 0.5573410268648379], [0.6362501443831701, 0.7566815272770973, 1.0, 0.784238315202128, 0.6898323042693915, 0.5824755860285236, 0.5568234297512498, 0.6366029285241425, 0.5257183865941497, 0.576417885361876], [0.6019570414224472, 0.6931832745303296, 0.784238315202128, 1.0, 0.7300326349950956, 0.6126993425795997, 0.5673141022992576, 0.6422527466288339, 0.5594693328498498, 0.6015287346303717], [0.5442888011250003, 0.6457556954053704, 0.6898323042693915, 0.7300326349950956, 1.0, 0.6623586280320698, 0.5970646601827713, 0.6768245407089329, 0.5695286543680532, 0.6179648888442905], [0.5211100548217675, 0.5704710976078153, 0.5824755860285236, 0.6126993425795997, 0.6623586280320698, 1.0, 0.6328375277879065, 0.6327234139207624, 0.5362893604377404, 0.5690789540142868], [0.4759272955413684, 0.527478911768562, 0.5568234297512498, 0.5673141022992576, 0.5970646601827713, 0.6328375277879065, 1.0, 0.7211334412039091, 0.5856595269734148, 0.6050597210121522], [0.54105464491557, 0.6062585185918257, 0.6366029285241425, 0.6422527466288339, 0.6768245407089329, 0.6327234139207624, 0.7211334412039091, 1.0, 0.6744385007065802, 0.6819638131178817], [0.5000865523128997, 0.52676791658045, 0.5257183865941497, 0.5594693328498498, 0.5695286543680532, 0.5362893604377404, 0.5856595269734148, 0.6744385007065802, 1.0, 0.7135475217450109], [0.4996925586170806, 0.5573410268648379, 0.576417885361876, 0.6015287346303717, 0.6179648888442905, 0.5690789540142868, 0.6050597210121522, 0.6819638131178817, 0.7135475217450109, 1.0]], "2": [[1.0, 0.24882237768016807, 0.23085658264244907, 0.23302658372100665, 0.2943005883228777, 0.24968113849133522, 0.20132401033420333, 0.260967002156883, 0.22140614179460363, 0.24895744569093847], [0.24882237768016807, 1.0, 0.23285295619718713, 0.34725377158275517, 0.3121196202778109, 0.2080187340999119, 0.1657649027438093, 0.2262191332830132, 0.23128202577251025, 0.24163924550567936], [0.23085658264244907, 0.23285295619718713, 1.0, 0.2719769997635853, 0.264547859104126, 0.23113298022682555, 0.24204786724053517, 0.29313549276793643, 0.2205529833384499, 0.2726460776856949], [0.23302658372100665, 0.34725377158275517, 0.2719769997635853, 1.0, 0.35865674855654023, 0.25331310329782813, 0.2121864835865995, 0.2673300498688861, 0.20628894867182082, 0.25700589820997743], [0.2943005883228777, 0.3121196202778109, 0.264547859104126, 0.35865674855654023, 1.0, 0.31010778576115094, 0.21731863932441112, 0.3150614389946976, 0.26269606437370724, 0.33211544953792316], [0.24968113849133522, 0.2080187340999119, 0.23113298022682555, 0.25331310329782813, 0.31010778576115094, 1.0, 0.2181243155892746, 0.23856137694158516, 0.21234102041537378, 0.2183195646522121], [0.20132401033420333, 0.1657649027438093, 0.24204786724053517, 0.2121864835865995, 0.21731863932441112, 0.2181243155892746, 1.0, 0.2348389804895509, 0.23709619500175255, 0.24609339433042426], [0.260967002156883, 0.2262191332830132, 0.29313549276793643, 0.2673300498688861, 0.3150614389946976, 0.23856137694158516, 0.2348389804895509, 1.0, 0.27773656518023554, 0.30147500022428325], [0.22140614179460363, 0.23128202577251025, 0.2205529833384499, 0.20628894867182082, 0.26269606437370724, 0.21234102041537378, 0.23709619500175255, 0.27773656518023554, 1.0, 0.2919280118800096], [0.24895744569093847, 0.24163924550567936, 0.2726460776856949, 0.25700589820997743, 0.33211544953792316, 0.2183195646522121, 0.24609339433042426, 0.30147500022428325, 0.2919280118800096, 1.0]]}, "per_layer_inter": {"0": 0.8383446077932409, "1": 0.6089984457594505, "2": 0.25375839011805645}, "O_inter": 0.5670338145569159, "O_intra": 1.0, "Obar": 0.5670338145569159, "inner": -0.4329661854430841}, "phase_stability": "N/A - no oscillator state"}}