{"rung": "R5:frozen_J", "scenario": "class", "nexp": 10, "epochs": 50, "seed": 4, "metrics": {"Top1_Acc_Exp/eval_phase/test_stream/Task000/Exp000": 0.0, "Top1_Acc_Exp/eval_phase/test_stream/Task000/Exp001": 0.0, "Top1_Acc_Exp/eval_phase/test_stream/Task000/Exp002": 0.0, "Top1_Acc_Exp/eval_phase/test_stream/Task000/Exp003": 0.0, "Top1_Acc_Exp/eval_phase/test_stream/Task000/Exp004": 0.0, "Top1_Acc_Exp/eval_phase/test_stream/Task000/Exp005": 0.0, "Top1_Acc_Exp/eval_phase/test_stream/Task000/Exp006": 0.0, "Top1_Acc_Exp/eval_phase/test_stream/Task000/Exp007": 0.0, "Top1_Acc_Exp/eval_phase/test_stream/Task000/Exp008": 0.0, "Top1_Acc_Exp/eval_phase/test_stream/Task000/Exp009": 0.831, "Top1_Acc_Stream/eval_phase/test_stream/Task000": 0.0831, "StreamForgetting/eval_phase/test_stream": 0.7634444444444445, "StreamBWT/eval_phase/test_stream": -0.7634444444444445, "ExperienceForgetting/eval_phase/test_stream/Task000/Exp000": 0.724, "ExperienceBWT/eval_phase/test_stream/Task000/Exp000": -0.724, "ExperienceForgetting/eval_phase/test_stream/Task000/Exp001": 0.787, "ExperienceBWT/eval_phase/test_stream/Task000/Exp001": -0.787, "ExperienceForgetting/eval_phase/test_stream/Task000/Exp002": 0.754, "ExperienceBWT/eval_phase/test_stream/Task000/Exp002": -0.754, "ExperienceForgetting/eval_phase/test_stream/Task000/Exp003": 0.768, "ExperienceBWT/eval_phase/test_stream/Task000/Exp003": -0.768, "ExperienceForgetting/eval_phase/test_stream/Task000/Exp004": 0.846, "ExperienceBWT/eval_phase/test_stream/Task000/Exp004": -0.846, "ExperienceForgetting/eval_phase/test_stream/Task000/Exp005": 0.838, "ExperienceBWT/eval_phase/test_stream/Task000/Exp005": -0.838, "ExperienceForgetting/eval_phase/test_stream/Task000/Exp006": 0.655, "ExperienceBWT/eval_phase/test_stream/Task000/Exp006": -0.655, "ExperienceForgetting/eval_phase/test_stream/Task000/Exp007": 0.777, "ExperienceBWT/eval_phase/test_stream/Task000/Exp007": -0.777, "ExperienceForgetting/eval_phase/test_stream/Task000/Exp008": 0.722, "ExperienceBWT/eval_phase/test_stream/Task000/Exp008": -0.722}, "learning_acc": [0.724, 0.787, 0.754, 0.768, 0.846, 0.838, 0.655, 0.777, 0.722, 0.831], "acc_matrix": [[0.724, 0.0, 0.0, 0.0, 0.0, 0.0, 0.0, 0.0, 0.0, 0.0], [0.0, 0.787, 0.0, 0.0, 0.0, 0.0, 0.0, 0.0, 0.0, 0.0], [0.0, 0.0, 0.754, 0.0, 0.0, 0.0, 0.0, 0.0, 0.0, 0.0], [0.0, 0.0, 0.0, 0.768, 0.0, 0.0, 0.0, 0.0, 0.0, 0.0], [0.0, 0.0, 0.0, 0.0, 0.846, 0.0, 0.0, 0.0, 0.0, 0.0], [0.0, 0.0, 0.0, 0.0, 0.0, 0.838, 0.0, 0.0, 0.0, 0.0], [0.0, 0.0, 0.0, 0.0, 0.0, 0.0, 0.655, 0.0, 0.0, 0.0], [0.0, 0.0, 0.0, 0.0, 0.0, 0.0, 0.0, 0.777, 0.0, 0.0], [0.0, 0.0, 0.0, 0.0, 0.0, 0.0, 0.0, 0.0, 0.722, 0.0], [0.0, 0.0, 0.0, 0.0, 0.0, 0.0, 0.0, 0.0, 0.0, 0.831]], "avg_forgetting": 76.34444444444445, "bwt": -76.34444444444445, "selfcheck_ok": true, "h3": {"overlap_summary": {"matrices": {"0": [[1.0, 0.8962098673890443, 0.8857727211973533, 0.8192656553910508, 0.8071344701825526, 0.7930995152065751, 0.7407602697090976, 0.7307509304436577, 0.7093878451328675, 0.7463959255902142], [0.8962098673890443, 1.0, 0.930067589230521, 0.8724731513742192, 0.8374420151083787, 0.8112557141618713, 0.7659330195858747, 0.7509380681453335, 0.7488482380837734, 0.7709036589886487], [0.8857727211973533, 0.930067589230521, 1.0, 0.9394981529197062, 0.9107345251188039, 0.8883830127756662, 0.8576079174384912, 0.8413062669466026, 0.8253779994246678, 0.8527560558998114], [0.8192656553910508, 0.8724731513742192, 0.9394981529197062, 1.0, 0.9518717075533698, 0.9228977339676816, 0.8993374203255453, 0.8884736391676363, 0.8688583964643976, 0.8721154681363538], [0.8071344701825526, 0.8374420151083787, 0.9107345251188039, 0.9518717075533698, 1.0, 0.9462720185596191, 0.921115937883022, 0.9070420778938076, 0.8990521109346058, 0.9035892173820073], [0.7930995152065751, 0.8112557141618713, 0.8883830127756662, 0.9228977339676816, 0.9462720185596191, 1.0, 0.9524663429354062, 0.9278829255720374, 0.9141990048475571, 0.9214152603877029], [0.7407602697090976, 0.7659330195858747, 0.8576079174384912, 0.8993374203255453, 0.921115937883022, 0.9524663429354062, 1.0, 0.9543536374009411, 0.9453288390745234, 0.9277011121640925], [0.7307509304436577, 0.7509380681453335, 0.8413062669466026, 0.8884736391676363, 0.9070420778938076, 0.9278829255720374, 0.9543536374009411, 1.0, 0.9487810123805829, 0.9302510319295274], [0.7093878451328675, 0.7488482380837734, 0.8253779994246678, 0.8688583964643976, 0.8990521109346058, 0.9141990048475571, 0.9453288390745234, 0.9487810123805829, 1.0, 0.9376570760813564], [0.7463959255902142, 0.7709036589886487, 0.8527560558998114, 0.8721154681363538, 0.9035892173820073, 0.9214152603877029, 0.9277011121640925, 0.9302510319295274, 0.9376570760813564, 1.0]], "1": [[1.0, 0.5676969099000888, 0.5470918198561348, 0.5489763101045976, 0.4712460738322311, 0.4152003851019438, 0.3929895414533408, 0.3999069949601836, 0.40782605407151623, 0.33878157379015417], [0.5676969099000888, 1.0, 0.6117967823161659, 0.6081580518198536, 0.5003101528814187, 0.42876590474427256, 0.4508768442291025, 0.47098495755424996, 0.44367320749379724, 0.39213217141871964], [0.5470918198561348, 0.6117967823161659, 1.0, 0.6582362977273569, 0.5482464422137502, 0.5117636553967052, 0.5137592841320925, 0.5145282988731971, 0.4730573199773188, 0.4197833485447231], [0.5489763101045976, 0.6081580518198536, 0.6582362977273569, 1.0, 0.6576865579240351, 0.5511415777231395, 0.5685288692793128, 0.552704618982992, 0.5101927643742697, 0.4389920552482325], [0.4712460738322311, 0.5003101528814187, 0.5482464422137502, 0.6576865579240351, 1.0, 0.5641031998445404, 0.5886167194810922, 0.5115147510970183, 0.5121376328591165, 0.40572344642792324], [0.4152003851019438, 0.42876590474427256, 0.5117636553967052, 0.5511415777231395, 0.5641031998445404, 1.0, 0.6128031279507794, 0.48913402362821434, 0.5069446847375574, 0.48425829597898185], [0.3929895414533408, 0.4508768442291025, 0.5137592841320925, 0.5685288692793128, 0.5886167194810922, 0.6128031279507794, 1.0, 0.6337592363479195, 0.5472635431112624, 0.458760325576106], [0.3999069949601836, 0.47098495755424996, 0.5145282988731971, 0.552704618982992, 0.5115147510970183, 0.48913402362821434, 0.6337592363479195, 1.0, 0.6239823286157976, 0.4828028301711124], [0.40782605407151623, 0.44367320749379724, 0.4730573199773188, 0.5101927643742697, 0.5121376328591165, 0.5069446847375574, 0.5472635431112624, 0.6239823286157976, 1.0, 0.535225824320404], [0.33878157379015417, 0.39213217141871964, 0.4197833485447231, 0.4389920552482325, 0.40572344642792324, 0.48425829597898185, 0.458760325576106, 0.4828028301711124, 0.535225824320404, 1.0]], "2": [[1.0, 0.22019119678629973, 0.26518150822582726, 0.21890038856317642, 0.2715927703056187, 0.25832360848330077, 0.19913148216622154, 0.24789185897079366, 0.242599588449295, 0.21806739606751296], [0.22019119678629973, 1.0, 0.3051079600374451, 0.3148544792176936, 0.24176577532685375, 0.18697163620154658, 0.1902208848744826, 0.26698428891548154, 0.25534712887475247, 0.25025753101865433], [0.26518150822582726, 0.3051079600374451, 1.0, 0.34606742618420816, 0.27939483026031775, 0.24318236909880575, 0.2828161058573658, 0.34031149073912237, 0.215358400086593, 0.22604159148131447], [0.21890038856317642, 0.3148544792176936, 0.34606742618420816, 1.0, 0.3243317701430968, 0.21633603520898367, 0.2511785485918795, 0.32083787785351675, 0.24700158862190108, 0.26121503295257065], [0.2715927703056187, 0.24176577532685375, 0.27939483026031775, 0.3243317701430968, 1.0, 0.2789204503607339, 0.28005266579490723, 0.27507541875708824, 0.2970722616508505, 0.19669387975380376], [0.25832360848330077, 0.18697163620154658, 0.24318236909880575, 0.21633603520898367, 0.2789204503607339, 1.0, 0.2661556109849514, 0.24836665596607096, 0.23073031735251442, 0.28415394029145513], [0.19913148216622154, 0.1902208848744826, 0.2828161058573658, 0.2511785485918795, 0.28005266579490723, 0.2661556109849514, 1.0, 0.3536159092782223, 0.18977343538154293, 0.23031259664688805], [0.24789185897079366, 0.26698428891548154, 0.34031149073912237, 0.32083787785351675, 0.27507541875708824, 0.24836665596607096, 0.3536159092782223, 1.0, 0.25826577673296897, 0.2912730879315456], [0.242599588449295, 0.25534712887475247, 0.215358400086593, 0.24700158862190108, 0.2970722616508505, 0.23073031735251442, 0.18977343538154293, 0.25826577673296897, 1.0, 0.2299898777425697], [0.21806739606751296, 0.25025753101865433, 0.22604159148131447, 0.26121503295257065, 0.19669387975380376, 0.28415394029145513, 0.23031259664688805, 0.2912730879315456, 0.2299898777425697, 1.0]]}, "per_layer_inter": {"0": 0.8682881012552569, "1": 0.5082681065793938, "2": 0.2581758763153499}, "O_inter": 0.5449106947166669, "O_intra": 1.0, "Obar": 0.5449106947166669, "inner": -0.45508930528333313}, "phase_stability": "N/A - no oscillator state"}}