{"rung": "R5:frozen_J", "scenario": "class", "nexp": 10, "epochs": 50, "seed": 2, "metrics": {"Top1_Acc_Exp/eval_phase/test_stream/Task000/Exp000": 0.0, "Top1_Acc_Exp/eval_phase/test_stream/Task000/Exp001": 0.0, "Top1_Acc_Exp/eval_phase/test_stream/Task000/Exp002": 0.0, "Top1_Acc_Exp/eval_phase/test_stream/Task000/Exp003": 0.0, "Top1_Acc_Exp/eval_phase/test_stream/Task000/Exp004": 0.0, "Top1_Acc_Exp/eval_phase/test_stream/Task000/Exp005": 0.0, "Top1_Acc_Exp/eval_phase/test_stream/Task000/Exp006": 0.0, "Top1_Acc_Exp/eval_phase/test_stream/Task000/Exp007": 0.0, "Top1_Acc_Exp/eval_phase/test_stream/Task000/Exp008": 0.0, "Top1_Acc_Exp/eval_phase/test_stream/Task000/Exp009": 0.808, "Top1_Acc_Stream/eval_phase/test_stream/Task000": 0.0808, "StreamForgetting/eval_phase/test_stream": 0.7755555555555556, "StreamBWT/eval_phase/test_stream": -0.7755555555555556, "ExperienceForgetting/eval_phase/test_stream/Task000/Exp000": 0.773, "ExperienceBWT/eval_phase/test_stream/Task000/Exp000": -0.773, "ExperienceForgetting/eval_phase/test_stream/Task000/Exp001": 0.764, "ExperienceBWT/eval_phase/test_stream/Task000/Exp001": -0.764, "ExperienceForgetting/eval_phase/test_stream/Task000/Exp002": 0.791, "ExperienceBWT/eval_phase/test_stream/Task000/Exp002": -0.791, "ExperienceForgetting/eval_phase/test_stream/Task000/Exp003": 0.823, "ExperienceBWT/eval_phase/test_stream/Task000/Exp003": -0.823, "ExperienceForgetting/eval_phase/test_stream/Task000/Exp004": 0.822, "ExperienceBWT/eval_phase/test_stream/Task000/Exp004": -0.822, "ExperienceForgetting/eval_phase/test_stream/Task000/Exp005": 0.816, "ExperienceBWT/eval_phase/test_stream/Task000/Exp005": -0.816, "ExperienceForgetting/eval_phase/test_stream/Task000/Exp006": 0.681, "ExperienceBWT/eval_phase/test_stream/Task000/Exp006": -0.681, "ExperienceForgetting/eval_phase/test_stream/Task000/Exp007": 0.766, "ExperienceBWT/eval_phase/test_stream/Task000/Exp007": -0.766, "ExperienceForgetting/eval_phase/test_stream/Task000/Exp008": 0.744, "ExperienceBWT/eval_phase/test_stream/Task000/Exp008": -0.744}, "learning_acc": [0.773, 0.764, 0.791, 0.823, 0.822, 0.816, 0.681, 0.766, 0.744, 0.808], "acc_matrix": [[0.773, 0.0, 0.0, 0.0, 0.0, 0.0, 0.0, 0.0, 0.0, 0.0], [0.0, 0.764, 0.0, 0.0, 0.0, 0.0, 0.0, 0.0, 0.0, 0.0], [0.0, 0.0, 0.791, 0.0, 0.0, 0.0, 0.0, 0.0, 0.0, 0.0], [0.0, 0.0, 0.0, 0.823, 0.0, 0.0, 0.0, 0.0, 0.0, 0.0], [0.0, 0.0, 0.0, 0.0, 0.822, 0.0, 0.0, 0.0, 0.0, 0.0], [0.0, 0.0, 0.0, 0.0, 0.0, 0.816, 0.0, 0.0, 0.0, 0.0], [0.0, 0.0, 0.0, 0.0, 0.0, 0.0, 0.681, 0.0, 0.0, 0.0], [0.0, 0.0, 0.0, 0.0, 0.0, 0.0, 0.0, 0.766, 0.0, 0.0], [0.0, 0.0, 0.0, 0.0, 0.0, 0.0, 0.0, 0.0, 0.744, 0.0], [0.0, 0.0, 0.0, 0.0, 0.0, 0.0, 0.0, 0.0, 0.0, 0.808]], "avg_forgetting": 77.55555555555556, "bwt": -77.55555555555556, "selfcheck_ok": true, "h3": {"overlap_summary": {"matrices": {"0": [[1.0, 0.8745376029995421, 0.8540492602847307, 0.8456506059246854, 0.8250778535184363, 0.7923360034393945, 0.7911716660072915, 0.781633570675599, 0.7723855277799231, 0.7687826628203062], [0.8745376029995421, 1.0, 0.9185627531313794, 0.8737885772905899, 0.8586080538658367, 0.8171579850817551, 0.8184252473886283, 0.8207723076961868, 0.80956414156709, 0.8149369340362302], [0.8540492602847307, 0.9185627531313794, 1.0, 0.9192693403120217, 0.9102960313321149, 0.852573336777305, 0.8855940141185915, 0.8809207231957158, 0.8558707793907958, 0.8619303233315458], [0.8456506059246854, 0.8737885772905899, 0.9192693403120217, 1.0, 0.9348516065376945, 0.9106153934401865, 0.905849771862176, 0.8576094422888345, 0.8754218653478757, 0.8656408819108504], [0.8250778535184363, 0.8586080538658367, 0.9102960313321149, 0.9348516065376945, 1.0, 0.930838058822249, 0.9274458258082856, 0.8981453946130664, 0.9097199039476433, 0.9050227941750546], [0.7923360034393945, 0.8171579850817551, 0.852573336777305, 0.9106153934401865, 0.930838058822249, 1.0, 0.9100357966907168, 0.8518238238582736, 0.8748297252827394, 0.8825941718693613], [0.7911716660072915, 0.8184252473886283, 0.8855940141185915, 0.905849771862176, 0.9274458258082856, 0.9100357966907168, 1.0, 0.9390699611432557, 0.922907789269135, 0.9109835250419974], [0.781633570675599, 0.8207723076961868, 0.8809207231957158, 0.8576094422888345, 0.8981453946130664, 0.8518238238582736, 0.9390699611432557, 1.0, 0.9237587514320753, 0.9235563038810973], [0.7723855277799231, 0.80956414156709, 0.8558707793907958, 0.8754218653478757, 0.9097199039476433, 0.8748297252827394, 0.922907789269135, 0.9237587514320753, 1.0, 0.9467189048587388], [0.7687826628203062, 0.8149369340362302, 0.8619303233315458, 0.8656408819108504, 0.9050227941750546, 0.8825941718693613, 0.9109835250419974, 0.9235563038810973, 0.9467189048587388, 1.0]], "1": [[1.0, 0.5419138502152835, 0.49177196504558657, 0.49293033209887616, 0.4702560573766923, 0.4923312552031003, 0.45221309323686903, 0.38699747201138873, 0.4490195345131485, 0.44837785659667184], [0.5419138502152835, 1.0, 0.5549395640107389, 0.4639920620220508, 0.47996530836888, 0.45875202597429887, 0.4206521698301648, 0.42269549117407035, 0.4286400787071022, 0.40994715127839637], [0.49177196504558657, 0.5549395640107389, 1.0, 0.5586919729628925, 0.5181403327272507, 0.4856637832294182, 0.4428072134517514, 0.4284537249375175, 0.4772296960482457, 0.44374844823419807], [0.49293033209887616, 0.4639920620220508, 0.5586919729628925, 1.0, 0.538517284989303, 0.5786160517411316, 0.46953098316051317, 0.40536849508233774, 0.4491537560724894, 0.4721610440632644], [0.4702560573766923, 0.47996530836888, 0.5181403327272507, 0.538517284989303, 1.0, 0.54035857135233, 0.485689671010114, 0.5067481485658017, 0.4234353167939186, 0.44051392046262433], [0.4923312552031003, 0.45875202597429887, 0.4856637832294182, 0.5786160517411316, 0.54035857135233, 1.0, 0.5396312512171789, 0.4496657317976413, 0.4558970170087611, 0.45615260186456996], [0.45221309323686903, 0.4206521698301648, 0.4428072134517514, 0.46953098316051317, 0.485689671010114, 0.5396312512171789, 1.0, 0.5528359122332233, 0.4325274375795837, 0.4453965335157328], [0.38699747201138873, 0.42269549117407035, 0.4284537249375175, 0.40536849508233774, 0.5067481485658017, 0.4496657317976413, 0.5528359122332233, 1.0, 0.4656342621508756, 0.46923224088923593], [0.4490195345131485, 0.4286400787071022, 0.4772296960482457, 0.4491537560724894, 0.4234353167939186, 0.4558970170087611, 0.4325274375795837, 0.4656342621508756, 1.0, 0.5671413088704312], [0.44837785659667184, 0.40994715127839637, 0.44374844823419807, 0.4721610440632644, 0.44051392046262433, 0.45615260186456996, 0.4453965335157328, 0.46923224088923593, 0.5671413088704312, 1.0]], "2": [[1.0, 0.2828769143493972, 0.35259627198966353, 0.30595001023060975, 0.3008027076637526, 0.3134505177893644, 0.26480117374183204, 0.28035638254788636, 0.31978094686769265, 0.3107137098609394], [0.2828769143493972, 1.0, 0.29404579604212966, 0.24450632458714866, 0.31325181082412656, 0.32685627377669, 0.20228454952355765, 0.26217488516783677, 0.21492861823162884, 0.260581707607291], [0.35259627198966353, 0.29404579604212966, 1.0, 0.2957006103294531, 0.23991954170526397, 0.31362366003147757, 0.21763533119298129, 0.23477468329446924, 0.29960117118756613, 0.26697850138712365], [0.30595001023060975, 0.24450632458714866, 0.2957006103294531, 1.0, 0.266715691399372, 0.3104300405517325, 0.23568719888898124, 0.27415829796186697, 0.31329695009601877, 0.24184164369352038], [0.3008027076637526, 0.31325181082412656, 0.23991954170526397, 0.266715691399372, 1.0, 0.34681902313666607, 0.28214240789788847, 0.3569847067925818, 0.21559794014560762, 0.27862259325895145], [0.3134505177893644, 0.32685627377669, 0.31362366003147757, 0.3104300405517325, 0.34681902313666607, 1.0, 0.2299581470457215, 0.30336207924951597, 0.24229803894200944, 0.29026730184375565], [0.26480117374183204, 0.20228454952355765, 0.21763533119298129, 0.23568719888898124, 0.28214240789788847, 0.2299581470457215, 1.0, 0.31226989381112713, 0.3029956358151625, 0.3277341967962897], [0.28035638254788636, 0.26217488516783677, 0.23477468329446924, 0.27415829796186697, 0.3569847067925818, 0.30336207924951597, 0.31226989381112713, 1.0, 0.27044461604296305, 0.28510065497746817], [0.31978094686769265, 0.21492861823162884, 0.29960117118756613, 0.31329695009601877, 0.21559794014560762, 0.24229803894200944, 0.3029956358151625, 0.27044461604296305, 1.0, 0.3701157915924779], [0.3107137098609394, 0.260581707607291, 0.26697850138712365, 0.24184164369352038, 0.27862259325895145, 0.29026730184375565, 0.3277341967962897, 0.28510065497746817, 0.3701157915924779, 1.0]]}, "per_layer_inter": {"0": 0.8713629998677113, "1": 0.4747630662150146, "2": 0.2838896655526569}, "O_inter": 0.5433385772117942, "O_intra": 1.0, "Obar": 0.5433385772117942, "inner": -0.45666142278820576}, "phase_stability": "N/A - no oscillator state"}}