{"rung": "R5:frozen_J", "scenario": "class", "nexp": 10, "epochs": 50, "seed": 0, "metrics": {"Top1_Acc_Exp/eval_phase/test_stream/Task000/Exp000": 0.0, "Top1_Acc_Exp/eval_phase/test_stream/Task000/Exp001": 0.0, "Top1_Acc_Exp/eval_phase/test_stream/Task000/Exp002": 0.0, "Top1_Acc_Exp/eval_phase/test_stream/Task000/Exp003": 0.0, "Top1_Acc_Exp/eval_phase/test_stream/Task000/Exp004": 0.0, "Top1_Acc_Exp/eval_phase/test_stream/Task000/Exp005": 0.0, "Top1_Acc_Exp/eval_phase/test_stream/Task000/Exp006": 0.0, "Top1_Acc_Exp/eval_phase/test_stream/Task000/Exp007": 0.0, "Top1_Acc_Exp/eval_phase/test_stream/Task000/Exp008": 0.0, "Top1_Acc_Exp/eval_phase/test_stream/Task000/Exp009": 0.814, "Top1_Acc_Stream/eval_phase/test_stream/Task000": 0.0814, "StreamForgetting/eval_phase/test_stream": 0.7721111111111111, "StreamBWT/eval_phase/test_stream": -0.7721111111111111, "ExperienceForgetting/eval_phase/test_stream/Task000/Exp000": 0.714, "ExperienceBWT/eval_phase/test_stream/Task000/Exp000": -0.714, "ExperienceForgetting/eval_phase/test_stream/Task000/Exp001": 0.759, "ExperienceBWT/eval_phase/test_stream/Task000/Exp001": -0.759, "ExperienceForgetting/eval_phase/test_stream/Task000/Exp002": 0.749, "ExperienceBWT/eval_phase/test_stream/Task000/Exp002": -0.749, "ExperienceForgetting/eval_phase/test_stream/Task000/Exp003": 0.711, "ExperienceBWT/eval_phase/test_stream/Task000/Exp003": -0.711, "ExperienceForgetting/eval_phase/test_stream/Task000/Exp004": 0.815, "ExperienceBWT/eval_phase/test_stream/Task000/Exp004": -0.815, "ExperienceForgetting/eval_phase/test_stream/Task000/Exp005": 0.783, "ExperienceBWT/eval_phase/test_stream/Task000/Exp005": -0.783, "ExperienceForgetting/eval_phase/test_stream/Task000/Exp006": 0.805, "ExperienceBWT/eval_phase/test_stream/Task000/Exp006": -0.805, "ExperienceForgetting/eval_phase/test_stream/Task000/Exp007": 0.753, "ExperienceBWT/eval_phase/test_stream/Task000/Exp007": -0.753, "ExperienceForgetting/eval_phase/test_stream/Task000/Exp008": 0.86, "ExperienceBWT/eval_phase/test_stream/Task000/Exp008": -0.86}, "learning_acc": [0.714, 0.759, 0.749, 0.711, 0.815, 0.783, 0.805, 0.753, 0.86, 0.814], "acc_matrix": [[0.714, 0.0, 0.0, 0.0, 0.0, 0.0, 0.0, 0.0, 0.0, 0.0], [0.0, 0.759, 0.0, 0.0, 0.0, 0.0, 0.0, 0.0, 0.0, 0.0], [0.0, 0.0, 0.749, 0.0, 0.0, 0.0, 0.0, 0.0, 0.0, 0.0], [0.0, 0.0, 0.0, 0.711, 0.0, 0.0, 0.0, 0.0, 0.0, 0.0], [0.0, 0.0, 0.0, 0.0, 0.815, 0.0, 0.0, 0.0, 0.0, 0.0], [0.0, 0.0, 0.0, 0.0, 0.0, 0.783, 0.0, 0.0, 0.0, 0.0], [0.0, 0.0, 0.0, 0.0, 0.0, 0.0, 0.805, 0.0, 0.0, 0.0], [0.0, 0.0, 0.0, 0.0, 0.0, 0.0, 0.0, 0.753, 0.0, 0.0], [0.0, 0.0, 0.0, 0.0, 0.0, 0.0, 0.0, 0.0, 0.86, 0.0], [0.0, 0.0, 0.0, 0.0, 0.0, 0.0, 0.0, 0.0, 0.0, 0.814]], "avg_forgetting": 77.21111111111111, "bwt": -77.21111111111111, "selfcheck_ok": true, "h3": {"overlap_summary": {"matrices": {"0": [[1.0, 0.8921237007851631, 0.8502152196620767, 0.8422475885148124, 0.8074997903188921, 0.7987669748239068, 0.7696115286737154, 0.7750070082760737, 0.7954309891318121, 0.7837185964852056], [0.8921237007851631, 1.0, 0.9218499896508922, 0.8954684540116853, 0.8718011483517326, 0.8547378877441656, 0.85581971059727, 0.8413941017889291, 0.8557992237848465, 0.842574583177097], [0.8502152196620767, 0.9218499896508922, 1.0, 0.935501925799419, 0.9165218464570904, 0.902204710168337, 0.9043517474480139, 0.9021665263959302, 0.9028621085238638, 0.8878021445351547], [0.8422475885148124, 0.8954684540116853, 0.935501925799419, 1.0, 0.9242900505621526, 0.9053763909592406, 0.9005547419123766, 0.8937653399108266, 0.8876895796487912, 0.8857202479945678], [0.8074997903188921, 0.8718011483517326, 0.9165218464570904, 0.9242900505621526, 1.0, 0.9407920878170742, 0.9214030741314284, 0.9214189620267613, 0.9147974366091784, 0.9098292539047675], [0.7987669748239068, 0.8547378877441656, 0.902204710168337, 0.9053763909592406, 0.9407920878170742, 1.0, 0.9387849793865376, 0.9252738303786002, 0.9230614803776934, 0.9105449500002499], [0.7696115286737154, 0.85581971059727, 0.9043517474480139, 0.9005547419123766, 0.9214030741314284, 0.9387849793865376, 1.0, 0.9528167572416383, 0.9408477623207484, 0.9237252392274415], [0.7750070082760737, 0.8413941017889291, 0.9021665263959302, 0.8937653399108266, 0.9214189620267613, 0.9252738303786002, 0.9528167572416383, 1.0, 0.9606932260681524, 0.9465071848420161], [0.7954309891318121, 0.8557992237848465, 0.9028621085238638, 0.8876895796487912, 0.9147974366091784, 0.9230614803776934, 0.9408477623207484, 0.9606932260681524, 1.0, 0.9665057743069005], [0.7837185964852056, 0.842574583177097, 0.8878021445351547, 0.8857202479945678, 0.9098292539047675, 0.9105449500002499, 0.9237252392274415, 0.9465071848420161, 0.9665057743069005, 1.0]], "1": [[1.0, 0.6417136232491832, 0.4752472763409116, 0.5680833372299536, 0.38619446568556764, 0.48902696646809235, 0.3936521512862496, 0.42974510204294625, 0.40562743201673984, 0.3606389192223906], [0.6417136232491832, 1.0, 0.6438686444933848, 0.611426423801367, 0.5059322974853058, 0.546345773016428, 0.49451376929769325, 0.5478593405978555, 0.5190780263919946, 0.47809222546722924], [0.4752472763409116, 0.6438686444933848, 1.0, 0.5876553824923502, 0.5295717847664919, 0.5241561914658852, 0.5196116756798245, 0.5398408219327143, 0.5423126111566792, 0.49555394045647094], [0.5680833372299536, 0.611426423801367, 0.5876553824923502, 1.0, 0.5568259364949973, 0.5990996409327923, 0.5162677872256449, 0.5247360929221508, 0.5177028619094046, 0.480022268951256], [0.38619446568556764, 0.5059322974853058, 0.5295717847664919, 0.5568259364949973, 1.0, 0.6062178834258836, 0.4870748853147542, 0.5026193179637849, 0.5241567043098887, 0.48708883783313695], [0.48902696646809235, 0.546345773016428, 0.5241561914658852, 0.5990996409327923, 0.6062178834258836, 1.0, 0.5801860672720941, 0.5275656654371105, 0.5061171583987029, 0.4930916483017047], [0.3936521512862496, 0.49451376929769325, 0.5196116756798245, 0.5162677872256449, 0.4870748853147542, 0.5801860672720941, 1.0, 0.5518347058031601, 0.5262596450675882, 0.5240659866373595], [0.42974510204294625, 0.5478593405978555, 0.5398408219327143, 0.5247360929221508, 0.5026193179637849, 0.5275656654371105, 0.5518347058031601, 1.0, 0.6358096888090379, 0.5067390168980035], [0.40562743201673984, 0.5190780263919946, 0.5423126111566792, 0.5177028619094046, 0.5241567043098887, 0.5061171583987029, 0.5262596450675882, 0.6358096888090379, 1.0, 0.6554021038921573], [0.3606389192223906, 0.47809222546722924, 0.49555394045647094, 0.480022268951256, 0.48708883783313695, 0.4930916483017047, 0.5240659866373595, 0.5067390168980035, 0.6554021038921573, 1.0]], "2": [[1.0, 0.3059965636461307, 0.18296496099096238, 0.2321760611505813, 0.18222115698255206, 0.2696904965217674, 0.25106985812560867, 0.17783530721355165, 0.24349075262116085, 0.269923194203684], [0.3059965636461307, 1.0, 0.2372952019211006, 0.21861925030177184, 0.24765073080766853, 0.27540248548219454, 0.2888422207057865, 0.30791994154818186, 0.2826818565717247, 0.2674917114310284], [0.18296496099096238, 0.2372952019211006, 1.0, 0.15619869356931743, 0.1862301391537597, 0.24249732287971087, 0.24399396416829397, 0.23012033207295138, 0.24187597545660766, 0.216484703206536], [0.2321760611505813, 0.21861925030177184, 0.15619869356931743, 1.0, 0.22540168845248346, 0.28608281875556923, 0.25963750534979524, 0.19116863256503264, 0.19120589793329074, 0.22538899491040737], [0.18222115698255206, 0.24765073080766853, 0.1862301391537597, 0.22540168845248346, 1.0, 0.33653947045860594, 0.2670696942296641, 0.32971768623649983, 0.23865873041580232, 0.2808387877320821], [0.2696904965217674, 0.27540248548219454, 0.24249732287971087, 0.28608281875556923, 0.33653947045860594, 1.0, 0.3583247704463885, 0.3269877869860633, 0.2709818201207095, 0.316614340280124], [0.25106985812560867, 0.2888422207057865, 0.24399396416829397, 0.25963750534979524, 0.2670696942296641, 0.3583247704463885, 1.0, 0.32443584782488666, 0.2925483132200371, 0.3067250194665555], [0.17783530721355165, 0.30791994154818186, 0.23012033207295138, 0.19116863256503264, 0.32971768623649983, 0.3269877869860633, 0.32443584782488666, 1.0, 0.31041249839990903, 0.27949299891957147], [0.24349075262116085, 0.2826818565717247, 0.24187597545660766, 0.19120589793329074, 0.23865873041580232, 0.2709818201207095, 0.2925483132200371, 0.31041249839990903, 1.0, 0.33595704580933317], [0.269923194203684, 0.2674917114310284, 0.216484703206536, 0.22538899491040737, 0.2808387877320821, 0.316614340280124, 0.3067250194665555, 0.27949299891957147, 0.33595704580933317, 1.0]]}, "per_layer_inter": {"0": 0.8888861301051831, "1": 0.523214046352096, "2": 0.26028584953878764}, "O_inter": 0.5574620086653556, "O_intra": 1.0, "Obar": 0.5574620086653556, "inner": -0.44253799133464444}, "phase_stability": "N/A - no oscillator state"}}