{"rung": "R5:frozen_J", "scenario": "class", "nexp": 10, "epochs": 50, "seed": 7, "metrics": {"Top1_Acc_Exp/eval_phase/test_stream/Task000/Exp000": 0.0, "Top1_Acc_Exp/eval_phase/test_stream/Task000/Exp001": 0.0, "Top1_Acc_Exp/eval_phase/test_stream/Task000/Exp002": 0.0, "Top1_Acc_Exp/eval_phase/test_stream/Task000/Exp003": 0.0, "Top1_Acc_Exp/eval_phase/test_stream/Task000/Exp004": 0.0, "Top1_Acc_Exp/eval_phase/test_stream/Task000/Exp005": 0.0, "Top1_Acc_Exp/eval_phase/test_stream/Task000/Exp006": 0.0, "Top1_Acc_Exp/eval_phase/test_stream/Task000/Exp007": 0.0, "Top1_Acc_Exp/eval_phase/test_stream/Task000/Exp008": 0.0, "Top1_Acc_Exp/eval_phase/test_stream/Task000/Exp009": 0.714, "Top1_Acc_Stream/eval_phase/test_stream/Task000": 0.0714, "StreamForgetting/eval_phase/test_stream": 0.7932222222222223, "StreamBWT/eval_phase/test_stream": -0.7932222222222223, "ExperienceForgetting/eval_phase/test_stream/Task000/Exp000": 0.726, "ExperienceBWT/eval_phase/test_stream/Task000/Exp000": -0.726, "ExperienceForgetting/eval_phase/test_stream/Task000/Exp001": 0.798, "ExperienceBWT/eval_phase/test_stream/Task000/Exp001": -0.798, "ExperienceForgetting/eval_phase/test_stream/Task000/Exp002": 0.832, "ExperienceBWT/eval_phase/test_stream/Task000/Exp002": -0.832, "ExperienceForgetting/eval_phase/test_stream/Task000/Exp003": 0.792, "ExperienceBWT/eval_phase/test_stream/Task000/Exp003": -0.792, "ExperienceForgetting/eval_phase/test_stream/Task000/Exp004": 0.833, "ExperienceBWT/eval_phase/test_stream/Task000/Exp004": -0.833, "ExperienceForgetting/eval_phase/test_stream/Task000/Exp005": 0.82, "ExperienceBWT/eval_phase/test_stream/Task000/Exp005": -0.82, "ExperienceForgetting/eval_phase/test_stream/Task000/Exp006": 0.759, "ExperienceBWT/eval_phase/test_stream/Task000/Exp006": -0.759, "ExperienceForgetting/eval_phase/test_stream/Task000/Exp007": 0.707, "ExperienceBWT/eval_phase/test_stream/Task000/Exp007": -0.707, "ExperienceForgetting/eval_phase/test_stream/Task000/Exp008": 0.872, "ExperienceBWT/eval_phase/test_stream/Task000/Exp008": -0.872}, "learning_acc": [0.726, 0.798, 0.832, 0.792, 0.833, 0.82, 0.759, 0.707, 0.872, 0.714], "acc_matrix": [[0.726, 0.0, 0.0, 0.0, 0.0, 0.0, 0.0, 0.0, 0.0, 0.0], [0.0, 0.798, 0.0, 0.0, 0.0, 0.0, 0.0, 0.0, 0.0, 0.0], [0.0, 0.0, 0.832, 0.0, 0.0, 0.0, 0.0, 0.0, 0.0, 0.0], [0.0, 0.0, 0.0, 0.792, 0.0, 0.0, 0.0, 0.0, 0.0, 0.0], [0.0, 0.0, 0.0, 0.0, 0.833, 0.0, 0.0, 0.0, 0.0, 0.0], [0.0, 0.0, 0.0, 0.0, 0.0, 0.82, 0.0, 0.0, 0.0, 0.0], [0.0, 0.0, 0.0, 0.0, 0.0, 0.0, 0.759, 0.0, 0.0, 0.0], [0.0, 0.0, 0.0, 0.0, 0.0, 0.0, 0.0, 0.707, 0.0, 0.0], [0.0, 0.0, 0.0, 0.0, 0.0, 0.0, 0.0, 0.0, 0.872, 0.0], [0.0, 0.0, 0.0, 0.0, 0.0, 0.0, 0.0, 0.0, 0.0, 0.714]], "avg_forgetting": 79.32222222222222, "bwt": -79.32222222222222, "selfcheck_ok": true, "h3": {"overlap_summary": {"matrices": {"0": [[1.0, 0.8867155374714155, 0.8156292495774777, 0.7934037682426209, 0.7882483128084444, 0.7545131635440591, 0.7473493151721314, 0.7699133668800077, 0.7506369410526872, 0.7400400451178321], [0.8867155374714155, 1.0, 0.9240803316554485, 0.8774759679108146, 0.8931952960843919, 0.8539598238122711, 0.8282517969760808, 0.858265898428482, 0.8435983104631087, 0.812184990646239], [0.8156292495774777, 0.9240803316554485, 1.0, 0.907629674415374, 0.9179413464282197, 0.8952902426407837, 0.8805838052369627, 0.8949417414388173, 0.8913523651659788, 0.8478445550410205], [0.7934037682426209, 0.8774759679108146, 0.907629674415374, 1.0, 0.9134218520663102, 0.8780436590151963, 0.8552837531856197, 0.870002402663185, 0.8542540659965191, 0.8771978352951634], [0.7882483128084444, 0.8931952960843919, 0.9179413464282197, 0.9134218520663102, 1.0, 0.9280162482566918, 0.8882495078554411, 0.9090428094208063, 0.9014234772418556, 0.8716844478232229], [0.7545131635440591, 0.8539598238122711, 0.8952902426407837, 0.8780436590151963, 0.9280162482566918, 1.0, 0.9363447153466277, 0.9147595025537926, 0.9091414342351374, 0.8964162911388461], [0.7473493151721314, 0.8282517969760808, 0.8805838052369627, 0.8552837531856197, 0.8882495078554411, 0.9363447153466277, 1.0, 0.9277406454387821, 0.9010426945828469, 0.8777088775856143], [0.7699133668800077, 0.858265898428482, 0.8949417414388173, 0.870002402663185, 0.9090428094208063, 0.9147595025537926, 0.9277406454387821, 1.0, 0.9445060060015043, 0.8993278637443326], [0.7506369410526872, 0.8435983104631087, 0.8913523651659788, 0.8542540659965191, 0.9014234772418556, 0.9091414342351374, 0.9010426945828469, 0.9445060060015043, 1.0, 0.9063142729513888], [0.7400400451178321, 0.812184990646239, 0.8478445550410205, 0.8771978352951634, 0.8716844478232229, 0.8964162911388461, 0.8777088775856143, 0.8993278637443326, 0.9063142729513888, 1.0]], "1": [[1.0, 0.6867451380313205, 0.5768848264876801, 0.5385568678821985, 0.4961963253460941, 0.4717677970959322, 0.4713630708911901, 0.4227394931297033, 0.4580759094976185, 0.4291103027800391], [0.6867451380313205, 1.0, 0.6794289741427628, 0.584648178071637, 0.5483965807480321, 0.5329065649823408, 0.5395582093174417, 0.49341460900578643, 0.514054445257847, 0.509543637486092], [0.5768848264876801, 0.6794289741427628, 1.0, 0.635979592265263, 0.5826643593412194, 0.5873726081678956, 0.54444658413825, 0.4894624586678508, 0.5384399427696144, 0.5217644198681651], [0.5385568678821985, 0.584648178071637, 0.635979592265263, 1.0, 0.5922039642468422, 0.5228436186321168, 0.5019613084068124, 0.46645999656941267, 0.4500908671817869, 0.5003242837519836], [0.4961963253460941, 0.5483965807480321, 0.5826643593412194, 0.5922039642468422, 1.0, 0.5858833534247713, 0.5480269302370486, 0.46298590146646285, 0.4826905884353443, 0.482444271794775], [0.4717677970959322, 0.5329065649823408, 0.5873726081678956, 0.5228436186321168, 0.5858833534247713, 1.0, 0.581442331815948, 0.47211830837277285, 0.5050130038380084, 0.48749441553618905], [0.4713630708911901, 0.5395582093174417, 0.54444658413825, 0.5019613084068124, 0.5480269302370486, 0.581442331815948, 1.0, 0.5764971784098013, 0.5073640178474026, 0.46054204357586387], [0.4227394931297033, 0.49341460900578643, 0.4894624586678508, 0.46645999656941267, 0.46298590146646285, 0.47211830837277285, 0.5764971784098013, 1.0, 0.5671247500476272, 0.45555755563478384], [0.4580759094976185, 0.514054445257847, 0.5384399427696144, 0.4500908671817869, 0.4826905884353443, 0.5050130038380084, 0.5073640178474026, 0.5671247500476272, 1.0, 0.5352462108323883], [0.4291103027800391, 0.509543637486092, 0.5217644198681651, 0.5003242837519836, 0.482444271794775, 0.48749441553618905, 0.46054204357586387, 0.45555755563478384, 0.5352462108323883, 1.0]], "2": [[1.0, 0.25985968182362135, 0.31074287162704783, 0.23527279527053377, 0.27703036754454846, 0.27592198459633965, 0.2770763229893469, 0.29366435531378104, 0.3440538955413788, 0.23767423183304182], [0.25985968182362135, 1.0, 0.23776209554675412, 0.2164675096950023, 0.23230141290278256, 0.24305795685711037, 0.2706028906691682, 0.23785385748713742, 0.19801057464418712, 0.2317191328612069], [0.31074287162704783, 0.23776209554675412, 1.0, 0.2885393337130188, 0.2597010353627224, 0.3326228774523247, 0.25180416220547785, 0.2657449614259445, 0.27647992669774263, 0.2890228282901579], [0.23527279527053377, 0.2164675096950023, 0.2885393337130188, 1.0, 0.30475277941395157, 0.29871970331014486, 0.28069506452611404, 0.2473109890209116, 0.2004935192410684, 0.26696890700798354], [0.27703036754454846, 0.23230141290278256, 0.2597010353627224, 0.30475277941395157, 1.0, 0.3037430440211687, 0.2449980231013641, 0.25562778556337395, 0.2279575912925138, 0.2134218419435032], [0.27592198459633965, 0.24305795685711037, 0.3326228774523247, 0.29871970331014486, 0.3037430440211687, 1.0, 0.24590661571582767, 0.32072236625824707, 0.271743427119488, 0.2874191223105107], [0.2770763229893469, 0.2706028906691682, 0.25180416220547785, 0.28069506452611404, 0.2449980231013641, 0.24590661571582767, 1.0, 0.2930850933971041, 0.2572721410714122, 0.2516461683950135], [0.29366435531378104, 0.23785385748713742, 0.2657449614259445, 0.2473109890209116, 0.25562778556337395, 0.32072236625824707, 0.2930850933971041, 1.0, 0.3215659803545823, 0.32910716303250925], [0.3440538955413788, 0.19801057464418712, 0.27647992669774263, 0.2004935192410684, 0.2279575912925138, 0.271743427119488, 0.2572721410714122, 0.3215659803545823, 1.0, 0.27670650188359497], [0.23767423183304182, 0.2317191328612069, 0.2890228282901579, 0.26696890700798354, 0.2134218419435032, 0.2874191223105107, 0.2516461683950135, 0.32910716303250925, 0.27670650188359497, 1.0]]}, "per_layer_inter": {"0": 0.8673992935246566, "1": 0.5243963510095581, "2": 0.2676189086740171}, "O_inter": 0.5531381844027439, "O_intra": 1.0, "Obar": 0.5531381844027439, "inner": -0.44686181559725613}, "phase_stability": "N/A - no oscillator state"}}