{"rung": "R5:frozen_J", "scenario": "class", "nexp": 10, "epochs": 50, "seed": 9, "metrics": {"Top1_Acc_Exp/eval_phase/test_stream/Task000/Exp000": 0.0, "Top1_Acc_Exp/eval_phase/test_stream/Task000/Exp001": 0.0, "Top1_Acc_Exp/eval_phase/test_stream/Task000/Exp002": 0.0, "Top1_Acc_Exp/eval_phase/test_stream/Task000/Exp003": 0.0, "Top1_Acc_Exp/eval_phase/test_stream/Task000/Exp004": 0.0, "Top1_Acc_Exp/eval_phase/test_stream/Task000/Exp005": 0.0, "Top1_Acc_Exp/eval_phase/test_stream/Task000/Exp006": 0.0, "Top1_Acc_Exp/eval_phase/test_stream/Task000/Exp007": 0.0, "Top1_Acc_Exp/eval_phase/test_stream/Task000/Exp008": 0.0, "Top1_Acc_Exp/eval_phase/test_stream/Task000/Exp009": 0.746, "Top1_Acc_Stream/eval_phase/test_stream/Task000": 0.0746, "StreamForgetting/eval_phase/test_stream": 0.7741111111111111, "StreamBWT/eval_phase/test_stream": -0.7741111111111111, "ExperienceForgetting/eval_phase/test_stream/Task000/Exp000": 0.654, "ExperienceBWT/eval_phase/test_stream/Task000/Exp000": -0.654, "ExperienceForgetting/eval_phase/test_stream/Task000/Exp001": 0.775, "ExperienceBWT/eval_phase/test_stream/Task000/Exp001": -0.775, "ExperienceForgetting/eval_phase/test_stream/Task000/Exp002": 0.749, "ExperienceBWT/eval_phase/test_stream/Task000/Exp002": -0.749, "ExperienceForgetting/eval_phase/test_stream/Task000/Exp003": 0.754, "ExperienceBWT/eval_phase/test_stream/Task000/Exp003": -0.754, "ExperienceForgetting/eval_phase/test_stream/Task000/Exp004": 0.829, "ExperienceBWT/eval_phase/test_stream/Task000/Exp004": -0.829, "ExperienceForgetting/eval_phase/test_stream/Task000/Exp005": 0.732, "ExperienceBWT/eval_phase/test_stream/Task000/Exp005": -0.732, "ExperienceForgetting/eval_phase/test_stream/Task000/Exp006": 0.821, "ExperienceBWT/eval_phase/test_stream/Task000/Exp006": -0.821, "ExperienceForgetting/eval_phase/test_stream/Task000/Exp007": 0.786, "ExperienceBWT/eval_phase/test_stream/Task000/Exp007": -0.786, "ExperienceForgetting/eval_phase/test_stream/Task000/Exp008": 0.867, "ExperienceBWT/eval_phase/test_stream/Task000/Exp008": -0.867}, "learning_acc": [0.654, 0.775, 0.749, 0.754, 0.829, 0.732, 0.821, 0.786, 0.867, 0.746], "acc_matrix": [[0.654, 0.0, 0.0, 0.0, 0.0, 0.0, 0.0, 0.0, 0.0, 0.0], [0.0, 0.775, 0.0, 0.0, 0.0, 0.0, 0.0, 0.0, 0.0, 0.0], [0.0, 0.0, 0.749, 0.0, 0.0, 0.0, 0.0, 0.0, 0.0, 0.0], [0.0, 0.0, 0.0, 0.754, 0.0, 0.0, 0.0, 0.0, 0.0, 0.0], [0.0, 0.0, 0.0, 0.0, 0.829, 0.0, 0.0, 0.0, 0.0, 0.0], [0.0, 0.0, 0.0, 0.0, 0.0, 0.732, 0.0, 0.0, 0.0, 0.0], [0.0, 0.0, 0.0, 0.0, 0.0, 0.0, 0.821, 0.0, 0.0, 0.0], [0.0, 0.0, 0.0, 0.0, 0.0, 0.0, 0.0, 0.786, 0.0, 0.0], [0.0, 0.0, 0.0, 0.0, 0.0, 0.0, 0.0, 0.0, 0.867, 0.0], [0.0, 0.0, 0.0, 0.0, 0.0, 0.0, 0.0, 0.0, 0.0, 0.746]], "avg_forgetting": 77.41111111111113, "bwt": -77.41111111111113, "selfcheck_ok": true, "h3": {"overlap_summary": {"matrices": {"0": [[1.0, 0.8345191372439441, 0.7694006873829399, 0.742814149919818, 0.7271606567340253, 0.7350913865865518, 0.6799305711763804, 0.7257540616070308, 0.6978448246170096, 0.6881739849705019], [0.8345191372439441, 1.0, 0.897989798860226, 0.857934087588145, 0.8444272057347144, 0.8125362723925768, 0.8220719449877077, 0.8298012891510521, 0.81692977661893, 0.8093452244825255], [0.7694006873829399, 0.897989798860226, 1.0, 0.9298582814124096, 0.906085852029588, 0.8733220340018407, 0.868266238723485, 0.8613892375841203, 0.8534067375476914, 0.8381692498707191], [0.742814149919818, 0.857934087588145, 0.9298582814124096, 1.0, 0.9272003282342439, 0.9054153607978737, 0.9062409033744857, 0.888377264337584, 0.8821894137047498, 0.8676461235664229], [0.7271606567340253, 0.8444272057347144, 0.906085852029588, 0.9272003282342439, 1.0, 0.9413324350501948, 0.9156994390590483, 0.9058705073463267, 0.903912522612774, 0.8895425520487497], [0.7350913865865518, 0.8125362723925768, 0.8733220340018407, 0.9054153607978737, 0.9413324350501948, 1.0, 0.9270399362330439, 0.9289332727437832, 0.9088107936574308, 0.8976069699624563], [0.6799305711763804, 0.8220719449877077, 0.868266238723485, 0.9062409033744857, 0.9156994390590483, 0.9270399362330439, 1.0, 0.947325715446554, 0.938849458052461, 0.9133953402536887], [0.7257540616070308, 0.8298012891510521, 0.8613892375841203, 0.888377264337584, 0.9058705073463267, 0.9289332727437832, 0.947325715446554, 1.0, 0.950718685267598, 0.9136867772025455], [0.6978448246170096, 0.81692977661893, 0.8534067375476914, 0.8821894137047498, 0.903912522612774, 0.9088107936574308, 0.938849458052461, 0.950718685267598, 1.0, 0.9368351518321708], [0.6881739849705019, 0.8093452244825255, 0.8381692498707191, 0.8676461235664229, 0.8895425520487497, 0.8976069699624563, 0.9133953402536887, 0.9136867772025455, 0.9368351518321708, 1.0]], "1": [[1.0, 0.5879353624483467, 0.4770250787955791, 0.39475627112201644, 0.3770715991774514, 0.40634510220118186, 0.3845660547196166, 0.38386550479284703, 0.3955303836943993, 0.39764183154037486], [0.5879353624483467, 1.0, 0.633481210013133, 0.4839896159207537, 0.45645105842021866, 0.4695319753011666, 0.4589591805223014, 0.42109493810535065, 0.41810218456213505, 0.4748525618765524], [0.4770250787955791, 0.633481210013133, 1.0, 0.6049507172804188, 0.489718730210565, 0.4894467835567816, 0.4816845429619591, 0.45741335416157786, 0.4289796432442295, 0.4697942249345359], [0.39475627112201644, 0.4839896159207537, 0.6049507172804188, 1.0, 0.5907885158787078, 0.5467570999053606, 0.5185100886906536, 0.4945352277520099, 0.45477530761555685, 0.47325455402775113], [0.3770715991774514, 0.45645105842021866, 0.489718730210565, 0.5907885158787078, 1.0, 0.554801629762691, 0.48240439293317855, 0.4693228362493245, 0.45537153157118776, 0.4441372134518245], [0.40634510220118186, 0.4695319753011666, 0.4894467835567816, 0.5467570999053606, 0.554801629762691, 1.0, 0.5974392863313089, 0.4764886065725626, 0.4893465924381314, 0.4536720599371611], [0.3845660547196166, 0.4589591805223014, 0.4816845429619591, 0.5185100886906536, 0.48240439293317855, 0.5974392863313089, 1.0, 0.5850105591894609, 0.5420618199161337, 0.4735722119137074], [0.38386550479284703, 0.42109493810535065, 0.45741335416157786, 0.4945352277520099, 0.4693228362493245, 0.4764886065725626, 0.5850105591894609, 1.0, 0.6108294215406576, 0.5008806300847339], [0.3955303836943993, 0.41810218456213505, 0.4289796432442295, 0.45477530761555685, 0.45537153157118776, 0.4893465924381314, 0.5420618199161337, 0.6108294215406576, 1.0, 0.5261570243896122], [0.39764183154037486, 0.4748525618765524, 0.4697942249345359, 0.47325455402775113, 0.4441372134518245, 0.4536720599371611, 0.4735722119137074, 0.5008806300847339, 0.5261570243896122, 1.0]], "2": [[1.0, 0.4199387812054314, 0.3124933310750373, 0.22482809602174497, 0.2460446044054808, 0.26944993027344616, 0.25322902959142685, 0.26088211278751794, 0.3282066683122732, 0.24054960496876404], [0.4199387812054314, 1.0, 0.37521258255231077, 0.30855920751895494, 0.2494240450043043, 0.30085764403999005, 0.27453913349213044, 0.2650284617463752, 0.30933147816462875, 0.2565439123764096], [0.3124933310750373, 0.37521258255231077, 1.0, 0.3724904172371215, 0.26532269773273187, 0.32496382566096876, 0.29175687537889133, 0.2371810556349547, 0.2665225805792154, 0.304514517865979], [0.22482809602174497, 0.30855920751895494, 0.3724904172371215, 1.0, 0.22098333383126048, 0.32921361999939397, 0.2626745570716457, 0.25094140754998084, 0.2779693883335565, 0.3059280987127964], [0.2460446044054808, 0.2494240450043043, 0.26532269773273187, 0.22098333383126048, 1.0, 0.31118997835598766, 0.19436879404308116, 0.2285264122591626, 0.283526713117928, 0.25345296927888705], [0.26944993027344616, 0.30085764403999005, 0.32496382566096876, 0.32921361999939397, 0.31118997835598766, 1.0, 0.34637759407749474, 0.2502589048577605, 0.26898464346820405, 0.28082953918865505], [0.25322902959142685, 0.27453913349213044, 0.29175687537889133, 0.2626745570716457, 0.19436879404308116, 0.34637759407749474, 1.0, 0.3095811003794042, 0.3037966958871307, 0.22630617655309954], [0.26088211278751794, 0.2650284617463752, 0.2371810556349547, 0.25094140754998084, 0.2285264122591626, 0.2502589048577605, 0.3095811003794042, 1.0, 0.3390647250124197, 0.265205938212299], [0.3282066683122732, 0.30933147816462875, 0.2665225805792154, 0.2779693883335565, 0.283526713117928, 0.26898464346820405, 0.3037966958871307, 0.3390647250124197, 1.0, 0.30697109481632706], [0.24054960496876404, 0.2565439123764096, 0.304514517865979, 0.3059280987127964, 0.25345296927888705, 0.28082953918865505, 0.22630617655309954, 0.265205938212299, 0.30697109481632706, 1.0]]}, "per_layer_inter": {"0": 0.8581967031557356, "1": 0.48407343377144907, "2": 0.28386716174739035}, "O_inter": 0.5420457662248584, "O_intra": 1.0, "Obar": 0.5420457662248584, "inner": -0.45795423377514155}, "phase_stability": "N/A - no oscillator state"}}