{"rung": "R5:frozen_J", "scenario": "class", "nexp": 10, "epochs": 50, "seed": 5, "metrics": {"Top1_Acc_Exp/eval_phase/test_stream/Task000/Exp000": 0.0, "Top1_Acc_Exp/eval_phase/test_stream/Task000/Exp001": 0.0, "Top1_Acc_Exp/eval_phase/test_stream/Task000/Exp002": 0.0, "Top1_Acc_Exp/eval_phase/test_stream/Task000/Exp003": 0.0, "Top1_Acc_Exp/eval_phase/test_stream/Task000/Exp004": 0.0, "Top1_Acc_Exp/eval_phase/test_stream/Task000/Exp005": 0.0, "Top1_Acc_Exp/eval_phase/test_stream/Task000/Exp006": 0.0, "Top1_Acc_Exp/eval_phase/test_stream/Task000/Exp007": 0.0, "Top1_Acc_Exp/eval_phase/test_stream/Task000/Exp008": 0.0, "Top1_Acc_Exp/eval_phase/test_stream/Task000/Exp009": 0.868, "Top1_Acc_Stream/eval_phase/test_stream/Task000": 0.0868, "StreamForgetting/eval_phase/test_stream": 0.7794444444444444, "StreamBWT/eval_phase/test_stream": -0.7794444444444444, "ExperienceForgetting/eval_phase/test_stream/Task000/Exp000": 0.727, "ExperienceBWT/eval_phase/test_stream/Task000/Exp000": -0.727, "ExperienceForgetting/eval_phase/test_stream/Task000/Exp001": 0.766, "ExperienceBWT/eval_phase/test_stream/Task000/Exp001": -0.766, "ExperienceForgetting/eval_phase/test_stream/Task000/Exp002": 0.828, "ExperienceBWT/eval_phase/test_stream/Task000/Exp002": -0.828, "ExperienceForgetting/eval_phase/test_stream/Task000/Exp003": 0.662, "ExperienceBWT/eval_phase/test_stream/Task000/Exp003": -0.662, "ExperienceForgetting/eval_phase/test_stream/Task000/Exp004": 0.797, "ExperienceBWT/eval_phase/test_stream/Task000/Exp004": -0.797, "ExperienceForgetting/eval_phase/test_stream/Task000/Exp005": 0.839, "ExperienceBWT/eval_phase/test_stream/Task000/Exp005": -0.839, "ExperienceForgetting/eval_phase/test_stream/Task000/Exp006": 0.797, "ExperienceBWT/eval_phase/test_stream/Task000/Exp006": -0.797, "ExperienceForgetting/eval_phase/test_stream/Task000/Exp007": 0.817, "ExperienceBWT/eval_phase/test_stream/Task000/Exp007": -0.817, "ExperienceForgetting/eval_phase/test_stream/Task000/Exp008": 0.782, "ExperienceBWT/eval_phase/test_stream/Task000/Exp008": -0.782}, "learning_acc": [0.727, 0.766, 0.828, 0.662, 0.797, 0.839, 0.797, 0.817, 0.782, 0.868], "acc_matrix": [[0.727, 0.0, 0.0, 0.0, 0.0, 0.0, 0.0, 0.0, 0.0, 0.0], [0.0, 0.766, 0.0, 0.0, 0.0, 0.0, 0.0, 0.0, 0.0, 0.0], [0.0, 0.0, 0.828, 0.0, 0.0, 0.0, 0.0, 0.0, 0.0, 0.0], [0.0, 0.0, 0.0, 0.662, 0.0, 0.0, 0.0, 0.0, 0.0, 0.0], [0.0, 0.0, 0.0, 0.0, 0.797, 0.0, 0.0, 0.0, 0.0, 0.0], [0.0, 0.0, 0.0, 0.0, 0.0, 0.839, 0.0, 0.0, 0.0, 0.0], [0.0, 0.0, 0.0, 0.0, 0.0, 0.0, 0.797, 0.0, 0.0, 0.0], [0.0, 0.0, 0.0, 0.0, 0.0, 0.0, 0.0, 0.817, 0.0, 0.0], [0.0, 0.0, 0.0, 0.0, 0.0, 0.0, 0.0, 0.0, 0.782, 0.0], [0.0, 0.0, 0.0, 0.0, 0.0, 0.0, 0.0, 0.0, 0.0, 0.868]], "avg_forgetting": 77.94444444444444, "bwt": -77.94444444444444, "selfcheck_ok": true, "h3": {"overlap_summary": {"matrices": {"0": [[1.0, 0.883431081333797, 0.8216655332188634, 0.7839281226576092, 0.7843700983615588, 0.7752873161578071, 0.7203660017457154, 0.7314578154081606, 0.726141951084297, 0.7256994562936726], [0.883431081333797, 1.0, 0.9114027738029246, 0.8753631027595051, 0.87376301498391, 0.8601973091010353, 0.8291208245697715, 0.8229731941742884, 0.8283274812074934, 0.8319262735535662], [0.8216655332188634, 0.9114027738029246, 1.0, 0.9290830912620187, 0.9003164721933341, 0.8972713011958846, 0.8760679200663126, 0.868379179511522, 0.8587493605843982, 0.8536831496420296], [0.7839281226576092, 0.8753631027595051, 0.9290830912620187, 1.0, 0.937830555912404, 0.9280952848281464, 0.9113096284591152, 0.8994251251259805, 0.8953166881296969, 0.8846219490720927], [0.7843700983615588, 0.87376301498391, 0.9003164721933341, 0.937830555912404, 1.0, 0.9406913609050546, 0.9205904399592412, 0.9078686874735031, 0.9103602164074549, 0.9130723435974597], [0.7752873161578071, 0.8601973091010353, 0.8972713011958846, 0.9280952848281464, 0.9406913609050546, 1.0, 0.9452312805953225, 0.9187823231058125, 0.9125452714639845, 0.9139848138671358], [0.7203660017457154, 0.8291208245697715, 0.8760679200663126, 0.9113096284591152, 0.9205904399592412, 0.9452312805953225, 1.0, 0.9436004986362183, 0.9343847354307337, 0.9354233908395186], [0.7314578154081606, 0.8229731941742884, 0.868379179511522, 0.8994251251259805, 0.9078686874735031, 0.9187823231058125, 0.9436004986362183, 1.0, 0.9499421810030817, 0.9295346306150181], [0.726141951084297, 0.8283274812074934, 0.8587493605843982, 0.8953166881296969, 0.9103602164074549, 0.9125452714639845, 0.9343847354307337, 0.9499421810030817, 1.0, 0.9592699896259238], [0.7256994562936726, 0.8319262735535662, 0.8536831496420296, 0.8846219490720927, 0.9130723435974597, 0.9139848138671358, 0.9354233908395186, 0.9295346306150181, 0.9592699896259238, 1.0]], "1": [[1.0, 0.5994309837869146, 0.536218350339562, 0.48064870409151284, 0.5154862391141701, 0.4980684112965413, 0.4799011006029639, 0.44021684358310975, 0.43078080311533, 0.42061800600207516], [0.5994309837869146, 1.0, 0.6197443850476635, 0.5812493337803655, 0.5618805331726047, 0.5266814704200511, 0.5177767513450517, 0.4843123740718873, 0.4897289399085992, 0.46620704519836415], [0.536218350339562, 0.6197443850476635, 1.0, 0.5933117967566363, 0.5637248266295348, 0.5288369584408161, 0.5362070146595636, 0.4759499119831252, 0.4699726723895959, 0.4277896534162333], [0.48064870409151284, 0.5812493337803655, 0.5933117967566363, 1.0, 0.6432706965348303, 0.5487902169466381, 0.546500501881859, 0.49066420508669933, 0.4857370282313729, 0.46834038273859635], [0.5154862391141701, 0.5618805331726047, 0.5637248266295348, 0.6432706965348303, 1.0, 0.6672459447416673, 0.5896429374642431, 0.5291167719095095, 0.5176632430964623, 0.49728901965992134], [0.4980684112965413, 0.5266814704200511, 0.5288369584408161, 0.5487902169466381, 0.6672459447416673, 1.0, 0.5732889343688738, 0.5105242030131334, 0.4877519918361481, 0.4708631404031695], [0.4799011006029639, 0.5177767513450517, 0.5362070146595636, 0.546500501881859, 0.5896429374642431, 0.5732889343688738, 1.0, 0.5911048506344099, 0.5387399255376676, 0.5338831553765253], [0.44021684358310975, 0.4843123740718873, 0.4759499119831252, 0.49066420508669933, 0.5291167719095095, 0.5105242030131334, 0.5911048506344099, 1.0, 0.5988815345204125, 0.4899431400917048], [0.43078080311533, 0.4897289399085992, 0.4699726723895959, 0.4857370282313729, 0.5176632430964623, 0.4877519918361481, 0.5387399255376676, 0.5988815345204125, 1.0, 0.6015065444637271], [0.42061800600207516, 0.46620704519836415, 0.4277896534162333, 0.46834038273859635, 0.49728901965992134, 0.4708631404031695, 0.5338831553765253, 0.4899431400917048, 0.6015065444637271, 1.0]], "2": [[1.0, 0.3978749329904474, 0.3488670323098795, 0.2560540497889044, 0.3199392119421312, 0.31269075267451546, 0.2592835821200547, 0.2529275772262764, 0.232465496149288, 0.33755353817038286], [0.3978749329904474, 1.0, 0.2993476319083665, 0.3380039021214994, 0.3118409808856555, 0.3090159684661906, 0.26402658168866355, 0.2865751609849535, 0.20588385829029524, 0.2885212464758319], [0.3488670323098795, 0.2993476319083665, 1.0, 0.20561086443340856, 0.3223680761352229, 0.268590490278632, 0.3324798593311255, 0.34540696314703473, 0.29142814712046006, 0.279855674849463], [0.2560540497889044, 0.3380039021214994, 0.20561086443340856, 1.0, 0.2876708066497377, 0.23239799692638013, 0.25274174308195346, 0.23038433065670086, 0.262353205333008, 0.26700645154228114], [0.3199392119421312, 0.3118409808856555, 0.3223680761352229, 0.2876708066497377, 1.0, 0.37508876503584276, 0.3008303966362717, 0.261449021605778, 0.23887117842765768, 0.31742690257872774], [0.31269075267451546, 0.3090159684661906, 0.268590490278632, 0.23239799692638013, 0.37508876503584276, 1.0, 0.3031677642844244, 0.31619146873421455, 0.2236694723872532, 0.277404479283947], [0.2592835821200547, 0.26402658168866355, 0.3324798593311255, 0.25274174308195346, 0.3008303966362717, 0.3031677642844244, 1.0, 0.3470771754215372, 0.25243437334749474, 0.299587668050137], [0.2529275772262764, 0.2865751609849535, 0.34540696314703473, 0.23038433065670086, 0.261449021605778, 0.31619146873421455, 0.3470771754215372, 1.0, 0.33945768817627914, 0.2627687234643029], [0.232465496149288, 0.20588385829029524, 0.29142814712046006, 0.262353205333008, 0.23887117842765768, 0.2236694723872532, 0.25243437334749474, 0.33945768817627914, 1.0, 0.27150381164636356], [0.33755353817038286, 0.2885212464758319, 0.279855674849463, 0.26700645154228114, 0.31742690257872774, 0.277404479283947, 0.299587668050137, 0.2627687234643029, 0.27150381164636356, 1.0]]}, "per_layer_inter": {"0": 0.874685627109386, "1": 0.525010921726441, "2": 0.2885798889501995}, "O_inter": 0.5627588125953422, "O_intra": 1.0, "Obar": 0.5627588125953422, "inner": -0.4372411874046578}, "phase_stability": "N/A - no oscillator state"}}