{"rung": "R5:no_proj", "scenario": "class", "nexp": 10, "epochs": 50, "seed": 3, "metrics": {"Top1_Acc_Exp/eval_phase/test_stream/Task000/Exp000": 0.0, "Top1_Acc_Exp/eval_phase/test_stream/Task000/Exp001": 0.0, "Top1_Acc_Exp/eval_phase/test_stream/Task000/Exp002": 0.0, "Top1_Acc_Exp/eval_phase/test_stream/Task000/Exp003": 0.0, "Top1_Acc_Exp/eval_phase/test_stream/Task000/Exp004": 0.0, "Top1_Acc_Exp/eval_phase/test_stream/Task000/Exp005": 0.0, "Top1_Acc_Exp/eval_phase/test_stream/Task000/Exp006": 0.0, "Top1_Acc_Exp/eval_phase/test_stream/Task000/Exp007": 0.0, "Top1_Acc_Exp/eval_phase/test_stream/Task000/Exp008": 0.0, "Top1_Acc_Exp/eval_phase/test_stream/Task000/Exp009": 0.788, "Top1_Acc_Stream/eval_phase/test_stream/Task000": 0.0788, "StreamForgetting/eval_phase/test_stream": 0.800111111111111, "StreamBWT/eval_phase/test_stream": -0.800111111111111, "ExperienceForgetting/eval_phase/test_stream/Task000/Exp000": 0.73, "ExperienceBWT/eval_phase/test_stream/Task000/Exp000": -0.73, "ExperienceForgetting/eval_phase/test_stream/Task000/Exp001": 0.749, "ExperienceBWT/eval_phase/test_stream/Task000/Exp001": -0.749, "ExperienceForgetting/eval_phase/test_stream/Task000/Exp002": 0.789, "ExperienceBWT/eval_phase/test_stream/Task000/Exp002": -0.789, "ExperienceForgetting/eval_phase/test_stream/Task000/Exp003": 0.848, "ExperienceBWT/eval_phase/test_stream/Task000/Exp003": -0.848, "ExperienceForgetting/eval_phase/test_stream/Task000/Exp004": 0.889, "ExperienceBWT/eval_phase/test_stream/Task000/Exp004": -0.889, "ExperienceForgetting/eval_phase/test_stream/Task000/Exp005": 0.826, "ExperienceBWT/eval_phase/test_stream/Task000/Exp005": -0.826, "ExperienceForgetting/eval_phase/test_stream/Task000/Exp006": 0.744, "ExperienceBWT/eval_phase/test_stream/Task000/Exp006": -0.744, "ExperienceForgetting/eval_phase/test_stream/Task000/Exp007": 0.786, "ExperienceBWT/eval_phase/test_stream/Task000/Exp007": -0.786, "ExperienceForgetting/eval_phase/test_stream/Task000/Exp008": 0.84, "ExperienceBWT/eval_phase/test_stream/Task000/Exp008": -0.84}, "learning_acc": [0.73, 0.749, 0.789, 0.848, 0.889, 0.826, 0.744, 0.786, 0.84, 0.788], "acc_matrix": [[0.73, 0.0, 0.0, 0.0, 0.0, 0.0, 0.0, 0.0, 0.0, 0.0], [0.0, 0.749, 0.0, 0.0, 0.0, 0.0, 0.0, 0.0, 0.0, 0.0], [0.0, 0.0, 0.789, 0.0, 0.0, 0.0, 0.0, 0.0, 0.0, 0.0], [0.0, 0.0, 0.0, 0.848, 0.0, 0.0, 0.0, 0.0, 0.0, 0.0], [0.0, 0.0, 0.0, 0.0, 0.889, 0.0, 0.0, 0.0, 0.0, 0.0], [0.0, 0.0, 0.0, 0.0, 0.0, 0.826, 0.0, 0.0, 0.0, 0.0], [0.0, 0.0, 0.0, 0.0, 0.0, 0.0, 0.744, 0.0, 0.0, 0.0], [0.0, 0.0, 0.0, 0.0, 0.0, 0.0, 0.0, 0.786, 0.0, 0.0], [0.0, 0.0, 0.0, 0.0, 0.0, 0.0, 0.0, 0.0, 0.84, 0.0], [0.0, 0.0, 0.0, 0.0, 0.0, 0.0, 0.0, 0.0, 0.0, 0.788]], "avg_forgetting": 80.01111111111112, "bwt": -80.01111111111112, "selfcheck_ok": true, "h3": {"overlap_summary": {"matrices": {"0": [[1.0, 0.8184595635421716, 0.7921390125615251, 0.7917443592675418, 0.781114088524661, 0.7531869330705941, 0.7373332419009346, 0.7239258935464438, 0.7301362827849418, 0.7164985738209468], [0.8184595635421716, 1.0, 0.8990956587546504, 0.8609343141952622, 0.8494704820978124, 0.8263753759335111, 0.8117412401545968, 0.7908998268552843, 0.8007595872101019, 0.7951135888620324], [0.7921390125615251, 0.8990956587546504, 1.0, 0.8931437303424036, 0.8844377275887912, 0.8726854841180208, 0.8654043134137458, 0.8380397627101559, 0.835841614196471, 0.8429900634310241], [0.7917443592675418, 0.8609343141952622, 0.8931437303424036, 1.0, 0.9099900748077084, 0.852469165546327, 0.860630538741692, 0.8430785408026319, 0.8277084986162558, 0.8330004544405232], [0.781114088524661, 0.8494704820978124, 0.8844377275887912, 0.9099900748077084, 1.0, 0.8963356688877419, 0.8768864167073097, 0.8612140090468661, 0.8324888368283606, 0.8502692093464103], [0.7531869330705941, 0.8263753759335111, 0.8726854841180208, 0.852469165546327, 0.8963356688877419, 1.0, 0.8900782375928799, 0.8699100565048322, 0.8091747454228888, 0.8528331515338972], [0.7373332419009346, 0.8117412401545968, 0.8654043134137458, 0.860630538741692, 0.8768864167073097, 0.8900782375928799, 1.0, 0.9116926606769642, 0.8685318444030785, 0.8729756171775896], [0.7239258935464438, 0.7908998268552843, 0.8380397627101559, 0.8430785408026319, 0.8612140090468661, 0.8699100565048322, 0.9116926606769642, 1.0, 0.8746046326371298, 0.8759178132107676], [0.7301362827849418, 0.8007595872101019, 0.835841614196471, 0.8277084986162558, 0.8324888368283606, 0.8091747454228888, 0.8685318444030785, 0.8746046326371298, 1.0, 0.8885386827973624], [0.7164985738209468, 0.7951135888620324, 0.8429900634310241, 0.8330004544405232, 0.8502692093464103, 0.8528331515338972, 0.8729756171775896, 0.8759178132107676, 0.8885386827973624, 1.0]], "1": [[1.0, 0.3450230116593026, 0.34185269572507326, 0.3316919219277644, 0.3201740802091458, 0.29416919766161337, 0.2973500192622915, 0.30210968493138696, 0.2717973707043289, 0.27758515234174336], [0.3450230116593026, 1.0, 0.39907954391526573, 0.3563519059367414, 0.3195189529341813, 0.30697281149220723, 0.3060875224522723, 0.31304648817949277, 0.3003878563309357, 0.3246819143014848], [0.34185269572507326, 0.39907954391526573, 1.0, 0.43705637602957026, 0.3716767472070691, 0.33009859645337586, 0.3277215594904759, 0.3307166277417774, 0.3355549564368324, 0.34714235703647217], [0.3316919219277644, 0.3563519059367414, 0.43705637602957026, 1.0, 0.41780289818045413, 0.37612389667090634, 0.3493358106151699, 0.3238265675542107, 0.29529689982063917, 0.31180370819304726], [0.3201740802091458, 0.3195189529341813, 0.3716767472070691, 0.41780289818045413, 1.0, 0.4359010162239479, 0.32713508182554324, 0.3285725155401081, 0.3132450426151355, 0.31137625159245824], [0.29416919766161337, 0.30697281149220723, 0.33009859645337586, 0.37612389667090634, 0.4359010162239479, 1.0, 0.3668084267159084, 0.32084254299526804, 0.30172433492277917, 0.2989037067757768], [0.2973500192622915, 0.3060875224522723, 0.3277215594904759, 0.3493358106151699, 0.32713508182554324, 0.3668084267159084, 1.0, 0.34655819115098085, 0.2932965247043954, 0.30807625685469964], [0.30210968493138696, 0.31304648817949277, 0.3307166277417774, 0.3238265675542107, 0.3285725155401081, 0.32084254299526804, 0.34655819115098085, 1.0, 0.3856163889103845, 0.3045268430495363], [0.2717973707043289, 0.3003878563309357, 0.3355549564368324, 0.29529689982063917, 0.3132450426151355, 0.30172433492277917, 0.2932965247043954, 0.3856163889103845, 1.0, 0.3942113903692366], [0.27758515234174336, 0.3246819143014848, 0.34714235703647217, 0.31180370819304726, 0.31137625159245824, 0.2989037067757768, 0.30807625685469964, 0.3045268430495363, 0.3942113903692366, 1.0]], "2": [[1.0, 0.3389089946908895, 0.26829439182683573, 0.26357189160928646, 0.3394967547585989, 0.3261289026858682, 0.31550704038534405, 0.2707450427946551, 0.24207637826231904, 0.22347445147423756], [0.3389089946908895, 1.0, 0.30745044239341346, 0.32415649981655337, 0.3100554472502866, 0.2784317338342879, 0.24491387196754413, 0.22902764465498152, 0.2759334854698884, 0.29131125744765246], [0.26829439182683573, 0.30745044239341346, 1.0, 0.33070530721120456, 0.2820518149377097, 0.27292358999036226, 0.2729154630585618, 0.3080213624650112, 0.3051642778624073, 0.31922905887524683], [0.26357189160928646, 0.32415649981655337, 0.33070530721120456, 1.0, 0.3442763454117874, 0.30226289693281727, 0.26693154275935904, 0.3552563982586755, 0.21109256428057746, 0.31708858786016453], [0.3394967547585989, 0.3100554472502866, 0.2820518149377097, 0.3442763454117874, 1.0, 0.3827246770422129, 0.2977366845048913, 0.3069078381728035, 0.2575820619151693, 0.30697516149966303], [0.3261289026858682, 0.2784317338342879, 0.27292358999036226, 0.30226289693281727, 0.3827246770422129, 1.0, 0.28722154913376347, 0.30174629949238435, 0.28777924063197313, 0.28214267403002996], [0.31550704038534405, 0.24491387196754413, 0.2729154630585618, 0.26693154275935904, 0.2977366845048913, 0.28722154913376347, 1.0, 0.2605100538458532, 0.26416061905016924, 0.24509293093896498], [0.2707450427946551, 0.22902764465498152, 0.3080213624650112, 0.3552563982586755, 0.3069078381728035, 0.30174629949238435, 0.2605100538458532, 1.0, 0.28579261099682157, 0.3346897051664675], [0.24207637826231904, 0.2759334854698884, 0.3051642778624073, 0.21109256428057746, 0.2575820619151693, 0.28777924063197313, 0.26416061905016924, 0.28579261099682157, 1.0, 0.3083391519248414], [0.22347445147423756, 0.29131125744765246, 0.31922905887524683, 0.31708858786016453, 0.30697516149966303, 0.28214267403002996, 0.24509293093896498, 0.3346897051664675, 0.3083391519248414, 1.0]]}, "per_layer_inter": {"0": 0.8371066572136188, "1": 0.33330736990314197, "2": 0.2921512155460564}, "O_inter": 0.48752174755427236, "O_intra": 1.0, "Obar": 0.48752174755427236, "inner": -0.5124782524457276}, "phase_stability": "N/A - no oscillator state"}}