{"rung": "R5:no_proj", "scenario": "class", "nexp": 10, "epochs": 50, "seed": 7, "metrics": {"Top1_Acc_Exp/eval_phase/test_stream/Task000/Exp000": 0.0, "Top1_Acc_Exp/eval_phase/test_stream/Task000/Exp001": 0.0, "Top1_Acc_Exp/eval_phase/test_stream/Task000/Exp002": 0.0, "Top1_Acc_Exp/eval_phase/test_stream/Task000/Exp003": 0.0, "Top1_Acc_Exp/eval_phase/test_stream/Task000/Exp004": 0.0, "Top1_Acc_Exp/eval_phase/test_stream/Task000/Exp005": 0.0, "Top1_Acc_Exp/eval_phase/test_stream/Task000/Exp006": 0.0, "Top1_Acc_Exp/eval_phase/test_stream/Task000/Exp007": 0.0, "Top1_Acc_Exp/eval_phase/test_stream/Task000/Exp008": 0.0, "Top1_Acc_Exp/eval_phase/test_stream/Task000/Exp009": 0.689, "Top1_Acc_Stream/eval_phase/test_stream/Task000": 0.0689, "StreamForgetting/eval_phase/test_stream": 0.8143333333333334, "StreamBWT/eval_phase/test_stream": -0.8143333333333334, "ExperienceForgetting/eval_phase/test_stream/Task000/Exp000": 0.776, "ExperienceBWT/eval_phase/test_stream/Task000/Exp000": -0.776, "ExperienceForgetting/eval_phase/test_stream/Task000/Exp001": 0.822, "ExperienceBWT/eval_phase/test_stream/Task000/Exp001": -0.822, "ExperienceForgetting/eval_phase/test_stream/Task000/Exp002": 0.825, "ExperienceBWT/eval_phase/test_stream/Task000/Exp002": -0.825, "ExperienceForgetting/eval_phase/test_stream/Task000/Exp003": 0.824, "ExperienceBWT/eval_phase/test_stream/Task000/Exp003": -0.824, "ExperienceForgetting/eval_phase/test_stream/Task000/Exp004": 0.865, "ExperienceBWT/eval_phase/test_stream/Task000/Exp004": -0.865, "ExperienceForgetting/eval_phase/test_stream/Task000/Exp005": 0.845, "ExperienceBWT/eval_phase/test_stream/Task000/Exp005": -0.845, "ExperienceForgetting/eval_phase/test_stream/Task000/Exp006": 0.764, "ExperienceBWT/eval_phase/test_stream/Task000/Exp006": -0.764, "ExperienceForgetting/eval_phase/test_stream/Task000/Exp007": 0.702, "ExperienceBWT/eval_phase/test_stream/Task000/Exp007": -0.702, "ExperienceForgetting/eval_phase/test_stream/Task000/Exp008": 0.906, "ExperienceBWT/eval_phase/test_stream/Task000/Exp008": -0.906}, "learning_acc": [0.776, 0.822, 0.825, 0.824, 0.865, 0.845, 0.764, 0.702, 0.906, 0.689], "acc_matrix": [[0.776, 0.0, 0.0, 0.0, 0.0, 0.0, 0.0, 0.0, 0.0, 0.0], [0.0, 0.822, 0.0, 0.0, 0.0, 0.0, 0.0, 0.0, 0.0, 0.0], [0.0, 0.0, 0.825, 0.0, 0.0, 0.0, 0.0, 0.0, 0.0, 0.0], [0.0, 0.0, 0.0, 0.824, 0.0, 0.0, 0.0, 0.0, 0.0, 0.0], [0.0, 0.0, 0.0, 0.0, 0.865, 0.0, 0.0, 0.0, 0.0, 0.0], [0.0, 0.0, 0.0, 0.0, 0.0, 0.845, 0.0, 0.0, 0.0, 0.0], [0.0, 0.0, 0.0, 0.0, 0.0, 0.0, 0.764, 0.0, 0.0, 0.0], [0.0, 0.0, 0.0, 0.0, 0.0, 0.0, 0.0, 0.702, 0.0, 0.0], [0.0, 0.0, 0.0, 0.0, 0.0, 0.0, 0.0, 0.0, 0.906, 0.0], [0.0, 0.0, 0.0, 0.0, 0.0, 0.0, 0.0, 0.0, 0.0, 0.689]], "avg_forgetting": 81.43333333333334, "bwt": -81.43333333333334, "selfcheck_ok": true, "h3": {"overlap_summary": {"matrices": {"0": [[1.0, 0.8835804854730994, 0.864289753106699, 0.8381678524410916, 0.8337881273455275, 0.8161026135204374, 0.8176884553168977, 0.7948405263516981, 0.7901504866673082, 0.7766598808407235], [0.8835804854730994, 1.0, 0.9028483792770166, 0.8859125989988607, 0.8894568707329953, 0.8805081625582148, 0.8640325522695009, 0.8485441048110561, 0.8433386624418496, 0.844301759123768], [0.864289753106699, 0.9028483792770166, 1.0, 0.905120472744296, 0.8910381555339578, 0.8749009457907674, 0.8594470918116419, 0.848103330680729, 0.8586685672023593, 0.8436608883035104], [0.8381678524410916, 0.8859125989988607, 0.905120472744296, 1.0, 0.9091768672223528, 0.884865930877869, 0.8695631480315809, 0.8491281094826941, 0.8603228927853968, 0.8614058878473088], [0.8337881273455275, 0.8894568707329953, 0.8910381555339578, 0.9091768672223528, 1.0, 0.9070014245296139, 0.8688439772992695, 0.8510593009537806, 0.8567730400630258, 0.8589872083580248], [0.8161026135204374, 0.8805081625582148, 0.8749009457907674, 0.884865930877869, 0.9070014245296139, 1.0, 0.9141245849012236, 0.8884270451617484, 0.8907742476786807, 0.8970207696439969], [0.8176884553168977, 0.8640325522695009, 0.8594470918116419, 0.8695631480315809, 0.8688439772992695, 0.9141245849012236, 1.0, 0.9128118270247073, 0.8944508903417273, 0.9059399821339879], [0.7948405263516981, 0.8485441048110561, 0.848103330680729, 0.8491281094826941, 0.8510593009537806, 0.8884270451617484, 0.9128118270247073, 1.0, 0.904086499236843, 0.8913563078952028], [0.7901504866673082, 0.8433386624418496, 0.8586685672023593, 0.8603228927853968, 0.8567730400630258, 0.8907742476786807, 0.8944508903417273, 0.904086499236843, 1.0, 0.9189035067558979], [0.7766598808407235, 0.844301759123768, 0.8436608883035104, 0.8614058878473088, 0.8589872083580248, 0.8970207696439969, 0.9059399821339879, 0.8913563078952028, 0.9189035067558979, 1.0]], "1": [[1.0, 0.3872564993112375, 0.31979765091969864, 0.31233613665188303, 0.3344620298630559, 0.32114627669591095, 0.30517453160828123, 0.30449195922272754, 0.3502477019095838, 0.2859767636430431], [0.3872564993112375, 1.0, 0.3874179444142293, 0.35148506458300255, 0.30365431817773664, 0.32086513926917776, 0.3260737093163797, 0.33853059501049404, 0.3429205113813904, 0.3387019097560489], [0.31979765091969864, 0.3874179444142293, 1.0, 0.4192416549930149, 0.34268448545960667, 0.3406353491815558, 0.31615415378694334, 0.3013963329462194, 0.296643886277654, 0.3094864455958283], [0.31233613665188303, 0.35148506458300255, 0.4192416549930149, 1.0, 0.3261448536744734, 0.29675683926685, 0.3049836092616613, 0.30640388452157175, 0.3030702771066516, 0.32653702090480113], [0.3344620298630559, 0.30365431817773664, 0.34268448545960667, 0.3261448536744734, 1.0, 0.3656831762662579, 0.32250226074073607, 0.30378999753613906, 0.3252126772758096, 0.28959839295011014], [0.32114627669591095, 0.32086513926917776, 0.3406353491815558, 0.29675683926685, 0.3656831762662579, 1.0, 0.3902059068793984, 0.303843202162773, 0.3269887539053098, 0.30604936596344223], [0.30517453160828123, 0.3260737093163797, 0.31615415378694334, 0.3049836092616613, 0.32250226074073607, 0.3902059068793984, 1.0, 0.36691858404309213, 0.3273280831828885, 0.3212601150570948], [0.30449195922272754, 0.33853059501049404, 0.3013963329462194, 0.30640388452157175, 0.30378999753613906, 0.303843202162773, 0.36691858404309213, 1.0, 0.37657806395694093, 0.3194198530012396], [0.3502477019095838, 0.3429205113813904, 0.296643886277654, 0.3030702771066516, 0.3252126772758096, 0.3269887539053098, 0.3273280831828885, 0.37657806395694093, 1.0, 0.38007534077519484], [0.2859767636430431, 0.3387019097560489, 0.3094864455958283, 0.32653702090480113, 0.28959839295011014, 0.30604936596344223, 0.3212601150570948, 0.3194198530012396, 0.38007534077519484, 1.0]], "2": [[1.0, 0.23093305565360436, 0.28062637996518663, 0.3450573986133406, 0.32933795061110016, 0.33041706940688953, 0.30854899247036843, 0.26051307785095584, 0.31393931008805115, 0.24564479722252427], [0.23093305565360436, 1.0, 0.26694758947817837, 0.24809114038820224, 0.23390530157337505, 0.30515592099797323, 0.24835236945082903, 0.2290725199242912, 0.24491325808559403, 0.22825724789183213], [0.28062637996518663, 0.26694758947817837, 1.0, 0.2865724720946468, 0.2742596507216719, 0.3197897263327315, 0.2683974305359004, 0.26465127100998864, 0.24888651167265624, 0.2726920907769741], [0.3450573986133406, 0.24809114038820224, 0.2865724720946468, 1.0, 0.3088441080416397, 0.360481207186316, 0.31583070452359696, 0.25769526912226415, 0.2737118411186364, 0.29709429474192395], [0.32933795061110016, 0.23390530157337505, 0.2742596507216719, 0.3088441080416397, 1.0, 0.28677433108338035, 0.276778934105931, 0.28938585990628407, 0.2634975936682842, 0.2438252113516122], [0.33041706940688953, 0.30515592099797323, 0.3197897263327315, 0.360481207186316, 0.28677433108338035, 1.0, 0.32663079173226356, 0.2820968993187739, 0.30307585389280306, 0.28432433955180525], [0.30854899247036843, 0.24835236945082903, 0.2683974305359004, 0.31583070452359696, 0.276778934105931, 0.32663079173226356, 1.0, 0.25706778475667497, 0.3148652821072613, 0.2665422118011725], [0.26051307785095584, 0.2290725199242912, 0.26465127100998864, 0.25769526912226415, 0.28938585990628407, 0.2820968993187739, 0.25706778475667497, 1.0, 0.302894229545503, 0.3038493537620675], [0.31393931008805115, 0.24491325808559403, 0.24888651167265624, 0.2737118411186364, 0.2634975936682842, 0.30307585389280306, 0.3148652821072613, 0.302894229545503, 1.0, 0.2536897154123791], [0.24564479722252427, 0.22825724789183213, 0.2726920907769741, 0.29709429474192395, 0.2438252113516122, 0.28432433955180525, 0.2665422118011725, 0.3038493537620675, 0.2536897154123791, 1.0]]}, "per_layer_inter": {"0": 0.8677816482570874, "1": 0.3299140290757142, "2": 0.2811981855454987}, "O_inter": 0.4929646209594334, "O_intra": 1.0, "Obar": 0.4929646209594334, "inner": -0.5070353790405666}, "phase_stability": "N/A - no oscillator state"}}