{"rung": "R5:no_proj", "scenario": "class", "nexp": 20, "epochs": 50, "seed": 6, "metrics": {"Top1_Acc_Exp/eval_phase/test_stream/Task000/Exp000": 0.0, "Top1_Acc_Exp/eval_phase/test_stream/Task000/Exp001": 0.0, "Top1_Acc_Exp/eval_phase/test_stream/Task000/Exp002": 0.0, "Top1_Acc_Exp/eval_phase/test_stream/Task000/Exp003": 0.0, "Top1_Acc_Exp/eval_phase/test_stream/Task000/Exp004": 0.0, "Top1_Acc_Exp/eval_phase/test_stream/Task000/Exp005": 0.0, "Top1_Acc_Exp/eval_phase/test_stream/Task000/Exp006": 0.0, "Top1_Acc_Exp/eval_phase/test_stream/Task000/Exp007": 0.0, "Top1_Acc_Exp/eval_phase/test_stream/Task000/Exp008": 0.0, "Top1_Acc_Exp/eval_phase/test_stream/Task000/Exp009": 0.0, "Top1_Acc_Exp/eval_phase/test_stream/Task000/Exp010": 0.0, "Top1_Acc_Exp/eval_phase/test_stream/Task000/Exp011": 0.0, "Top1_Acc_Exp/eval_phase/test_stream/Task000/Exp012": 0.0, "Top1_Acc_Exp/eval_phase/test_stream/Task000/Exp013": 0.0, "Top1_Acc_Exp/eval_phase/test_stream/Task000/Exp014": 0.0, "Top1_Acc_Exp/eval_phase/test_stream/Task000/Exp015": 0.0, "Top1_Acc_Exp/eval_phase/test_stream/Task000/Exp016": 0.0, "Top1_Acc_Exp/eval_phase/test_stream/Task000/Exp017": 0.0, "Top1_Acc_Exp/eval_phase/test_stream/Task000/Exp018": 0.0, "Top1_Acc_Exp/eval_phase/test_stream/Task000/Exp019": 0.912, "Top1_Acc_Stream/eval_phase/test_stream/Task000": 0.0456, "StreamForgetting/eval_phase/test_stream": 0.8390526315789473, "StreamBWT/eval_phase/test_stream": -0.8390526315789473, "ExperienceForgetting/eval_phase/test_stream/Task000/Exp000": 0.796, "ExperienceBWT/eval_phase/test_stream/Task000/Exp000": -0.796, "ExperienceForgetting/eval_phase/test_stream/Task000/Exp001": 0.868, "ExperienceBWT/eval_phase/test_stream/Task000/Exp001": -0.868, "ExperienceForgetting/eval_phase/test_stream/Task000/Exp002": 0.908, "ExperienceBWT/eval_phase/test_stream/Task000/Exp002": -0.908, "ExperienceForgetting/eval_phase/test_stream/Task000/Exp003": 0.83, "ExperienceBWT/eval_phase/test_stream/Task000/Exp003": -0.83, "ExperienceForgetting/eval_phase/test_stream/Task000/Exp004": 0.87, "ExperienceBWT/eval_phase/test_stream/Task000/Exp004": -0.87, "ExperienceForgetting/eval_phase/test_stream/Task000/Exp005": 0.75, "ExperienceBWT/eval_phase/test_stream/Task000/Exp005": -0.75, "ExperienceForgetting/eval_phase/test_stream/Task000/Exp006": 0.78, "ExperienceBWT/eval_phase/test_stream/Task000/Exp006": -0.78, "ExperienceForgetting/eval_phase/test_stream/Task000/Exp007": 0.802, "ExperienceBWT/eval_phase/test_stream/Task000/Exp007": -0.802, "ExperienceForgetting/eval_phase/test_stream/Task000/Exp008": 0.874, "ExperienceBWT/eval_phase/test_stream/Task000/Exp008": -0.874, "ExperienceForgetting/eval_phase/test_stream/Task000/Exp009": 0.886, "ExperienceBWT/eval_phase/test_stream/Task000/Exp009": -0.886, "ExperienceForgetting/eval_phase/test_stream/Task000/Exp010": 0.868, "ExperienceBWT/eval_phase/test_stream/Task000/Exp010": -0.868, "ExperienceForgetting/eval_phase/test_stream/Task000/Exp011": 0.892, "ExperienceBWT/eval_phase/test_stream/Task000/Exp011": -0.892, "ExperienceForgetting/eval_phase/test_stream/Task000/Exp012": 0.77, "ExperienceBWT/eval_phase/test_stream/Task000/Exp012": -0.77, "ExperienceForgetting/eval_phase/test_stream/Task000/Exp013": 0.824, "ExperienceBWT/eval_phase/test_stream/Task000/Exp013": -0.824, "ExperienceForgetting/eval_phase/test_stream/Task000/Exp014": 0.822, "ExperienceBWT/eval_phase/test_stream/Task000/Exp014": -0.822, "ExperienceForgetting/eval_phase/test_stream/Task000/Exp015": 0.866, "ExperienceBWT/eval_phase/test_stream/Task000/Exp015": -0.866, "ExperienceForgetting/eval_phase/test_stream/Task000/Exp016": 0.826, "ExperienceBWT/eval_phase/test_stream/Task000/Exp016": -0.826, "ExperienceForgetting/eval_phase/test_stream/Task000/Exp017": 0.908, "ExperienceBWT/eval_phase/test_stream/Task000/Exp017": -0.908, "ExperienceForgetting/eval_phase/test_stream/Task000/Exp018": 0.802, "ExperienceBWT/eval_phase/test_stream/Task000/Exp018": -0.802}, "learning_acc": [0.796, 0.868, 0.908, 0.83, 0.87, 0.75, 0.78, 0.802, 0.874, 0.886, 0.868, 0.892, 0.77, 0.824, 0.822, 0.866, 0.826, 0.908, 0.802, 0.912], "acc_matrix": [[0.796, 0.0, 0.0, 0.0, 0.0, 0.0, 0.0, 0.0, 0.0, 0.0, 0.0, 0.0, 0.0, 0.0, 0.0, 0.0, 0.0, 0.0, 0.0, 0.0], [0.0, 0.868, 0.0, 0.0, 0.0, 0.0, 0.0, 0.0, 0.0, 0.0, 0.0, 0.0, 0.0, 0.0, 0.0, 0.0, 0.0, 0.0, 0.0, 0.0], [0.0, 0.0, 0.908, 0.0, 0.0, 0.0, 0.0, 0.0, 0.0, 0.0, 0.0, 0.0, 0.0, 0.0, 0.0, 0.0, 0.0, 0.0, 0.0, 0.0], [0.0, 0.0, 0.0, 0.83, 0.0, 0.0, 0.0, 0.0, 0.0, 0.0, 0.0, 0.0, 0.0, 0.0, 0.0, 0.0, 0.0, 0.0, 0.0, 0.0], [0.0, 0.0, 0.0, 0.0, 0.87, 0.0, 0.0, 0.0, 0.0, 0.0, 0.0, 0.0, 0.0, 0.0, 0.0, 0.0, 0.0, 0.0, 0.0, 0.0], [0.0, 0.0, 0.0, 0.0, 0.0, 0.75, 0.0, 0.0, 0.0, 0.0, 0.0, 0.0, 0.0, 0.0, 0.0, 0.0, 0.0, 0.0, 0.0, 0.0], [0.0, 0.0, 0.0, 0.0, 0.0, 0.0, 0.78, 0.0, 0.0, 0.0, 0.0, 0.0, 0.0, 0.0, 0.0, 0.0, 0.0, 0.0, 0.0, 0.0], [0.0, 0.0, 0.0, 0.0, 0.0, 0.0, 0.0, 0.802, 0.0, 0.0, 0.0, 0.0, 0.0, 0.0, 0.0, 0.0, 0.0, 0.0, 0.0, 0.0], [0.0, 0.0, 0.0, 0.0, 0.0, 0.0, 0.0, 0.0, 0.874, 0.0, 0.0, 0.0, 0.0, 0.0, 0.0, 0.0, 0.0, 0.0, 0.0, 0.0], [0.0, 0.0, 0.0, 0.0, 0.0, 0.0, 0.0, 0.0, 0.0, 0.886, 0.0, 0.0, 0.0, 0.0, 0.0, 0.0, 0.0, 0.0, 0.0, 0.0], [0.0, 0.0, 0.0, 0.0, 0.0, 0.0, 0.0, 0.0, 0.0, 0.0, 0.868, 0.0, 0.0, 0.0, 0.0, 0.0, 0.0, 0.0, 0.0, 0.0], [0.0, 0.0, 0.0, 0.0, 0.0, 0.0, 0.0, 0.0, 0.0, 0.0, 0.0, 0.892, 0.0, 0.0, 0.0, 0.0, 0.0, 0.0, 0.0, 0.0], [0.0, 0.0, 0.0, 0.0, 0.0, 0.0, 0.0, 0.0, 0.0, 0.0, 0.0, 0.0, 0.77, 0.0, 0.0, 0.0, 0.0, 0.0, 0.0, 0.0], [0.0, 0.0, 0.0, 0.0, 0.0, 0.0, 0.0, 0.0, 0.0, 0.0, 0.0, 0.0, 0.0, 0.824, 0.0, 0.0, 0.0, 0.0, 0.0, 0.0], [0.0, 0.0, 0.0, 0.0, 0.0, 0.0, 0.0, 0.0, 0.0, 0.0, 0.0, 0.0, 0.0, 0.0, 0.822, 0.0, 0.0, 0.0, 0.0, 0.0], [0.0, 0.0, 0.0, 0.0, 0.0, 0.0, 0.0, 0.0, 0.0, 0.0, 0.0, 0.0, 0.0, 0.0, 0.0, 0.866, 0.0, 0.0, 0.0, 0.0], [0.0, 0.0, 0.0, 0.0, 0.0, 0.0, 0.0, 0.0, 0.0, 0.0, 0.0, 0.0, 0.0, 0.0, 0.0, 0.0, 0.826, 0.0, 0.0, 0.0], [0.0, 0.0, 0.0, 0.0, 0.0, 0.0, 0.0, 0.0, 0.0, 0.0, 0.0, 0.0, 0.0, 0.0, 0.0, 0.0, 0.0, 0.908, 0.0, 0.0], [0.0, 0.0, 0.0, 0.0, 0.0, 0.0, 0.0, 0.0, 0.0, 0.0, 0.0, 0.0, 0.0, 0.0, 0.0, 0.0, 0.0, 0.0, 0.802, 0.0], [0.0, 0.0, 0.0, 0.0, 0.0, 0.0, 0.0, 0.0, 0.0, 0.0, 0.0, 0.0, 0.0, 0.0, 0.0, 0.0, 0.0, 0.0, 0.0, 0.912]], "avg_forgetting": 83.90526315789474, "bwt": -83.90526315789474, "selfcheck_ok": true, "h3": {"overlap_summary": {"matrices": {"0": [[1.0, 0.7942882450810494, 0.6851499802646598, 0.6325762468245956, 0.6444787707534432, 0.6277600780465592, 0.607222693352936, 0.5741632812091985, 0.5227216140914327, 0.5370583457548667, 0.6013191377179969, 0.5904659802359039, 0.5515108523021048, 0.6077342807865802, 0.590397309295216, 0.5245460191590385, 0.6247184119181292, 0.5606257852366344, 0.5290911922398314, 0.5213718906796377], [0.7942882450810494, 1.0, 0.7398217262650018, 0.7132286595849772, 0.7313043555759451, 0.730722663239629, 0.7006592099899516, 0.6352008432019457, 0.590992773284072, 0.6261279149484216, 0.6611310811043503, 0.7062525665327312, 0.6729112465448247, 0.6820985156519745, 0.6947528829029315, 0.597360133894376, 0.6823237140673384, 0.6404840687741901, 0.6488932720867583, 0.6143160060050823], [0.6851499802646598, 0.7398217262650018, 1.0, 0.8521006193781885, 0.7915349813534742, 0.7176019843877202, 0.755287236863664, 0.7063024651878365, 0.7139158858893173, 0.7124896279206195, 0.710255092864525, 0.7202710925577043, 0.7411302231330419, 0.7358003144462618, 0.711363549095712, 0.6589340343789873, 0.7367674829053067, 0.722724644013764, 0.6779209881377216, 0.6849688608287383], [0.6325762468245956, 0.7132286595849772, 0.8521006193781885, 1.0, 0.8727678272426899, 0.8224043102938021, 0.8247293010464032, 0.7510373264214972, 0.7778634124809585, 0.7882333316742401, 0.7791840788378374, 0.7770025448716066, 0.7666424635316899, 0.769964896822865, 0.7590631592659381, 0.6861881020015141, 0.7405469165694986, 0.7195504646595177, 0.7140746930085944, 0.729220473131286], [0.6444787707534432, 0.7313043555759451, 0.7915349813534742, 0.8727678272426899, 1.0, 0.8488631170660833, 0.8119142164665771, 0.7373408340448757, 0.7406305857535702, 0.7578082775628442, 0.741827283568033, 0.7409735093616352, 0.7521993935907739, 0.7334465244473138, 0.7314227100182089, 0.6499240946715763, 0.704354964232922, 0.7137941779276431, 0.740774107282848, 0.7062626652435511], [0.6277600780465592, 0.730722663239629, 0.7176019843877202, 0.8224043102938021, 0.8488631170660833, 1.0, 0.8544037411742119, 0.7782513832028698, 0.7595018667502217, 0.7768583695526571, 0.7999266114518416, 0.7860746937000537, 0.7476415777185457, 0.745710105797931, 0.7563568319696667, 0.661856963156314, 0.7119462610885616, 0.7072747225350949, 0.7384595302936462, 0.7402384884143691], [0.607222693352936, 0.7006592099899516, 0.755287236863664, 0.8247293010464032, 0.8119142164665771, 0.8544037411742119, 1.0, 0.8045658895964708, 0.8039285736497267, 0.8056954052254468, 0.7936934068184945, 0.795190804286393, 0.7584483494339485, 0.7671198778458365, 0.760854636001048, 0.6631582513425629, 0.720376385736374, 0.7098249752240571, 0.731879499802984, 0.7285567821402842], [0.5741632812091985, 0.6352008432019457, 0.7063024651878365, 0.7510373264214972, 0.7373408340448757, 0.7782513832028698, 0.8045658895964708, 1.0, 0.8288713428435843, 0.7895497370946457, 0.7943698300510053, 0.7348618992225109, 0.7124327430099245, 0.7338424966738397, 0.7356647907600479, 0.6652074350653261, 0.6941640261914273, 0.7074654954900786, 0.6929437378513988, 0.72186323709101], [0.5227216140914327, 0.590992773284072, 0.7139158858893173, 0.7778634124809585, 0.7406305857535702, 0.7595018667502217, 0.8039285736497267, 0.8288713428435843, 1.0, 0.8611409798147034, 0.8383028350964666, 0.7934809875235153, 0.7525431679001262, 0.7662968789496191, 0.7381882053562693, 0.7233471040418707, 0.7249706184976736, 0.7044804618031516, 0.7265649214475911, 0.7799767503329758], [0.5370583457548667, 0.6261279149484216, 0.7124896279206195, 0.7882333316742401, 0.7578082775628442, 0.7768583695526571, 0.8056954052254468, 0.7895497370946457, 0.8611409798147034, 1.0, 0.8541580191219075, 0.8093521880312826, 0.7375789185293231, 0.7579432196593513, 0.7582443871688325, 0.6937302963996683, 0.7041593570444197, 0.7044768235461714, 0.7320968091884514, 0.7681069392186587], [0.6013191377179969, 0.6611310811043503, 0.710255092864525, 0.7791840788378374, 0.741827283568033, 0.7999266114518416, 0.7936934068184945, 0.7943698300510053, 0.8383028350964666, 0.8541580191219075, 1.0, 0.8598329358240533, 0.7802045651750167, 0.8321512696791094, 0.7935168122550544, 0.7617373408011797, 0.7403374636816651, 0.7068454746884089, 0.7390677262709457, 0.7990772086677441], [0.5904659802359039, 0.7062525665327312, 0.7202710925577043, 0.7770025448716066, 0.7409735093616352, 0.7860746937000537, 0.795190804286393, 0.7348618992225109, 0.7934809875235153, 0.8093521880312826, 0.8598329358240533, 1.0, 0.788846088500926, 0.8170214784713915, 0.7769921652498304, 0.7194373391970509, 0.7576488397600624, 0.7071456294135101, 0.7638178146889095, 0.7999053436807998], [0.5515108523021048, 0.6729112465448247, 0.7411302231330419, 0.7666424635316899, 0.7521993935907739, 0.7476415777185457, 0.7584483494339485, 0.7124327430099245, 0.7525431679001262, 0.7375789185293231, 0.7802045651750167, 0.788846088500926, 1.0, 0.8420183432019567, 0.7874253300488803, 0.7447768126607183, 0.7237377296021078, 0.7157742715286797, 0.7504669001542137, 0.7644152418061284], [0.6077342807865802, 0.6820985156519745, 0.7358003144462618, 0.769964896822865, 0.7334465244473138, 0.745710105797931, 0.7671198778458365, 0.7338424966738397, 0.7662968789496191, 0.7579432196593513, 0.8321512696791094, 0.8170214784713915, 0.8420183432019567, 1.0, 0.8626839870005653, 0.7939422564794132, 0.7324298152142378, 0.6794206907085305, 0.7408938867896893, 0.7630971633779068], [0.590397309295216, 0.6947528829029315, 0.711363549095712, 0.7590631592659381, 0.7314227100182089, 0.7563568319696667, 0.760854636001048, 0.7356647907600479, 0.7381882053562693, 0.7582443871688325, 0.7935168122550544, 0.7769921652498304, 0.7874253300488803, 0.8626839870005653, 1.0, 0.7547645145994032, 0.7134149259429858, 0.688588547544577, 0.7231013154699472, 0.7277532327592566], [0.5245460191590385, 0.597360133894376, 0.6589340343789873, 0.6861881020015141, 0.6499240946715763, 0.661856963156314, 0.6631582513425629, 0.6652074350653261, 0.7233471040418707, 0.6937302963996683, 0.7617373408011797, 0.7194373391970509, 0.7447768126607183, 0.7939422564794132, 0.7547645145994032, 1.0, 0.7269148692736105, 0.6920445824946722, 0.7250970162946191, 0.7481784655548145], [0.6247184119181292, 0.6823237140673384, 0.7367674829053067, 0.7405469165694986, 0.704354964232922, 0.7119462610885616, 0.720376385736374, 0.6941640261914273, 0.7249706184976736, 0.7041593570444197, 0.7403374636816651, 0.7576488397600624, 0.7237377296021078, 0.7324298152142378, 0.7134149259429858, 0.7269148692736105, 1.0, 0.7863987197496618, 0.7354149973074647, 0.7528245904397632], [0.5606257852366344, 0.6404840687741901, 0.722724644013764, 0.7195504646595177, 0.7137941779276431, 0.7072747225350949, 0.7098249752240571, 0.7074654954900786, 0.7044804618031516, 0.7044768235461714, 0.7068454746884089, 0.7071456294135101, 0.7157742715286797, 0.6794206907085305, 0.688588547544577, 0.6920445824946722, 0.7863987197496618, 1.0, 0.7942553696688572, 0.7329710885271609], [0.5290911922398314, 0.6488932720867583, 0.6779209881377216, 0.7140746930085944, 0.740774107282848, 0.7384595302936462, 0.731879499802984, 0.6929437378513988, 0.7265649214475911, 0.7320968091884514, 0.7390677262709457, 0.7638178146889095, 0.7504669001542137, 0.7408938867896893, 0.7231013154699472, 0.7250970162946191, 0.7354149973074647, 0.7942553696688572, 1.0, 0.8219446216928447], [0.5213718906796377, 0.6143160060050823, 0.6849688608287383, 0.729220473131286, 0.7062626652435511, 0.7402384884143691, 0.7285567821402842, 0.72186323709101, 0.7799767503329758, 0.7681069392186587, 0.7990772086677441, 0.7999053436807998, 0.7644152418061284, 0.7630971633779068, 0.7277532327592566, 0.7481784655548145, 0.7528245904397632, 0.7329710885271609, 0.8219446216928447, 1.0]], "1": [[1.0, 0.3179058205173759, 0.21228188906093795, 0.18970595511045651, 0.20631655432898482, 0.18386495775208955, 0.1938795832625798, 0.19534238510113072, 0.21158507759381198, 0.1893271932021039, 0.1706942978086848, 0.18700659119439247, 0.17659035018931205, 0.17505454849009006, 0.14946494736117635, 0.16391251460736045, 0.18275711533783306, 0.14666483593253127, 0.19000758332412876, 0.14164056860347302], [0.3179058205173759, 1.0, 0.19257765787417802, 0.20554999487879247, 0.21883918732463326, 0.20408319269262157, 0.19592059037546353, 0.21673887974340797, 0.21425615322794336, 0.2057115627871329, 0.17838281842231024, 0.21211544355405315, 0.18698843659175735, 0.1475901034392185, 0.15552348191888019, 0.2047609303939302, 0.1848231808062395, 0.16393124383699934, 0.18620643103328363, 0.15188039961725172], [0.21228188906093795, 0.19257765787417802, 1.0, 0.2120163437161835, 0.20285778360885987, 0.16895596475697514, 0.15501092544740525, 0.1543708033416059, 0.20476810254585373, 0.27196985049722283, 0.15449913794734735, 0.1901911050419481, 0.12912490371712718, 0.10399881881558655, 0.12085182343435026, 0.10792646077728935, 0.1475425104322761, 0.11671280729597655, 0.1298136990273626, 0.14925219804714443], [0.18970595511045651, 0.20554999487879247, 0.2120163437161835, 1.0, 0.2555691104281425, 0.15836834642523348, 0.20090012083475886, 0.1807849397737478, 0.14125498914953763, 0.13343114251431348, 0.16756291815991403, 0.1550067463216961, 0.14695361146735145, 0.11583045004487744, 0.15588748477159767, 0.14641520143543355, 0.14452014021695436, 0.11490374436485708, 0.14092041796892985, 0.11159266821282186], [0.20631655432898482, 0.21883918732463326, 0.20285778360885987, 0.2555691104281425, 1.0, 0.16815384572615918, 0.17174791008674492, 0.17940071005394442, 0.15352902806772037, 0.15985716545649542, 0.1452197053004813, 0.1624532454338456, 0.13751960341849484, 0.11925323274117376, 0.1201974363028744, 0.14527253157748582, 0.14968634897092165, 0.11196751638815904, 0.1391756826904529, 0.1353383241058848], [0.18386495775208955, 0.20408319269262157, 0.16895596475697514, 0.15836834642523348, 0.16815384572615918, 1.0, 0.21373375972988579, 0.1624570988560818, 0.17740642812012303, 0.17343951447570297, 0.16151271307804202, 0.17395572353725708, 0.1574434853971271, 0.1302315632917138, 0.12799986471319627, 0.1667790490230635, 0.15284736897013854, 0.12176848320822392, 0.15657500344961062, 0.12884633367482082], [0.1938795832625798, 0.19592059037546353, 0.15501092544740525, 0.20090012083475886, 0.17174791008674492, 0.21373375972988579, 1.0, 0.21360361146338938, 0.20578482477387197, 0.16619006586547078, 0.1562852530831135, 0.1910867728060132, 0.15550239909936253, 0.11846149694075717, 0.18359732681249968, 0.1387604809494128, 0.14571247084387529, 0.12934559654024202, 0.16205956987450945, 0.13495180331535692], [0.19534238510113072, 0.21673887974340797, 0.1543708033416059, 0.1807849397737478, 0.17940071005394442, 0.1624570988560818, 0.21360361146338938, 1.0, 0.23577963202831517, 0.16071950509056995, 0.16134239525550942, 0.15636501416955315, 0.16491900466997708, 0.11897477586381312, 0.13664372029805982, 0.131898887626413, 0.14551323346729708, 0.10986917376145874, 0.12419358013495084, 0.15008862787492375], [0.21158507759381198, 0.21425615322794336, 0.20476810254585373, 0.14125498914953763, 0.15352902806772037, 0.17740642812012303, 0.20578482477387197, 0.23577963202831517, 1.0, 0.31222140302049123, 0.1521158402988627, 0.16550007223596033, 0.1368918480731743, 0.11220981982435477, 0.13738402644880365, 0.1046970103911431, 0.136296207928406, 0.14272054994024974, 0.15137372493609955, 0.13093083359963215], [0.1893271932021039, 0.2057115627871329, 0.27196985049722283, 0.13343114251431348, 0.15985716545649542, 0.17343951447570297, 0.16619006586547078, 0.16071950509056995, 0.31222140302049123, 1.0, 0.1864331092365744, 0.16892224172106515, 0.14701612911641224, 0.1254253632027221, 0.12655746788156824, 0.13365373700493496, 0.15124003174063816, 0.1116154423325651, 0.14368672084663817, 0.12459818664532393], [0.1706942978086848, 0.17838281842231024, 0.15449913794734735, 0.16756291815991403, 0.1452197053004813, 0.16151271307804202, 0.1562852530831135, 0.16134239525550942, 0.1521158402988627, 0.1864331092365744, 1.0, 0.25788066057392245, 0.16200629642121625, 0.15245738348182508, 0.12487466541893011, 0.12460783219307274, 0.14144367100932825, 0.12266236753536801, 0.1548357162746467, 0.14444841229750172], [0.18700659119439247, 0.21211544355405315, 0.1901911050419481, 0.1550067463216961, 0.1624532454338456, 0.17395572353725708, 0.1910867728060132, 0.15636501416955315, 0.16550007223596033, 0.16892224172106515, 0.25788066057392245, 1.0, 0.15990663320693896, 0.10948798627981501, 0.15771027407791713, 0.12275078139307216, 0.13963410083440805, 0.12419045966039631, 0.16887271907366483, 0.14081557727522334], [0.17659035018931205, 0.18698843659175735, 0.12912490371712718, 0.14695361146735145, 0.13751960341849484, 0.1574434853971271, 0.15550239909936253, 0.16491900466997708, 0.1368918480731743, 0.14701612911641224, 0.16200629642121625, 0.15990663320693896, 1.0, 0.10129177964438278, 0.10885761537500756, 0.12161857296418915, 0.1608594914711049, 0.09973913393525327, 0.14475174269773264, 0.10369381799943041], [0.17505454849009006, 0.1475901034392185, 0.10399881881558655, 0.11583045004487744, 0.11925323274117376, 0.1302315632917138, 0.11846149694075717, 0.11897477586381312, 0.11220981982435477, 0.1254253632027221, 0.15245738348182508, 0.10948798627981501, 0.10129177964438278, 1.0, 0.10432209412189145, 0.15029324361885282, 0.09594756913613721, 0.11531393601334652, 0.11179578355221519, 0.10550474568145861], [0.14946494736117635, 0.15552348191888019, 0.12085182343435026, 0.15588748477159767, 0.1201974363028744, 0.12799986471319627, 0.18359732681249968, 0.13664372029805982, 0.13738402644880365, 0.12655746788156824, 0.12487466541893011, 0.15771027407791713, 0.10885761537500756, 0.10432209412189145, 1.0, 0.12434760821755804, 0.11724405207053468, 0.08142140686597925, 0.16854968243188587, 0.11568832122263908], [0.16391251460736045, 0.2047609303939302, 0.10792646077728935, 0.14641520143543355, 0.14527253157748582, 0.1667790490230635, 0.1387604809494128, 0.131898887626413, 0.1046970103911431, 0.13365373700493496, 0.12460783219307274, 0.12275078139307216, 0.12161857296418915, 0.15029324361885282, 0.12434760821755804, 1.0, 0.16138237253724508, 0.0922238280912597, 0.144641067458473, 0.13525875828148348], [0.18275711533783306, 0.1848231808062395, 0.1475425104322761, 0.14452014021695436, 0.14968634897092165, 0.15284736897013854, 0.14571247084387529, 0.14551323346729708, 0.136296207928406, 0.15124003174063816, 0.14144367100932825, 0.13963410083440805, 0.1608594914711049, 0.09594756913613721, 0.11724405207053468, 0.16138237253724508, 1.0, 0.13707647967256872, 0.13732563217212868, 0.15682542996927676], [0.14666483593253127, 0.16393124383699934, 0.11671280729597655, 0.11490374436485708, 0.11196751638815904, 0.12176848320822392, 0.12934559654024202, 0.10986917376145874, 0.14272054994024974, 0.1116154423325651, 0.12266236753536801, 0.12419045966039631, 0.09973913393525327, 0.11531393601334652, 0.08142140686597925, 0.0922238280912597, 0.13707647967256872, 1.0, 0.13748299024053054, 0.12236669317740541], [0.19000758332412876, 0.18620643103328363, 0.1298136990273626, 0.14092041796892985, 0.1391756826904529, 0.15657500344961062, 0.16205956987450945, 0.12419358013495084, 0.15137372493609955, 0.14368672084663817, 0.1548357162746467, 0.16887271907366483, 0.14475174269773264, 0.11179578355221519, 0.16854968243188587, 0.144641067458473, 0.13732563217212868, 0.13748299024053054, 1.0, 0.12254865278865039], [0.14164056860347302, 0.15188039961725172, 0.14925219804714443, 0.11159266821282186, 0.1353383241058848, 0.12884633367482082, 0.13495180331535692, 0.15008862787492375, 0.13093083359963215, 0.12459818664532393, 0.14444841229750172, 0.14081557727522334, 0.10369381799943041, 0.10550474568145861, 0.11568832122263908, 0.13525875828148348, 0.15682542996927676, 0.12236669317740541, 0.12254865278865039, 1.0]], "2": [[1.0, 0.23305541561237147, 0.18560652120420834, 0.17775267965181427, 0.25385172381934634, 0.14990420012827263, 0.1493584129528528, 0.08647401063295145, 0.25109998926804733, 0.18737724109208143, 0.12909768976122263, 0.32550416236220714, 0.1639472844923309, 0.11674803745822694, 0.1435040115495653, 0.16703730792024982, 0.21798878119814447, 0.1953931120154439, 0.1592399223715875, 0.17214203099665223], [0.23305541561237147, 1.0, 0.185510041724622, 0.14223912365192742, 0.20495912551096476, 0.09233583866738157, 0.14678201752485165, 0.1792844666987274, 0.10250514884897739, 0.15061555314549122, 0.1241678566050423, 0.27771013785368764, 0.2646586173240687, 0.16042080510785325, 0.2260351372673449, 0.2797927477409692, 0.14577877130027275, 0.2170604043439372, 0.15518117989722519, 0.12910903766809534], [0.18560652120420834, 0.185510041724622, 1.0, 0.2678411486982572, 0.12367529329559762, 0.1942607481745723, 0.16413662161321885, 0.2154157830323085, 0.22708997703669714, 0.17525240575309056, 0.11774503286675683, 0.2019119227492915, 0.23064686028177214, 0.13694204804452267, 0.1829762051330799, 0.16600352528303022, 0.1335912616444969, 0.2705765164994703, 0.11003927798170889, 0.21588478106127434], [0.17775267965181427, 0.14223912365192742, 0.2678411486982572, 1.0, 0.17053419190488806, 0.17019060858830154, 0.190563473412631, 0.21141030949634332, 0.21782005036243746, 0.2775732027499125, 0.22599811802584618, 0.1727663876830169, 0.1815680879552275, 0.1627708661121752, 0.16142023533776034, 0.15171836953925935, 0.16807893052422462, 0.1977228970353703, 0.15026328601612138, 0.21895802264412687], [0.25385172381934634, 0.20495912551096476, 0.12367529329559762, 0.17053419190488806, 1.0, 0.13549778084592734, 0.14312891810626074, 0.06136182468789071, 0.13307722037326822, 0.13837430817882523, 0.150228721798546, 0.22344147412255919, 0.13022100542074397, 0.12326543843794005, 0.1254539064238807, 0.18663385600263308, 0.17814883341904736, 0.12024236617188563, 0.23159399043801196, 0.180164759525733], [0.14990420012827263, 0.09233583866738157, 0.1942607481745723, 0.17019060858830154, 0.13549778084592734, 1.0, 0.17054964968050457, 0.0951031428759872, 0.12176704444423521, 0.16319685884958868, 0.15449128540117732, 0.09548110849477878, 0.08717941418910162, 0.09907318427417597, 0.1555050798296092, 0.15504395033144816, 0.07383624198062254, 0.11951205851055514, 0.16286512753283186, 0.16810875809448636], [0.1493584129528528, 0.14678201752485165, 0.16413662161321885, 0.190563473412631, 0.14312891810626074, 0.17054964968050457, 1.0, 0.11867333583512185, 0.12742019987324849, 0.14441684583686049, 0.12098410331930577, 0.14311592846073487, 0.12617516308091906, 0.15192309251074246, 0.2142515917099811, 0.15212258525214667, 0.09492421955844578, 0.09129670871549557, 0.1749666625528491, 0.09854538238898285], [0.08647401063295145, 0.1792844666987274, 0.2154157830323085, 0.21141030949634332, 0.06136182468789071, 0.0951031428759872, 0.11867333583512185, 1.0, 0.18971726050630802, 0.12405933601903489, 0.19891189620384678, 0.15586956112352712, 0.317863715723497, 0.1916726735066109, 0.17027189333705758, 0.13005246387474745, 0.11688449320233699, 0.28105556202253845, 0.10531603861714305, 0.20394192487721172], [0.25109998926804733, 0.10250514884897739, 0.22708997703669714, 0.21782005036243746, 0.13307722037326822, 0.12176704444423521, 0.12742019987324849, 0.18971726050630802, 1.0, 0.2479483357562282, 0.18717091351945703, 0.20626906663625535, 0.14815074515945867, 0.13931724768201717, 0.14211641340773415, 0.09254429696286108, 0.15689418981376524, 0.20277127834003955, 0.17871271804849717, 0.17802079236696], [0.18737724109208143, 0.15061555314549122, 0.17525240575309056, 0.2775732027499125, 0.13837430817882523, 0.16319685884958868, 0.14441684583686049, 0.12405933601903489, 0.2479483357562282, 1.0, 0.16661447852191308, 0.20123132462733834, 0.12071341774319404, 0.11492558730704658, 0.19377827033329106, 0.21548461521902515, 0.10574115360083461, 0.11184212682081522, 0.17698138185924941, 0.20590442390811628], [0.12909768976122263, 0.1241678566050423, 0.11774503286675683, 0.22599811802584618, 0.150228721798546, 0.15449128540117732, 0.12098410331930577, 0.19891189620384678, 0.18717091351945703, 0.16661447852191308, 1.0, 0.13455828435533654, 0.2029789720815864, 0.21917311743772552, 0.10696720147295197, 0.17710547577637517, 0.1665245687407494, 0.1649442168707513, 0.20744989798499006, 0.23633254758610747], [0.32550416236220714, 0.27771013785368764, 0.2019119227492915, 0.1727663876830169, 0.22344147412255919, 0.09548110849477878, 0.14311592846073487, 0.15586956112352712, 0.20626906663625535, 0.20123132462733834, 0.13455828435533654, 1.0, 0.2985420058458778, 0.1606537213521653, 0.15946471441539892, 0.16636731477063563, 0.1776617587804829, 0.27399145289460497, 0.1723164624926385, 0.1769372516491383], [0.1639472844923309, 0.2646586173240687, 0.23064686028177214, 0.1815680879552275, 0.13022100542074397, 0.08717941418910162, 0.12617516308091906, 0.317863715723497, 0.14815074515945867, 0.12071341774319404, 0.2029789720815864, 0.2985420058458778, 1.0, 0.25703464166259454, 0.15392584508269894, 0.18404474308665814, 0.15800553817119709, 0.29188642531095177, 0.11660525339614264, 0.16125985510549526], [0.11674803745822694, 0.16042080510785325, 0.13694204804452267, 0.1627708661121752, 0.12326543843794005, 0.09907318427417597, 0.15192309251074246, 0.1916726735066109, 0.13931724768201717, 0.11492558730704658, 0.21917311743772552, 0.1606537213521653, 0.25703464166259454, 1.0, 0.13823903327840034, 0.12272674211037464, 0.1031405720547275, 0.14549392934688463, 0.1315253929962145, 0.14308766071811915], [0.1435040115495653, 0.2260351372673449, 0.1829762051330799, 0.16142023533776034, 0.1254539064238807, 0.1555050798296092, 0.2142515917099811, 0.17027189333705758, 0.14211641340773415, 0.19377827033329106, 0.10696720147295197, 0.15946471441539892, 0.15392584508269894, 0.13823903327840034, 1.0, 0.19950705133486266, 0.06461910067709244, 0.15558224839183915, 0.1817624296034346, 0.13647076684207168], [0.16703730792024982, 0.2797927477409692, 0.16600352528303022, 0.15171836953925935, 0.18663385600263308, 0.15504395033144816, 0.15212258525214667, 0.13005246387474745, 0.09254429696286108, 0.21548461521902515, 0.17710547577637517, 0.16636731477063563, 0.18404474308665814, 0.12272674211037464, 0.19950705133486266, 1.0, 0.14764585375316933, 0.1395570797486167, 0.29595459374595384, 0.19567597686675514], [0.21798878119814447, 0.14577877130027275, 0.1335912616444969, 0.16807893052422462, 0.17814883341904736, 0.07383624198062254, 0.09492421955844578, 0.11688449320233699, 0.15689418981376524, 0.10574115360083461, 0.1665245687407494, 0.1776617587804829, 0.15800553817119709, 0.1031405720547275, 0.06461910067709244, 0.14764585375316933, 1.0, 0.21444856685641908, 0.12896276407427634, 0.10999766859948527], [0.1953931120154439, 0.2170604043439372, 0.2705765164994703, 0.1977228970353703, 0.12024236617188563, 0.11951205851055514, 0.09129670871549557, 0.28105556202253845, 0.20277127834003955, 0.11184212682081522, 0.1649442168707513, 0.27399145289460497, 0.29188642531095177, 0.14549392934688463, 0.15558224839183915, 0.1395570797486167, 0.21444856685641908, 1.0, 0.13408128533251876, 0.1377902213101181], [0.1592399223715875, 0.15518117989722519, 0.11003927798170889, 0.15026328601612138, 0.23159399043801196, 0.16286512753283186, 0.1749666625528491, 0.10531603861714305, 0.17871271804849717, 0.17698138185924941, 0.20744989798499006, 0.1723164624926385, 0.11660525339614264, 0.1315253929962145, 0.1817624296034346, 0.29595459374595384, 0.12896276407427634, 0.13408128533251876, 1.0, 0.22873069724926687], [0.17214203099665223, 0.12910903766809534, 0.21588478106127434, 0.21895802264412687, 0.180164759525733, 0.16810875809448636, 0.09854538238898285, 0.20394192487721172, 0.17802079236696, 0.20590442390811628, 0.23633254758610747, 0.1769372516491383, 0.16125985510549526, 0.14308766071811915, 0.13647076684207168, 0.19567597686675514, 0.10999766859948527, 0.1377902213101181, 0.22873069724926687, 1.0]]}, "per_layer_inter": {"0": 0.7286929789519477, "1": 0.15573428121649086, "2": 0.16901272956476165}, "O_inter": 0.3511466632444001, "O_intra": 1.0, "Obar": 0.3511466632444001, "inner": -0.6488533367556}, "phase_stability": "N/A - no oscillator state"}}