{"rung": "R5:no_proj", "scenario": "class", "nexp": 20, "epochs": 50, "seed": 5, "metrics": {"Top1_Acc_Exp/eval_phase/test_stream/Task000/Exp000": 0.0, "Top1_Acc_Exp/eval_phase/test_stream/Task000/Exp001": 0.0, "Top1_Acc_Exp/eval_phase/test_stream/Task000/Exp002": 0.0, "Top1_Acc_Exp/eval_phase/test_stream/Task000/Exp003": 0.0, "Top1_Acc_Exp/eval_phase/test_stream/Task000/Exp004": 0.0, "Top1_Acc_Exp/eval_phase/test_stream/Task000/Exp005": 0.0, "Top1_Acc_Exp/eval_phase/test_stream/Task000/Exp006": 0.0, "Top1_Acc_Exp/eval_phase/test_stream/Task000/Exp007": 0.0, "Top1_Acc_Exp/eval_phase/test_stream/Task000/Exp008": 0.0, "Top1_Acc_Exp/eval_phase/test_stream/Task000/Exp009": 0.0, "Top1_Acc_Exp/eval_phase/test_stream/Task000/Exp010": 0.0, "Top1_Acc_Exp/eval_phase/test_stream/Task000/Exp011": 0.0, "Top1_Acc_Exp/eval_phase/test_stream/Task000/Exp012": 0.0, "Top1_Acc_Exp/eval_phase/test_stream/Task000/Exp013": 0.0, "Top1_Acc_Exp/eval_phase/test_stream/Task000/Exp014": 0.0, "Top1_Acc_Exp/eval_phase/test_stream/Task000/Exp015": 0.0, "Top1_Acc_Exp/eval_phase/test_stream/Task000/Exp016": 0.0, "Top1_Acc_Exp/eval_phase/test_stream/Task000/Exp017": 0.0, "Top1_Acc_Exp/eval_phase/test_stream/Task000/Exp018": 0.0, "Top1_Acc_Exp/eval_phase/test_stream/Task000/Exp019": 0.86, "Top1_Acc_Stream/eval_phase/test_stream/Task000": 0.043, "StreamForgetting/eval_phase/test_stream": 0.845578947368421, "StreamBWT/eval_phase/test_stream": -0.845578947368421, "ExperienceForgetting/eval_phase/test_stream/Task000/Exp000": 0.808, "ExperienceBWT/eval_phase/test_stream/Task000/Exp000": -0.808, "ExperienceForgetting/eval_phase/test_stream/Task000/Exp001": 0.82, "ExperienceBWT/eval_phase/test_stream/Task000/Exp001": -0.82, "ExperienceForgetting/eval_phase/test_stream/Task000/Exp002": 0.84, "ExperienceBWT/eval_phase/test_stream/Task000/Exp002": -0.84, "ExperienceForgetting/eval_phase/test_stream/Task000/Exp003": 0.84, "ExperienceBWT/eval_phase/test_stream/Task000/Exp003": -0.84, "ExperienceForgetting/eval_phase/test_stream/Task000/Exp004": 0.89, "ExperienceBWT/eval_phase/test_stream/Task000/Exp004": -0.89, "ExperienceForgetting/eval_phase/test_stream/Task000/Exp005": 0.888, "ExperienceBWT/eval_phase/test_stream/Task000/Exp005": -0.888, "ExperienceForgetting/eval_phase/test_stream/Task000/Exp006": 0.778, "ExperienceBWT/eval_phase/test_stream/Task000/Exp006": -0.778, "ExperienceForgetting/eval_phase/test_stream/Task000/Exp007": 0.786, "ExperienceBWT/eval_phase/test_stream/Task000/Exp007": -0.786, "ExperienceForgetting/eval_phase/test_stream/Task000/Exp008": 0.892, "ExperienceBWT/eval_phase/test_stream/Task000/Exp008": -0.892, "ExperienceForgetting/eval_phase/test_stream/Task000/Exp009": 0.808, "ExperienceBWT/eval_phase/test_stream/Task000/Exp009": -0.808, "ExperienceForgetting/eval_phase/test_stream/Task000/Exp010": 0.92, "ExperienceBWT/eval_phase/test_stream/Task000/Exp010": -0.92, "ExperienceForgetting/eval_phase/test_stream/Task000/Exp011": 0.886, "ExperienceBWT/eval_phase/test_stream/Task000/Exp011": -0.886, "ExperienceForgetting/eval_phase/test_stream/Task000/Exp012": 0.874, "ExperienceBWT/eval_phase/test_stream/Task000/Exp012": -0.874, "ExperienceForgetting/eval_phase/test_stream/Task000/Exp013": 0.754, "ExperienceBWT/eval_phase/test_stream/Task000/Exp013": -0.754, "ExperienceForgetting/eval_phase/test_stream/Task000/Exp014": 0.854, "ExperienceBWT/eval_phase/test_stream/Task000/Exp014": -0.854, "ExperienceForgetting/eval_phase/test_stream/Task000/Exp015": 0.862, "ExperienceBWT/eval_phase/test_stream/Task000/Exp015": -0.862, "ExperienceForgetting/eval_phase/test_stream/Task000/Exp016": 0.828, "ExperienceBWT/eval_phase/test_stream/Task000/Exp016": -0.828, "ExperienceForgetting/eval_phase/test_stream/Task000/Exp017": 0.852, "ExperienceBWT/eval_phase/test_stream/Task000/Exp017": -0.852, "ExperienceForgetting/eval_phase/test_stream/Task000/Exp018": 0.886, "ExperienceBWT/eval_phase/test_stream/Task000/Exp018": -0.886}, "learning_acc": [0.808, 0.82, 0.84, 0.84, 0.89, 0.888, 0.778, 0.786, 0.892, 0.808, 0.92, 0.886, 0.874, 0.754, 0.854, 0.862, 0.828, 0.852, 0.886, 0.86], "acc_matrix": [[0.808, 0.0, 0.0, 0.0, 0.0, 0.0, 0.0, 0.0, 0.0, 0.0, 0.0, 0.0, 0.0, 0.0, 0.0, 0.0, 0.0, 0.0, 0.0, 0.0], [0.0, 0.82, 0.0, 0.0, 0.0, 0.0, 0.0, 0.0, 0.0, 0.0, 0.0, 0.0, 0.0, 0.0, 0.0, 0.0, 0.0, 0.0, 0.0, 0.0], [0.0, 0.0, 0.84, 0.0, 0.0, 0.0, 0.0, 0.0, 0.0, 0.0, 0.0, 0.0, 0.0, 0.0, 0.0, 0.0, 0.0, 0.0, 0.0, 0.0], [0.0, 0.0, 0.0, 0.84, 0.0, 0.0, 0.0, 0.0, 0.0, 0.0, 0.0, 0.0, 0.0, 0.0, 0.0, 0.0, 0.0, 0.0, 0.0, 0.0], [0.0, 0.0, 0.0, 0.0, 0.89, 0.0, 0.0, 0.0, 0.0, 0.0, 0.0, 0.0, 0.0, 0.0, 0.0, 0.0, 0.0, 0.0, 0.0, 0.0], [0.0, 0.0, 0.0, 0.0, 0.0, 0.888, 0.0, 0.0, 0.0, 0.0, 0.0, 0.0, 0.0, 0.0, 0.0, 0.0, 0.0, 0.0, 0.0, 0.0], [0.0, 0.0, 0.0, 0.0, 0.0, 0.0, 0.778, 0.0, 0.0, 0.0, 0.0, 0.0, 0.0, 0.0, 0.0, 0.0, 0.0, 0.0, 0.0, 0.0], [0.0, 0.0, 0.0, 0.0, 0.0, 0.0, 0.0, 0.786, 0.0, 0.0, 0.0, 0.0, 0.0, 0.0, 0.0, 0.0, 0.0, 0.0, 0.0, 0.0], [0.0, 0.0, 0.0, 0.0, 0.0, 0.0, 0.0, 0.0, 0.892, 0.0, 0.0, 0.0, 0.0, 0.0, 0.0, 0.0, 0.0, 0.0, 0.0, 0.0], [0.0, 0.0, 0.0, 0.0, 0.0, 0.0, 0.0, 0.0, 0.0, 0.808, 0.0, 0.0, 0.0, 0.0, 0.0, 0.0, 0.0, 0.0, 0.0, 0.0], [0.0, 0.0, 0.0, 0.0, 0.0, 0.0, 0.0, 0.0, 0.0, 0.0, 0.92, 0.0, 0.0, 0.0, 0.0, 0.0, 0.0, 0.0, 0.0, 0.0], [0.0, 0.0, 0.0, 0.0, 0.0, 0.0, 0.0, 0.0, 0.0, 0.0, 0.0, 0.886, 0.0, 0.0, 0.0, 0.0, 0.0, 0.0, 0.0, 0.0], [0.0, 0.0, 0.0, 0.0, 0.0, 0.0, 0.0, 0.0, 0.0, 0.0, 0.0, 0.0, 0.874, 0.0, 0.0, 0.0, 0.0, 0.0, 0.0, 0.0], [0.0, 0.0, 0.0, 0.0, 0.0, 0.0, 0.0, 0.0, 0.0, 0.0, 0.0, 0.0, 0.0, 0.754, 0.0, 0.0, 0.0, 0.0, 0.0, 0.0], [0.0, 0.0, 0.0, 0.0, 0.0, 0.0, 0.0, 0.0, 0.0, 0.0, 0.0, 0.0, 0.0, 0.0, 0.854, 0.0, 0.0, 0.0, 0.0, 0.0], [0.0, 0.0, 0.0, 0.0, 0.0, 0.0, 0.0, 0.0, 0.0, 0.0, 0.0, 0.0, 0.0, 0.0, 0.0, 0.862, 0.0, 0.0, 0.0, 0.0], [0.0, 0.0, 0.0, 0.0, 0.0, 0.0, 0.0, 0.0, 0.0, 0.0, 0.0, 0.0, 0.0, 0.0, 0.0, 0.0, 0.828, 0.0, 0.0, 0.0], [0.0, 0.0, 0.0, 0.0, 0.0, 0.0, 0.0, 0.0, 0.0, 0.0, 0.0, 0.0, 0.0, 0.0, 0.0, 0.0, 0.0, 0.852, 0.0, 0.0], [0.0, 0.0, 0.0, 0.0, 0.0, 0.0, 0.0, 0.0, 0.0, 0.0, 0.0, 0.0, 0.0, 0.0, 0.0, 0.0, 0.0, 0.0, 0.886, 0.0], [0.0, 0.0, 0.0, 0.0, 0.0, 0.0, 0.0, 0.0, 0.0, 0.0, 0.0, 0.0, 0.0, 0.0, 0.0, 0.0, 0.0, 0.0, 0.0, 0.86]], "avg_forgetting": 84.5578947368421, "bwt": -84.5578947368421, "selfcheck_ok": true, "h3": {"overlap_summary": {"matrices": {"0": [[1.0, 0.8128259398612359, 0.7565010128238427, 0.7177509188675794, 0.733243819769312, 0.6616105303020695, 0.6663984137694702, 0.6025799385697325, 0.69192793569739, 0.666485462175626, 0.6583375687445039, 0.6680453120932729, 0.5839385516646481, 0.6000188054887651, 0.6546205125266129, 0.6192936991191306, 0.621274104429483, 0.6146487419018448, 0.664073895537675, 0.61485774829686], [0.8128259398612359, 1.0, 0.8121004102121625, 0.7609657120554189, 0.7608102328807238, 0.6991016299879408, 0.7095161627232455, 0.6628822439391331, 0.7209291095371193, 0.7243295012548149, 0.704689204962371, 0.735427802434611, 0.6812771033024373, 0.6945984847182278, 0.6796805147253087, 0.6633043727885236, 0.6366585497747934, 0.6292946896284278, 0.6990487842801917, 0.6793012968431478], [0.7565010128238427, 0.8121004102121625, 1.0, 0.8286430084614221, 0.8184065496803095, 0.7919797086072989, 0.794181040866406, 0.6972205759968705, 0.7841871126744969, 0.784398087452177, 0.7226441197023541, 0.7582532267908656, 0.7114490355542915, 0.699409634089307, 0.7054508772070957, 0.6660636984195442, 0.7161869948072962, 0.6573010174782778, 0.7221730041037914, 0.7020745674919789], [0.7177509188675794, 0.7609657120554189, 0.8286430084614221, 1.0, 0.8091123920979699, 0.7589786824728502, 0.751038148069138, 0.649457929353497, 0.6846057668895563, 0.718987696191292, 0.6965747069774718, 0.7225317774964857, 0.6840698790818671, 0.6734700438083349, 0.6817707998658767, 0.6880193434376153, 0.6989756693876572, 0.6354945752546979, 0.6428679072750445, 0.6370491768578316], [0.733243819769312, 0.7608102328807238, 0.8184065496803095, 0.8091123920979699, 1.0, 0.8193382535203177, 0.7616568106530159, 0.6708504419140285, 0.7457758436048441, 0.7722105199446707, 0.7286600647016476, 0.7215994973546466, 0.6905169726698424, 0.6760986038872615, 0.7200386096955643, 0.6799615767073476, 0.7160965648596646, 0.6726505407862667, 0.7116731151664191, 0.6912527491779471], [0.6616105303020695, 0.6991016299879408, 0.7919797086072989, 0.7589786824728502, 0.8193382535203177, 1.0, 0.8452718130911108, 0.7502275679960646, 0.7163084279264738, 0.7669484024316064, 0.6975734709169299, 0.7065684318323014, 0.7120489510392779, 0.6793298069465612, 0.7527575667623682, 0.7003032195566646, 0.7020974980409197, 0.676157905469484, 0.6602148444810582, 0.6832232151237233], [0.6663984137694702, 0.7095161627232455, 0.794181040866406, 0.751038148069138, 0.7616568106530159, 0.8452718130911108, 1.0, 0.7827272246193627, 0.7781502767711056, 0.7949357047168956, 0.7363912627454998, 0.7652871174196574, 0.7474405696086501, 0.6999005987063245, 0.7624489890418741, 0.7356371063405086, 0.7132186776609798, 0.7023293300381435, 0.7099483811758087, 0.6888852936831384], [0.6025799385697325, 0.6628822439391331, 0.6972205759968705, 0.649457929353497, 0.6708504419140285, 0.7502275679960646, 0.7827272246193627, 1.0, 0.7911516005759284, 0.7635726213760681, 0.6810645496704691, 0.6817586948806519, 0.6782096130206697, 0.6976000172978699, 0.7190067670989119, 0.6699065073832394, 0.6014538448680231, 0.670897107896973, 0.6399933959830477, 0.678945517420157], [0.69192793569739, 0.7209291095371193, 0.7841871126744969, 0.6846057668895563, 0.7457758436048441, 0.7163084279264738, 0.7781502767711056, 0.7911516005759284, 1.0, 0.8487253329241864, 0.7972178449835582, 0.7912409850242548, 0.7033754489859225, 0.7220373613255481, 0.7472244812439955, 0.7033010575941777, 0.6996415364053051, 0.7013898782520944, 0.7628685622467246, 0.7229513007740626], [0.666485462175626, 0.7243295012548149, 0.784398087452177, 0.718987696191292, 0.7722105199446707, 0.7669484024316064, 0.7949357047168956, 0.7635726213760681, 0.8487253329241864, 1.0, 0.8406559620041608, 0.7991870813042896, 0.7799145034938094, 0.7703663131189676, 0.8024480530780069, 0.7395966021863158, 0.7481551422351373, 0.7240844002924869, 0.7564391844409899, 0.7595611256272538], [0.6583375687445039, 0.704689204962371, 0.7226441197023541, 0.6965747069774718, 0.7286600647016476, 0.6975734709169299, 0.7363912627454998, 0.6810645496704691, 0.7972178449835582, 0.8406559620041608, 1.0, 0.7969764448618708, 0.7476024075642721, 0.7311184757827823, 0.774106844818521, 0.7307530039193346, 0.72995415307545, 0.7421759418444984, 0.7567463067763684, 0.7347682230093822], [0.6680453120932729, 0.735427802434611, 0.7582532267908656, 0.7225317774964857, 0.7215994973546466, 0.7065684318323014, 0.7652871174196574, 0.6817586948806519, 0.7912409850242548, 0.7991870813042896, 0.7969764448618708, 1.0, 0.79566909062007, 0.7840133223894916, 0.7621152003535858, 0.7437456578471515, 0.7349127202989082, 0.6849764933062973, 0.7382314817018796, 0.7223981909616143], [0.5839385516646481, 0.6812771033024373, 0.7114490355542915, 0.6840698790818671, 0.6905169726698424, 0.7120489510392779, 0.7474405696086501, 0.6782096130206697, 0.7033754489859225, 0.7799145034938094, 0.7476024075642721, 0.79566909062007, 1.0, 0.8105456653909394, 0.7436142806740119, 0.7315876706732319, 0.7026062763745877, 0.6890245861923061, 0.7092956512978663, 0.7611169795350672], [0.6000188054887651, 0.6945984847182278, 0.699409634089307, 0.6734700438083349, 0.6760986038872615, 0.6793298069465612, 0.6999005987063245, 0.6976000172978699, 0.7220373613255481, 0.7703663131189676, 0.7311184757827823, 0.7840133223894916, 0.8105456653909394, 1.0, 0.7900045944544651, 0.7689685567562874, 0.7176031094867334, 0.6535809231913082, 0.6991923597358906, 0.7427500061522536], [0.6546205125266129, 0.6796805147253087, 0.7054508772070957, 0.6817707998658767, 0.7200386096955643, 0.7527575667623682, 0.7624489890418741, 0.7190067670989119, 0.7472244812439955, 0.8024480530780069, 0.774106844818521, 0.7621152003535858, 0.7436142806740119, 0.7900045944544651, 1.0, 0.8039486313586024, 0.7380192001302064, 0.7015386195500856, 0.7273112758592757, 0.7088176602218748], [0.6192936991191306, 0.6633043727885236, 0.6660636984195442, 0.6880193434376153, 0.6799615767073476, 0.7003032195566646, 0.7356371063405086, 0.6699065073832394, 0.7033010575941777, 0.7395966021863158, 0.7307530039193346, 0.7437456578471515, 0.7315876706732319, 0.7689685567562874, 0.8039486313586024, 1.0, 0.7686786855679117, 0.6900921844169254, 0.676798360900672, 0.6774386819834598], [0.621274104429483, 0.6366585497747934, 0.7161869948072962, 0.6989756693876572, 0.7160965648596646, 0.7020974980409197, 0.7132186776609798, 0.6014538448680231, 0.6996415364053051, 0.7481551422351373, 0.72995415307545, 0.7349127202989082, 0.7026062763745877, 0.7176031094867334, 0.7380192001302064, 0.7686786855679117, 1.0, 0.7611870294505856, 0.7557158716070932, 0.713165340854116], [0.6146487419018448, 0.6292946896284278, 0.6573010174782778, 0.6354945752546979, 0.6726505407862667, 0.676157905469484, 0.7023293300381435, 0.670897107896973, 0.7013898782520944, 0.7240844002924869, 0.7421759418444984, 0.6849764933062973, 0.6890245861923061, 0.6535809231913082, 0.7015386195500856, 0.6900921844169254, 0.7611870294505856, 1.0, 0.7733518722143375, 0.7531768143112602], [0.664073895537675, 0.6990487842801917, 0.7221730041037914, 0.6428679072750445, 0.7116731151664191, 0.6602148444810582, 0.7099483811758087, 0.6399933959830477, 0.7628685622467246, 0.7564391844409899, 0.7567463067763684, 0.7382314817018796, 0.7092956512978663, 0.6991923597358906, 0.7273112758592757, 0.676798360900672, 0.7557158716070932, 0.7733518722143375, 1.0, 0.8183460782838751], [0.61485774829686, 0.6793012968431478, 0.7020745674919789, 0.6370491768578316, 0.6912527491779471, 0.6832232151237233, 0.6888852936831384, 0.678945517420157, 0.7229513007740626, 0.7595611256272538, 0.7347682230093822, 0.7223981909616143, 0.7611169795350672, 0.7427500061522536, 0.7088176602218748, 0.6774386819834598, 0.713165340854116, 0.7531768143112602, 0.8183460782838751, 1.0]], "1": [[1.0, 0.31593449833140724, 0.2541512499681887, 0.1976185153600284, 0.22897414632077612, 0.17800677537163628, 0.20856070401247087, 0.1877364728710725, 0.2122448946501918, 0.24662226075658547, 0.2582271094213331, 0.17463428205423234, 0.1733985997585229, 0.17171943119311875, 0.1680416271294615, 0.17757027911656081, 0.17247671143722818, 0.20183906496004944, 0.17433647490820023, 0.19670659151889777], [0.31593449833140724, 1.0, 0.2236283722764239, 0.16983236853820788, 0.18275652402915415, 0.17261927700189264, 0.18222111860080162, 0.16604813921107137, 0.193730314562173, 0.20355685335487692, 0.20157253253461924, 0.15567805636345158, 0.13766181066967395, 0.15614835964151572, 0.15460737711057304, 0.18674986596820947, 0.13758160783696452, 0.15618088690901033, 0.1661493340778685, 0.16572575557160996], [0.2541512499681887, 0.2236283722764239, 1.0, 0.18097008119160854, 0.21110012229713265, 0.18243962344897816, 0.174885452176689, 0.1907842510501284, 0.201668799022326, 0.2388750564146537, 0.23717873827926347, 0.1788705363719795, 0.15037755925000085, 0.16276288342841508, 0.15750066099459317, 0.15223755921941676, 0.1608276089890215, 0.17024491658930774, 0.17261811345596792, 0.18817699101665558], [0.1976185153600284, 0.16983236853820788, 0.18097008119160854, 1.0, 0.20794955178424493, 0.20089859646357774, 0.21851362833067442, 0.14695533783721, 0.209572253489585, 0.16921108009805502, 0.1761486583768801, 0.11995331459140277, 0.13866071479035194, 0.15328329822599296, 0.16054840304716242, 0.13211107958349172, 0.11817579781499092, 0.1366779117167495, 0.14488298537983763, 0.15483227613076161], [0.22897414632077612, 0.18275652402915415, 0.21110012229713265, 0.20794955178424493, 1.0, 0.17928830484150826, 0.18150090766033314, 0.1489535084439788, 0.18345675929738312, 0.20820427099991878, 0.17144810901675464, 0.15065486676079923, 0.14429826859442418, 0.14919929862619544, 0.12972017348144246, 0.15065490754036848, 0.13121632103567768, 0.15834930758081137, 0.14897079957685275, 0.18386665514202694], [0.17800677537163628, 0.17261927700189264, 0.18243962344897816, 0.20089859646357774, 0.17928830484150826, 1.0, 0.2572888296111899, 0.16982834775455408, 0.19259943039432967, 0.1940687513332762, 0.1717413739087114, 0.14478355147194868, 0.17654265971082608, 0.14781146820486324, 0.13008148486236726, 0.11210501212855843, 0.14014917809009234, 0.1395888716022204, 0.13130443294524075, 0.1465618383125871], [0.20856070401247087, 0.18222111860080162, 0.174885452176689, 0.21851362833067442, 0.18150090766033314, 0.2572888296111899, 1.0, 0.18054227850807042, 0.16850595004894556, 0.18724433239789337, 0.17719899760824862, 0.13748582806389853, 0.13740166188827338, 0.14201389508442336, 0.13604281653226685, 0.13925794260432967, 0.12817261916541772, 0.13532500224188168, 0.14317838862739665, 0.16224022255220885], [0.1877364728710725, 0.16604813921107137, 0.1907842510501284, 0.14695533783721, 0.1489535084439788, 0.16982834775455408, 0.18054227850807042, 1.0, 0.22494771244179507, 0.21342105903469677, 0.18318056507998043, 0.12276453469362414, 0.14823504313082655, 0.13627655300555305, 0.12645950562739128, 0.11354992876312896, 0.12692116784100457, 0.15277545067509093, 0.1570763183547546, 0.15176008611150596], [0.2122448946501918, 0.193730314562173, 0.201668799022326, 0.209572253489585, 0.18345675929738312, 0.19259943039432967, 0.16850595004894556, 0.22494771244179507, 1.0, 0.2735062389069032, 0.2599204069716216, 0.1576861309704907, 0.16550939550100088, 0.13939517582846792, 0.1464074629363934, 0.1549431668864894, 0.1653710969870065, 0.17244205224470505, 0.17604015546168456, 0.20330970709948307], [0.24662226075658547, 0.20355685335487692, 0.2388750564146537, 0.16921108009805502, 0.20820427099991878, 0.1940687513332762, 0.18724433239789337, 0.21342105903469677, 0.2735062389069032, 1.0, 0.3589077082789877, 0.17930750983470325, 0.1660918120848234, 0.17419750237387555, 0.16492193555798546, 0.13643950629891366, 0.14370649268035415, 0.17149592160829594, 0.179299145014115, 0.18493826489811713], [0.2582271094213331, 0.20157253253461924, 0.23717873827926347, 0.1761486583768801, 0.17144810901675464, 0.1717413739087114, 0.17719899760824862, 0.18318056507998043, 0.2599204069716216, 0.3589077082789877, 1.0, 0.18674111803757845, 0.16282758087495242, 0.17852588571103675, 0.18827096010837188, 0.13776661976715823, 0.1459916812278678, 0.17828784081391252, 0.15216167484988852, 0.19569875891074806], [0.17463428205423234, 0.15567805636345158, 0.1788705363719795, 0.11995331459140277, 0.15065486676079923, 0.14478355147194868, 0.13748582806389853, 0.12276453469362414, 0.1576861309704907, 0.17930750983470325, 0.18674111803757845, 1.0, 0.19854639535122165, 0.1589015271924392, 0.09977654730085159, 0.10446080048107859, 0.09909667731444724, 0.12714669689238572, 0.13718973172059135, 0.1281694425625615], [0.1733985997585229, 0.13766181066967395, 0.15037755925000085, 0.13866071479035194, 0.14429826859442418, 0.17654265971082608, 0.13740166188827338, 0.14823504313082655, 0.16550939550100088, 0.1660918120848234, 0.16282758087495242, 0.19854639535122165, 1.0, 0.14456838426831686, 0.11047286410880916, 0.11155417894003922, 0.09525924358837214, 0.14247804569736913, 0.16096987630761392, 0.1446230415626676], [0.17171943119311875, 0.15614835964151572, 0.16276288342841508, 0.15328329822599296, 0.14919929862619544, 0.14781146820486324, 0.14201389508442336, 0.13627655300555305, 0.13939517582846792, 0.17419750237387555, 0.17852588571103675, 0.1589015271924392, 0.14456838426831686, 1.0, 0.13825657492299112, 0.09547089774022442, 0.11127632736045541, 0.13101400729411788, 0.14329092568473828, 0.14705029818430232], [0.1680416271294615, 0.15460737711057304, 0.15750066099459317, 0.16054840304716242, 0.12972017348144246, 0.13008148486236726, 0.13604281653226685, 0.12645950562739128, 0.1464074629363934, 0.16492193555798546, 0.18827096010837188, 0.09977654730085159, 0.11047286410880916, 0.13825657492299112, 1.0, 0.09659102912614449, 0.12600847514796376, 0.11812774867504819, 0.1183545024082769, 0.13442664551255648], [0.17757027911656081, 0.18674986596820947, 0.15223755921941676, 0.13211107958349172, 0.15065490754036848, 0.11210501212855843, 0.13925794260432967, 0.11354992876312896, 0.1549431668864894, 0.13643950629891366, 0.13776661976715823, 0.10446080048107859, 0.11155417894003922, 0.09547089774022442, 0.09659102912614449, 1.0, 0.15071169735651102, 0.1254964908986528, 0.13323028796220016, 0.16004886296726195], [0.17247671143722818, 0.13758160783696452, 0.1608276089890215, 0.11817579781499092, 0.13121632103567768, 0.14014917809009234, 0.12817261916541772, 0.12692116784100457, 0.1653710969870065, 0.14370649268035415, 0.1459916812278678, 0.09909667731444724, 0.09525924358837214, 0.11127632736045541, 0.12600847514796376, 0.15071169735651102, 1.0, 0.14410863207672006, 0.11962522742946487, 0.1503369303868166], [0.20183906496004944, 0.15618088690901033, 0.17024491658930774, 0.1366779117167495, 0.15834930758081137, 0.1395888716022204, 0.13532500224188168, 0.15277545067509093, 0.17244205224470505, 0.17149592160829594, 0.17828784081391252, 0.12714669689238572, 0.14247804569736913, 0.13101400729411788, 0.11812774867504819, 0.1254964908986528, 0.14410863207672006, 1.0, 0.17486703436198867, 0.13880574616094116], [0.17433647490820023, 0.1661493340778685, 0.17261811345596792, 0.14488298537983763, 0.14897079957685275, 0.13130443294524075, 0.14317838862739665, 0.1570763183547546, 0.17604015546168456, 0.179299145014115, 0.15216167484988852, 0.13718973172059135, 0.16096987630761392, 0.14329092568473828, 0.1183545024082769, 0.13323028796220016, 0.11962522742946487, 0.17486703436198867, 1.0, 0.1579661796166009], [0.19670659151889777, 0.16572575557160996, 0.18817699101665558, 0.15483227613076161, 0.18386665514202694, 0.1465618383125871, 0.16224022255220885, 0.15176008611150596, 0.20330970709948307, 0.18493826489811713, 0.19569875891074806, 0.1281694425625615, 0.1446230415626676, 0.14705029818430232, 0.13442664551255648, 0.16004886296726195, 0.1503369303868166, 0.13880574616094116, 0.1579661796166009, 1.0]], "2": [[1.0, 0.22551364670407262, 0.2245102834992589, 0.12868679386453244, 0.21177697768901185, 0.09083477160842761, 0.11744432440431651, 0.13757246253319347, 0.11880198208505237, 0.2003730995968061, 0.15073080718195273, 0.2765616561849944, 0.11322469295168387, 0.12374997256677094, 0.1166096100003808, 0.14838203481324455, 0.11637950718390996, 0.13000768527007941, 0.16278095635004347, 0.09977079946517473], [0.22551364670407262, 1.0, 0.21299177589869814, 0.24107892136960915, 0.26766373491897827, 0.17778206321175316, 0.12131150130492782, 0.15260303167002748, 0.3004620840813507, 0.21742416801156245, 0.16516549862672641, 0.3657390094559872, 0.37034891309080686, 0.27258831566942804, 0.1427753449048245, 0.31777146461653427, 0.20851021210867954, 0.19599192919366662, 0.2707535729770105, 0.12896583606726023], [0.2245102834992589, 0.21299177589869814, 1.0, 0.11919602192855909, 0.1262218836239678, 0.09678105490613971, 0.12332131218288328, 0.16581965652375208, 0.1530809277043506, 0.19917438045523572, 0.1371335248361235, 0.2201979951472605, 0.1343177262962592, 0.2017894514786451, 0.16478579866657417, 0.13707590870753053, 0.10092037861522386, 0.10106269208772006, 0.11717544986661631, 0.1631229856628354], [0.12868679386453244, 0.24107892136960915, 0.11919602192855909, 1.0, 0.14717667690398004, 0.173628756252695, 0.14981716096768632, 0.16739127352217703, 0.14811766395692147, 0.12432670612277982, 0.19829526378975557, 0.2647750447659295, 0.15821099483471593, 0.11451483727556246, 0.15563205219500187, 0.16376852791137017, 0.12085593953757705, 0.16749407242248487, 0.16815121966483462, 0.07589747379719707], [0.21177697768901185, 0.26766373491897827, 0.1262218836239678, 0.14717667690398004, 1.0, 0.13164486963196198, 0.09264179201188363, 0.1053578627307254, 0.1939683757493309, 0.2706706554837241, 0.15848047301261245, 0.21334409736880194, 0.22457406784842351, 0.15923757076334927, 0.1474016475487913, 0.3037224705524901, 0.17783718185038258, 0.12321337297209396, 0.25291541281820595, 0.10411557685562886], [0.09083477160842761, 0.17778206321175316, 0.09678105490613971, 0.173628756252695, 0.13164486963196198, 1.0, 0.16755376338458214, 0.20193851474526542, 0.16790884277313506, 0.12775801358523783, 0.12245996125306795, 0.18142858613536586, 0.25426283373667885, 0.17848968104929053, 0.20986504789729213, 0.2026136317262543, 0.10794359781949699, 0.21520671776028955, 0.136934970922531, 0.07965784014450034], [0.11744432440431651, 0.12131150130492782, 0.12332131218288328, 0.14981716096768632, 0.09264179201188363, 0.16755376338458214, 1.0, 0.19742231719788153, 0.15939317140872933, 0.08928364900261762, 0.1626735372202431, 0.13341760410993234, 0.16147025049159158, 0.12643074367855756, 0.12767757237412347, 0.10757005953461778, 0.15461875413616594, 0.14170398134176182, 0.18316646119035776, 0.14889104232950823], [0.13757246253319347, 0.15260303167002748, 0.16581965652375208, 0.16739127352217703, 0.1053578627307254, 0.20193851474526542, 0.19742231719788153, 1.0, 0.20414638003111954, 0.18439036782843937, 0.17961961098160337, 0.1855038370379568, 0.21143837716995012, 0.19282181434564527, 0.3320484155835902, 0.17311145587312218, 0.13302064911528869, 0.1638332240162218, 0.12841375500122418, 0.13297298128736534], [0.11880198208505237, 0.3004620840813507, 0.1530809277043506, 0.14811766395692147, 0.1939683757493309, 0.16790884277313506, 0.15939317140872933, 0.20414638003111954, 1.0, 0.22171625249713872, 0.14231993845375998, 0.23115652777211046, 0.37024901973406776, 0.22519056599809623, 0.168454425532066, 0.2867507002995383, 0.1780234944712834, 0.13409924803999587, 0.17001797274583205, 0.1192940814856337], [0.2003730995968061, 0.21742416801156245, 0.19917438045523572, 0.12432670612277982, 0.2706706554837241, 0.12775801358523783, 0.08928364900261762, 0.18439036782843937, 0.22171625249713872, 1.0, 0.12250271512246987, 0.22541741663616802, 0.228937766057065, 0.26324879535562695, 0.1790498745967185, 0.29094718529742836, 0.08480264907658067, 0.09520426863456659, 0.14430681809811094, 0.09716471582298011], [0.15073080718195273, 0.16516549862672641, 0.1371335248361235, 0.19829526378975557, 0.15848047301261245, 0.12245996125306795, 0.1626735372202431, 0.17961961098160337, 0.14231993845375998, 0.12250271512246987, 1.0, 0.1801247417527359, 0.12620988435099367, 0.19574926007733393, 0.14192963578689324, 0.14075269566100748, 0.17465186002805944, 0.15398983251801215, 0.09204410200797332, 0.18706920215741119], [0.2765616561849944, 0.3657390094559872, 0.2201979951472605, 0.2647750447659295, 0.21334409736880194, 0.18142858613536586, 0.13341760410993234, 0.1855038370379568, 0.23115652777211046, 0.22541741663616802, 0.1801247417527359, 1.0, 0.22199518821929362, 0.21330925879224455, 0.15169732770649846, 0.2710271490686702, 0.15720396927348218, 0.17950523728065046, 0.20481572944485446, 0.10815928867308554], [0.11322469295168387, 0.37034891309080686, 0.1343177262962592, 0.15821099483471593, 0.22457406784842351, 0.25426283373667885, 0.16147025049159158, 0.21143837716995012, 0.37024901973406776, 0.228937766057065, 0.12620988435099367, 0.22199518821929362, 1.0, 0.30953965722428717, 0.18501473065621826, 0.3624562436469047, 0.18202206079287775, 0.20906609751550384, 0.23523088702394418, 0.17989205730583865], [0.12374997256677094, 0.27258831566942804, 0.2017894514786451, 0.11451483727556246, 0.15923757076334927, 0.17848968104929053, 0.12643074367855756, 0.19282181434564527, 0.22519056599809623, 0.26324879535562695, 0.19574926007733393, 0.21330925879224455, 0.30953965722428717, 1.0, 0.23682013625689483, 0.2878379103085515, 0.13132642088599025, 0.1321018601411349, 0.11631633007607126, 0.18677220939390263], [0.1166096100003808, 0.1427753449048245, 0.16478579866657417, 0.15563205219500187, 0.1474016475487913, 0.20986504789729213, 0.12767757237412347, 0.3320484155835902, 0.168454425532066, 0.1790498745967185, 0.14192963578689324, 0.15169732770649846, 0.18501473065621826, 0.23682013625689483, 1.0, 0.2493529818406155, 0.10449214444287669, 0.13577818248685924, 0.08336753613290938, 0.12290225249556576], [0.14838203481324455, 0.31777146461653427, 0.13707590870753053, 0.16376852791137017, 0.3037224705524901, 0.2026136317262543, 0.10757005953461778, 0.17311145587312218, 0.2867507002995383, 0.29094718529742836, 0.14075269566100748, 0.2710271490686702, 0.3624562436469047, 0.2878379103085515, 0.2493529818406155, 1.0, 0.14666758388836795, 0.1523896821284307, 0.2016067822476458, 0.11575974944947502], [0.11637950718390996, 0.20851021210867954, 0.10092037861522386, 0.12085593953757705, 0.17783718185038258, 0.10794359781949699, 0.15461875413616594, 0.13302064911528869, 0.1780234944712834, 0.08480264907658067, 0.17465186002805944, 0.15720396927348218, 0.18202206079287775, 0.13132642088599025, 0.10449214444287669, 0.14666758388836795, 1.0, 0.1809531432598302, 0.15033423955208314, 0.14334227894719864], [0.13000768527007941, 0.19599192919366662, 0.10106269208772006, 0.16749407242248487, 0.12321337297209396, 0.21520671776028955, 0.14170398134176182, 0.1638332240162218, 0.13409924803999587, 0.09520426863456659, 0.15398983251801215, 0.17950523728065046, 0.20906609751550384, 0.1321018601411349, 0.13577818248685924, 0.1523896821284307, 0.1809531432598302, 1.0, 0.19955935703632632, 0.15211278858918856], [0.16278095635004347, 0.2707535729770105, 0.11717544986661631, 0.16815121966483462, 0.25291541281820595, 0.136934970922531, 0.18316646119035776, 0.12841375500122418, 0.17001797274583205, 0.14430681809811094, 0.09204410200797332, 0.20481572944485446, 0.23523088702394418, 0.11631633007607126, 0.08336753613290938, 0.2016067822476458, 0.15033423955208314, 0.19955935703632632, 1.0, 0.13555617962688574], [0.09977079946517473, 0.12896583606726023, 0.1631229856628354, 0.07589747379719707, 0.10411557685562886, 0.07965784014450034, 0.14889104232950823, 0.13297298128736534, 0.1192940814856337, 0.09716471582298011, 0.18706920215741119, 0.10815928867308554, 0.17989205730583865, 0.18677220939390263, 0.12290225249556576, 0.11575974944947502, 0.14334227894719864, 0.15211278858918856, 0.13555617962688574, 1.0]]}, "per_layer_inter": {"0": 0.7204830032165502, "1": 0.165240760613451, "2": 0.17378272617915214}, "O_inter": 0.35316883000305116, "O_intra": 1.0, "Obar": 0.35316883000305116, "inner": -0.6468311699969489}, "phase_stability": "N/A - no oscillator state"}}