{"rung": "R5:no_proj", "scenario": "class", "nexp": 10, "epochs": 50, "seed": 8, "metrics": {"Top1_Acc_Exp/eval_phase/test_stream/Task000/Exp000": 0.0, "Top1_Acc_Exp/eval_phase/test_stream/Task000/Exp001": 0.0, "Top1_Acc_Exp/eval_phase/test_stream/Task000/Exp002": 0.0, "Top1_Acc_Exp/eval_phase/test_stream/Task000/Exp003": 0.0, "Top1_Acc_Exp/eval_phase/test_stream/Task000/Exp004": 0.0, "Top1_Acc_Exp/eval_phase/test_stream/Task000/Exp005": 0.0, "Top1_Acc_Exp/eval_phase/test_stream/Task000/Exp006": 0.0, "Top1_Acc_Exp/eval_phase/test_stream/Task000/Exp007": 0.0, "Top1_Acc_Exp/eval_phase/test_stream/Task000/Exp008": 0.0, "Top1_Acc_Exp/eval_phase/test_stream/Task000/Exp009": 0.832, "Top1_Acc_Stream/eval_phase/test_stream/Task000": 0.0832, "StreamForgetting/eval_phase/test_stream": 0.8154444444444445, "StreamBWT/eval_phase/test_stream": -0.8154444444444445, "ExperienceForgetting/eval_phase/test_stream/Task000/Exp000": 0.772, "ExperienceBWT/eval_phase/test_stream/Task000/Exp000": -0.772, "ExperienceForgetting/eval_phase/test_stream/Task000/Exp001": 0.762, "ExperienceBWT/eval_phase/test_stream/Task000/Exp001": -0.762, "ExperienceForgetting/eval_phase/test_stream/Task000/Exp002": 0.821, "ExperienceBWT/eval_phase/test_stream/Task000/Exp002": -0.821, "ExperienceForgetting/eval_phase/test_stream/Task000/Exp003": 0.841, "ExperienceBWT/eval_phase/test_stream/Task000/Exp003": -0.841, "ExperienceForgetting/eval_phase/test_stream/Task000/Exp004": 0.811, "ExperienceBWT/eval_phase/test_stream/Task000/Exp004": -0.811, "ExperienceForgetting/eval_phase/test_stream/Task000/Exp005": 0.832, "ExperienceBWT/eval_phase/test_stream/Task000/Exp005": -0.832, "ExperienceForgetting/eval_phase/test_stream/Task000/Exp006": 0.799, "ExperienceBWT/eval_phase/test_stream/Task000/Exp006": -0.799, "ExperienceForgetting/eval_phase/test_stream/Task000/Exp007": 0.854, "ExperienceBWT/eval_phase/test_stream/Task000/Exp007": -0.854, "ExperienceForgetting/eval_phase/test_stream/Task000/Exp008": 0.847, "ExperienceBWT/eval_phase/test_stream/Task000/Exp008": -0.847}, "learning_acc": [0.772, 0.762, 0.821, 0.841, 0.811, 0.832, 0.799, 0.854, 0.847, 0.832], "acc_matrix": [[0.772, 0.0, 0.0, 0.0, 0.0, 0.0, 0.0, 0.0, 0.0, 0.0], [0.0, 0.762, 0.0, 0.0, 0.0, 0.0, 0.0, 0.0, 0.0, 0.0], [0.0, 0.0, 0.821, 0.0, 0.0, 0.0, 0.0, 0.0, 0.0, 0.0], [0.0, 0.0, 0.0, 0.841, 0.0, 0.0, 0.0, 0.0, 0.0, 0.0], [0.0, 0.0, 0.0, 0.0, 0.811, 0.0, 0.0, 0.0, 0.0, 0.0], [0.0, 0.0, 0.0, 0.0, 0.0, 0.832, 0.0, 0.0, 0.0, 0.0], [0.0, 0.0, 0.0, 0.0, 0.0, 0.0, 0.799, 0.0, 0.0, 0.0], [0.0, 0.0, 0.0, 0.0, 0.0, 0.0, 0.0, 0.854, 0.0, 0.0], [0.0, 0.0, 0.0, 0.0, 0.0, 0.0, 0.0, 0.0, 0.847, 0.0], [0.0, 0.0, 0.0, 0.0, 0.0, 0.0, 0.0, 0.0, 0.0, 0.832]], "avg_forgetting": 81.54444444444445, "bwt": -81.54444444444445, "selfcheck_ok": true, "h3": {"overlap_summary": {"matrices": {"0": [[1.0, 0.8598338332199849, 0.7930946403615536, 0.7672081085315677, 0.7557712000497678, 0.7341210040807961, 0.753112510511408, 0.7101330491575084, 0.6983293294944947, 0.6957716652388122], [0.8598338332199849, 1.0, 0.879750974215443, 0.8658189728239286, 0.8575097292895363, 0.8184835491443645, 0.8269875588828587, 0.8009524354309705, 0.8081403476581828, 0.7926181318421969], [0.7930946403615536, 0.879750974215443, 1.0, 0.90885622700945, 0.8800385762466553, 0.8837785493332627, 0.8756059655937098, 0.8502443629284983, 0.83769248343175, 0.8369525438444373], [0.7672081085315677, 0.8658189728239286, 0.90885622700945, 1.0, 0.9305030580337244, 0.9086534987037753, 0.8990505847059962, 0.8916718848651519, 0.8871913274265509, 0.8842028599386929], [0.7557712000497678, 0.8575097292895363, 0.8800385762466553, 0.9305030580337244, 1.0, 0.9048280475112733, 0.8886891910868687, 0.8857870122995565, 0.8962736788504533, 0.8812178185392614], [0.7341210040807961, 0.8184835491443645, 0.8837785493332627, 0.9086534987037753, 0.9048280475112733, 1.0, 0.9227641316372803, 0.9010735786607095, 0.8974835563172379, 0.8813211354530839], [0.753112510511408, 0.8269875588828587, 0.8756059655937098, 0.8990505847059962, 0.8886891910868687, 0.9227641316372803, 1.0, 0.9050855336427099, 0.8973163820197861, 0.8849899607828398], [0.7101330491575084, 0.8009524354309705, 0.8502443629284983, 0.8916718848651519, 0.8857870122995565, 0.9010735786607095, 0.9050855336427099, 1.0, 0.937129772033394, 0.9318329381676161], [0.6983293294944947, 0.8081403476581828, 0.83769248343175, 0.8871913274265509, 0.8962736788504533, 0.8974835563172379, 0.8973163820197861, 0.937129772033394, 1.0, 0.9404359136174083], [0.6957716652388122, 0.7926181318421969, 0.8369525438444373, 0.8842028599386929, 0.8812178185392614, 0.8813211354530839, 0.8849899607828398, 0.9318329381676161, 0.9404359136174083, 1.0]], "1": [[1.0, 0.3581195429458202, 0.29694604390908214, 0.3116849492958018, 0.2903052615510054, 0.23600179701087456, 0.26681713886999, 0.21676097832003025, 0.2465035449226776, 0.2354528856124453], [0.3581195429458202, 1.0, 0.3879744520654038, 0.29565301021374507, 0.2918045688426578, 0.27311965985826525, 0.26141264927377666, 0.23516103136800226, 0.2707151202052218, 0.24489581578158257], [0.29694604390908214, 0.3879744520654038, 1.0, 0.33455151044341463, 0.346603948689148, 0.29500147694830314, 0.28403558121504563, 0.2874674389897754, 0.27584261193664156, 0.2452067933502126], [0.3116849492958018, 0.29565301021374507, 0.33455151044341463, 1.0, 0.3936978786746194, 0.28754219633099404, 0.2782083525861657, 0.23965304649438596, 0.26631947393349964, 0.23402777000999334], [0.2903052615510054, 0.2918045688426578, 0.346603948689148, 0.3936978786746194, 1.0, 0.3187740798443267, 0.2789968282116959, 0.23167806122156462, 0.2516469162872787, 0.23925423906757998], [0.23600179701087456, 0.27311965985826525, 0.29500147694830314, 0.28754219633099404, 0.3187740798443267, 1.0, 0.3193604616483253, 0.26263509074193925, 0.25364331481109176, 0.22304591469627003], [0.26681713886999, 0.26141264927377666, 0.28403558121504563, 0.2782083525861657, 0.2789968282116959, 0.3193604616483253, 1.0, 0.2718371311517749, 0.2786765995113732, 0.2788154038720081], [0.21676097832003025, 0.23516103136800226, 0.2874674389897754, 0.23965304649438596, 0.23167806122156462, 0.26263509074193925, 0.2718371311517749, 1.0, 0.329772527735523, 0.24944706248176346], [0.2465035449226776, 0.2707151202052218, 0.27584261193664156, 0.26631947393349964, 0.2516469162872787, 0.25364331481109176, 0.2786765995113732, 0.329772527735523, 1.0, 0.32136066521937573], [0.2354528856124453, 0.24489581578158257, 0.2452067933502126, 0.23402777000999334, 0.23925423906757998, 0.22304591469627003, 0.2788154038720081, 0.24944706248176346, 0.32136066521937573, 1.0]], "2": [[1.0, 0.2352439582947652, 0.2580752446236652, 0.21243287758229484, 0.23630139554339125, 0.22043971688743258, 0.23052494401504517, 0.16518554054149193, 0.22438753937491174, 0.23989047554653048], [0.2352439582947652, 1.0, 0.2783926118453382, 0.22619265378534775, 0.21527984812741416, 0.2678551819202396, 0.19955618435048528, 0.29390733861856067, 0.20571694538142113, 0.19404236170148526], [0.2580752446236652, 0.2783926118453382, 1.0, 0.3835583854659166, 0.3176096973576892, 0.36256930670762594, 0.3235913225660854, 0.31557541807865447, 0.32406547770310695, 0.3133526261086248], [0.21243287758229484, 0.22619265378534775, 0.3835583854659166, 1.0, 0.2710315549891986, 0.3217082531880999, 0.3286182062636872, 0.3038424178523744, 0.23764398799966646, 0.2698892060560466], [0.23630139554339125, 0.21527984812741416, 0.3176096973576892, 0.2710315549891986, 1.0, 0.25943452610789774, 0.3012646558042233, 0.22804172312115528, 0.2972173486191637, 0.2585386378742463], [0.22043971688743258, 0.2678551819202396, 0.36256930670762594, 0.3217082531880999, 0.25943452610789774, 1.0, 0.3396279162513519, 0.3294389950394207, 0.34264374370465944, 0.29583549304219803], [0.23052494401504517, 0.19955618435048528, 0.3235913225660854, 0.3286182062636872, 0.3012646558042233, 0.3396279162513519, 1.0, 0.3023124940634016, 0.3513497576875285, 0.2716436842626103], [0.16518554054149193, 0.29390733861856067, 0.31557541807865447, 0.3038424178523744, 0.22804172312115528, 0.3294389950394207, 0.3023124940634016, 1.0, 0.3492029787267431, 0.2704446133249538], [0.22438753937491174, 0.20571694538142113, 0.32406547770310695, 0.23764398799966646, 0.2972173486191637, 0.34264374370465944, 0.3513497576875285, 0.3492029787267431, 1.0, 0.3306967089956713], [0.23989047554653048, 0.19404236170148526, 0.3133526261086248, 0.2698892060560466, 0.2585386378742463, 0.29583549304219803, 0.2716436842626103, 0.2704446133249538, 0.3306967089956713, 1.0]]}, "per_layer_inter": {"0": 0.8544068358358781, "1": 0.279920685025566, "2": 0.27787053233559594}, "O_inter": 0.47073268439901333, "O_intra": 1.0, "Obar": 0.47073268439901333, "inner": -0.5292673156009866}, "phase_stability": "N/A - no oscillator state"}}