{"rung": "R5:no_proj", "scenario": "class", "nexp": 20, "epochs": 50, "seed": 1, "metrics": {"Top1_Acc_Exp/eval_phase/test_stream/Task000/Exp000": 0.0, "Top1_Acc_Exp/eval_phase/test_stream/Task000/Exp001": 0.0, "Top1_Acc_Exp/eval_phase/test_stream/Task000/Exp002": 0.0, "Top1_Acc_Exp/eval_phase/test_stream/Task000/Exp003": 0.0, "Top1_Acc_Exp/eval_phase/test_stream/Task000/Exp004": 0.0, "Top1_Acc_Exp/eval_phase/test_stream/Task000/Exp005": 0.0, "Top1_Acc_Exp/eval_phase/test_stream/Task000/Exp006": 0.0, "Top1_Acc_Exp/eval_phase/test_stream/Task000/Exp007": 0.0, "Top1_Acc_Exp/eval_phase/test_stream/Task000/Exp008": 0.0, "Top1_Acc_Exp/eval_phase/test_stream/Task000/Exp009": 0.0, "Top1_Acc_Exp/eval_phase/test_stream/Task000/Exp010": 0.0, "Top1_Acc_Exp/eval_phase/test_stream/Task000/Exp011": 0.0, "Top1_Acc_Exp/eval_phase/test_stream/Task000/Exp012": 0.0, "Top1_Acc_Exp/eval_phase/test_stream/Task000/Exp013": 0.0, "Top1_Acc_Exp/eval_phase/test_stream/Task000/Exp014": 0.0, "Top1_Acc_Exp/eval_phase/test_stream/Task000/Exp015": 0.0, "Top1_Acc_Exp/eval_phase/test_stream/Task000/Exp016": 0.0, "Top1_Acc_Exp/eval_phase/test_stream/Task000/Exp017": 0.0, "Top1_Acc_Exp/eval_phase/test_stream/Task000/Exp018": 0.0, "Top1_Acc_Exp/eval_phase/test_stream/Task000/Exp019": 0.87, "Top1_Acc_Stream/eval_phase/test_stream/Task000": 0.0435, "StreamForgetting/eval_phase/test_stream": 0.827157894736842, "StreamBWT/eval_phase/test_stream": -0.827157894736842, "ExperienceForgetting/eval_phase/test_stream/Task000/Exp000": 0.764, "ExperienceBWT/eval_phase/test_stream/Task000/Exp000": -0.764, "ExperienceForgetting/eval_phase/test_stream/Task000/Exp001": 0.83, "ExperienceBWT/eval_phase/test_stream/Task000/Exp001": -0.83, "ExperienceForgetting/eval_phase/test_stream/Task000/Exp002": 0.876, "ExperienceBWT/eval_phase/test_stream/Task000/Exp002": -0.876, "ExperienceForgetting/eval_phase/test_stream/Task000/Exp003": 0.81, "ExperienceBWT/eval_phase/test_stream/Task000/Exp003": -0.81, "ExperienceForgetting/eval_phase/test_stream/Task000/Exp004": 0.83, "ExperienceBWT/eval_phase/test_stream/Task000/Exp004": -0.83, "ExperienceForgetting/eval_phase/test_stream/Task000/Exp005": 0.916, "ExperienceBWT/eval_phase/test_stream/Task000/Exp005": -0.916, "ExperienceForgetting/eval_phase/test_stream/Task000/Exp006": 0.848, "ExperienceBWT/eval_phase/test_stream/Task000/Exp006": -0.848, "ExperienceForgetting/eval_phase/test_stream/Task000/Exp007": 0.796, "ExperienceBWT/eval_phase/test_stream/Task000/Exp007": -0.796, "ExperienceForgetting/eval_phase/test_stream/Task000/Exp008": 0.882, "ExperienceBWT/eval_phase/test_stream/Task000/Exp008": -0.882, "ExperienceForgetting/eval_phase/test_stream/Task000/Exp009": 0.808, "ExperienceBWT/eval_phase/test_stream/Task000/Exp009": -0.808, "ExperienceForgetting/eval_phase/test_stream/Task000/Exp010": 0.868, "ExperienceBWT/eval_phase/test_stream/Task000/Exp010": -0.868, "ExperienceForgetting/eval_phase/test_stream/Task000/Exp011": 0.844, "ExperienceBWT/eval_phase/test_stream/Task000/Exp011": -0.844, "ExperienceForgetting/eval_phase/test_stream/Task000/Exp012": 0.834, "ExperienceBWT/eval_phase/test_stream/Task000/Exp012": -0.834, "ExperienceForgetting/eval_phase/test_stream/Task000/Exp013": 0.898, "ExperienceBWT/eval_phase/test_stream/Task000/Exp013": -0.898, "ExperienceForgetting/eval_phase/test_stream/Task000/Exp014": 0.824, "ExperienceBWT/eval_phase/test_stream/Task000/Exp014": -0.824, "ExperienceForgetting/eval_phase/test_stream/Task000/Exp015": 0.774, "ExperienceBWT/eval_phase/test_stream/Task000/Exp015": -0.774, "ExperienceForgetting/eval_phase/test_stream/Task000/Exp016": 0.692, "ExperienceBWT/eval_phase/test_stream/Task000/Exp016": -0.692, "ExperienceForgetting/eval_phase/test_stream/Task000/Exp017": 0.814, "ExperienceBWT/eval_phase/test_stream/Task000/Exp017": -0.814, "ExperienceForgetting/eval_phase/test_stream/Task000/Exp018": 0.808, "ExperienceBWT/eval_phase/test_stream/Task000/Exp018": -0.808}, "learning_acc": [0.764, 0.83, 0.876, 0.81, 0.83, 0.916, 0.848, 0.796, 0.882, 0.808, 0.868, 0.844, 0.834, 0.898, 0.824, 0.774, 0.692, 0.814, 0.808, 0.87], "acc_matrix": [[0.764, 0.0, 0.0, 0.0, 0.0, 0.0, 0.0, 0.0, 0.0, 0.0, 0.0, 0.0, 0.0, 0.0, 0.0, 0.0, 0.0, 0.0, 0.0, 0.0], [0.0, 0.83, 0.0, 0.0, 0.0, 0.0, 0.0, 0.0, 0.0, 0.0, 0.0, 0.0, 0.0, 0.0, 0.0, 0.0, 0.0, 0.0, 0.0, 0.0], [0.0, 0.0, 0.876, 0.0, 0.0, 0.0, 0.0, 0.0, 0.0, 0.0, 0.0, 0.0, 0.0, 0.0, 0.0, 0.0, 0.0, 0.0, 0.0, 0.0], [0.0, 0.0, 0.0, 0.81, 0.0, 0.0, 0.0, 0.0, 0.0, 0.0, 0.0, 0.0, 0.0, 0.0, 0.0, 0.0, 0.0, 0.0, 0.0, 0.0], [0.0, 0.0, 0.0, 0.0, 0.83, 0.0, 0.0, 0.0, 0.0, 0.0, 0.0, 0.0, 0.0, 0.0, 0.0, 0.0, 0.0, 0.0, 0.0, 0.0], [0.0, 0.0, 0.0, 0.0, 0.0, 0.916, 0.0, 0.0, 0.0, 0.0, 0.0, 0.0, 0.0, 0.0, 0.0, 0.0, 0.0, 0.0, 0.0, 0.0], [0.0, 0.0, 0.0, 0.0, 0.0, 0.0, 0.848, 0.0, 0.0, 0.0, 0.0, 0.0, 0.0, 0.0, 0.0, 0.0, 0.0, 0.0, 0.0, 0.0], [0.0, 0.0, 0.0, 0.0, 0.0, 0.0, 0.0, 0.796, 0.0, 0.0, 0.0, 0.0, 0.0, 0.0, 0.0, 0.0, 0.0, 0.0, 0.0, 0.0], [0.0, 0.0, 0.0, 0.0, 0.0, 0.0, 0.0, 0.0, 0.882, 0.0, 0.0, 0.0, 0.0, 0.0, 0.0, 0.0, 0.0, 0.0, 0.0, 0.0], [0.0, 0.0, 0.0, 0.0, 0.0, 0.0, 0.0, 0.0, 0.0, 0.808, 0.0, 0.0, 0.0, 0.0, 0.0, 0.0, 0.0, 0.0, 0.0, 0.0], [0.0, 0.0, 0.0, 0.0, 0.0, 0.0, 0.0, 0.0, 0.0, 0.0, 0.868, 0.0, 0.0, 0.0, 0.0, 0.0, 0.0, 0.0, 0.0, 0.0], [0.0, 0.0, 0.0, 0.0, 0.0, 0.0, 0.0, 0.0, 0.0, 0.0, 0.0, 0.844, 0.0, 0.0, 0.0, 0.0, 0.0, 0.0, 0.0, 0.0], [0.0, 0.0, 0.0, 0.0, 0.0, 0.0, 0.0, 0.0, 0.0, 0.0, 0.0, 0.0, 0.834, 0.0, 0.0, 0.0, 0.0, 0.0, 0.0, 0.0], [0.0, 0.0, 0.0, 0.0, 0.0, 0.0, 0.0, 0.0, 0.0, 0.0, 0.0, 0.0, 0.0, 0.898, 0.0, 0.0, 0.0, 0.0, 0.0, 0.0], [0.0, 0.0, 0.0, 0.0, 0.0, 0.0, 0.0, 0.0, 0.0, 0.0, 0.0, 0.0, 0.0, 0.0, 0.824, 0.0, 0.0, 0.0, 0.0, 0.0], [0.0, 0.0, 0.0, 0.0, 0.0, 0.0, 0.0, 0.0, 0.0, 0.0, 0.0, 0.0, 0.0, 0.0, 0.0, 0.774, 0.0, 0.0, 0.0, 0.0], [0.0, 0.0, 0.0, 0.0, 0.0, 0.0, 0.0, 0.0, 0.0, 0.0, 0.0, 0.0, 0.0, 0.0, 0.0, 0.0, 0.692, 0.0, 0.0, 0.0], [0.0, 0.0, 0.0, 0.0, 0.0, 0.0, 0.0, 0.0, 0.0, 0.0, 0.0, 0.0, 0.0, 0.0, 0.0, 0.0, 0.0, 0.814, 0.0, 0.0], [0.0, 0.0, 0.0, 0.0, 0.0, 0.0, 0.0, 0.0, 0.0, 0.0, 0.0, 0.0, 0.0, 0.0, 0.0, 0.0, 0.0, 0.0, 0.808, 0.0], [0.0, 0.0, 0.0, 0.0, 0.0, 0.0, 0.0, 0.0, 0.0, 0.0, 0.0, 0.0, 0.0, 0.0, 0.0, 0.0, 0.0, 0.0, 0.0, 0.87]], "avg_forgetting": 82.71578947368421, "bwt": -82.71578947368421, "selfcheck_ok": true, "h3": {"overlap_summary": {"matrices": {"0": [[1.0, 0.8114483140328527, 0.7329179473803745, 0.7294744470635806, 0.7231733896688174, 0.6846256051764587, 0.6635413283490256, 0.7038336649448913, 0.6697522023677388, 0.673270183505189, 0.6568664904205017, 0.6058243437965557, 0.5844936939226516, 0.5174824335528995, 0.546248244436814, 0.5882187437237465, 0.5676726053728659, 0.5770263488687051, 0.5720884254396624, 0.5736608845533367], [0.8114483140328527, 1.0, 0.8192181758618675, 0.7785310654299238, 0.7860929835779327, 0.7515541791086646, 0.7256439154643883, 0.7203716291493379, 0.7610675698387449, 0.7340349273139954, 0.7234232095744706, 0.6848554782459856, 0.6479748997258318, 0.5690265425501262, 0.5955333758468657, 0.6773883899484034, 0.6316813259819235, 0.6447726166444391, 0.5968869026856197, 0.6205917752512381], [0.7329179473803745, 0.8192181758618675, 1.0, 0.7798843461466954, 0.7741263763296556, 0.7300178893061419, 0.7199384606584153, 0.7018878587738194, 0.7359549568853908, 0.725935511801725, 0.7164405062711575, 0.6847301357990541, 0.6440466122603781, 0.5580813577350037, 0.6069146350075804, 0.6743785569451137, 0.6669224965001784, 0.6874012134238243, 0.594732449930385, 0.6198770713926806], [0.7294744470635806, 0.7785310654299238, 0.7798843461466954, 1.0, 0.8090532283977075, 0.7279114939011095, 0.692079243037817, 0.7122739212596536, 0.7216513253500303, 0.7243892358673298, 0.7026739212075053, 0.6617916035495032, 0.6199397532102587, 0.616034390110589, 0.5969473660842568, 0.6226514372934568, 0.6109494794653128, 0.626874223287684, 0.6308712189111794, 0.6129229244810853], [0.7231733896688174, 0.7860929835779327, 0.7741263763296556, 0.8090532283977075, 1.0, 0.8345179472341945, 0.7684854950429246, 0.7654751365747372, 0.7703759308591552, 0.7734815194622753, 0.762621033186479, 0.7243375000587383, 0.7074708784281417, 0.6098991586613949, 0.6837937800694469, 0.7293401633886942, 0.6951760638259041, 0.66885081433675, 0.7073162407040459, 0.7291798815915663], [0.6846256051764587, 0.7515541791086646, 0.7300178893061419, 0.7279114939011095, 0.8345179472341945, 1.0, 0.7666421405452886, 0.7394581370440287, 0.7965866132427107, 0.7644301224681045, 0.7583237058500172, 0.7475487126120017, 0.708524947696314, 0.58252566801777, 0.6609975525321203, 0.7341480795562176, 0.6874390874134685, 0.6702356314341202, 0.6410034456169929, 0.7082858957037171], [0.6635413283490256, 0.7256439154643883, 0.7199384606584153, 0.692079243037817, 0.7684854950429246, 0.7666421405452886, 1.0, 0.7456576803757504, 0.7643709578767192, 0.7098561112224033, 0.6911839001758364, 0.6600203770538827, 0.6393822526766975, 0.5112394466154292, 0.5827476561096275, 0.6725632381129567, 0.6382703679493116, 0.6042939341948275, 0.5897343828859026, 0.6307840739659999], [0.7038336649448913, 0.7203716291493379, 0.7018878587738194, 0.7122739212596536, 0.7654751365747372, 0.7394581370440287, 0.7456576803757504, 1.0, 0.783159219431258, 0.7191019797844864, 0.6932013800224086, 0.6550313891925124, 0.6077173933049227, 0.5118423879293337, 0.5944328199726425, 0.6263708118028284, 0.626975457880527, 0.6078113814862707, 0.6138547700964309, 0.621061160637226], [0.6697522023677388, 0.7610675698387449, 0.7359549568853908, 0.7216513253500303, 0.7703759308591552, 0.7965866132427107, 0.7643709578767192, 0.783159219431258, 1.0, 0.7988943455256333, 0.7537993609815249, 0.7164779467016438, 0.6648979082087585, 0.5499830569159765, 0.6445667228275065, 0.716849684145308, 0.6833780668711819, 0.6769925946324372, 0.6328883091969248, 0.680916006332572], [0.673270183505189, 0.7340349273139954, 0.725935511801725, 0.7243892358673298, 0.7734815194622753, 0.7644301224681045, 0.7098561112224033, 0.7191019797844864, 0.7988943455256333, 1.0, 0.812055573087946, 0.7342515951579077, 0.6877559083798733, 0.612728701269933, 0.7019548611218921, 0.7312060308642789, 0.6901405760703279, 0.6572860993617619, 0.6723101293476487, 0.6945143338227618], [0.6568664904205017, 0.7234232095744706, 0.7164405062711575, 0.7026739212075053, 0.762621033186479, 0.7583237058500172, 0.6911839001758364, 0.6932013800224086, 0.7537993609815249, 0.812055573087946, 1.0, 0.8057944401828995, 0.7257834165513751, 0.6377704879905992, 0.6590602012120554, 0.7264539354564259, 0.7067545908997438, 0.685037976131928, 0.6332548624801854, 0.6892833542075434], [0.6058243437965557, 0.6848554782459856, 0.6847301357990541, 0.6617916035495032, 0.7243375000587383, 0.7475487126120017, 0.6600203770538827, 0.6550313891925124, 0.7164779467016438, 0.7342515951579077, 0.8057944401828995, 1.0, 0.7739443697811806, 0.636347450663403, 0.6623405912851504, 0.7383136443922809, 0.7176304585534656, 0.7051000979962456, 0.6543266989572293, 0.7151112631948348], [0.5844936939226516, 0.6479748997258318, 0.6440466122603781, 0.6199397532102587, 0.7074708784281417, 0.708524947696314, 0.6393822526766975, 0.6077173933049227, 0.6648979082087585, 0.6877559083798733, 0.7257834165513751, 0.7739443697811806, 1.0, 0.6813009400570241, 0.7121593560066453, 0.7629408851915035, 0.707371362817696, 0.6862432050189762, 0.6688802263573543, 0.7236322700248312], [0.5174824335528995, 0.5690265425501262, 0.5580813577350037, 0.616034390110589, 0.6098991586613949, 0.58252566801777, 0.5112394466154292, 0.5118423879293337, 0.5499830569159765, 0.612728701269933, 0.6377704879905992, 0.636347450663403, 0.6813009400570241, 1.0, 0.6414881473690773, 0.6578750521632314, 0.6067786536428618, 0.6110289078497758, 0.6097321725527545, 0.6061130869418573], [0.546248244436814, 0.5955333758468657, 0.6069146350075804, 0.5969473660842568, 0.6837937800694469, 0.6609975525321203, 0.5827476561096275, 0.5944328199726425, 0.6445667228275065, 0.7019548611218921, 0.6590602012120554, 0.6623405912851504, 0.7121593560066453, 0.6414881473690773, 1.0, 0.8273587052498653, 0.7446693911691865, 0.6660542664971885, 0.7673379704397486, 0.7580458705173179], [0.5882187437237465, 0.6773883899484034, 0.6743785569451137, 0.6226514372934568, 0.7293401633886942, 0.7341480795562176, 0.6725632381129567, 0.6263708118028284, 0.716849684145308, 0.7312060308642789, 0.7264539354564259, 0.7383136443922809, 0.7629408851915035, 0.6578750521632314, 0.8273587052498653, 1.0, 0.8051964864884315, 0.7208674544838984, 0.7199529707900235, 0.7679165877895913], [0.5676726053728659, 0.6316813259819235, 0.6669224965001784, 0.6109494794653128, 0.6951760638259041, 0.6874390874134685, 0.6382703679493116, 0.626975457880527, 0.6833780668711819, 0.6901405760703279, 0.7067545908997438, 0.7176304585534656, 0.707371362817696, 0.6067786536428618, 0.7446693911691865, 0.8051964864884315, 1.0, 0.7901056530114448, 0.729912741563715, 0.7368781130528255], [0.5770263488687051, 0.6447726166444391, 0.6874012134238243, 0.626874223287684, 0.66885081433675, 0.6702356314341202, 0.6042939341948275, 0.6078113814862707, 0.6769925946324372, 0.6572860993617619, 0.685037976131928, 0.7051000979962456, 0.6862432050189762, 0.6110289078497758, 0.6660542664971885, 0.7208674544838984, 0.7901056530114448, 1.0, 0.7263312548765851, 0.6748400437881189], [0.5720884254396624, 0.5968869026856197, 0.594732449930385, 0.6308712189111794, 0.7073162407040459, 0.6410034456169929, 0.5897343828859026, 0.6138547700964309, 0.6328883091969248, 0.6723101293476487, 0.6332548624801854, 0.6543266989572293, 0.6688802263573543, 0.6097321725527545, 0.7673379704397486, 0.7199529707900235, 0.729912741563715, 0.7263312548765851, 1.0, 0.802503966217996], [0.5736608845533367, 0.6205917752512381, 0.6198770713926806, 0.6129229244810853, 0.7291798815915663, 0.7082858957037171, 0.6307840739659999, 0.621061160637226, 0.680916006332572, 0.6945143338227618, 0.6892833542075434, 0.7151112631948348, 0.7236322700248312, 0.6061130869418573, 0.7580458705173179, 0.7679165877895913, 0.7368781130528255, 0.6748400437881189, 0.802503966217996, 1.0]], "1": [[1.0, 0.30837635042435646, 0.20247954896850798, 0.20123773755166757, 0.20073093375811005, 0.17889601966298932, 0.16571144061398857, 0.15548246493744633, 0.16174207418643857, 0.18571099428752894, 0.18393595319114803, 0.11619354480825152, 0.16460082659285372, 0.17870579204162892, 0.16165183491421975, 0.1674174320847592, 0.13037749574452545, 0.20840554477676174, 0.17131866091948492, 0.16371484362627783], [0.30837635042435646, 1.0, 0.23919106539849302, 0.21651757460046336, 0.21025866383342312, 0.15663460720513384, 0.1784704431190821, 0.15294271615083668, 0.1301161251629685, 0.16893857571759074, 0.18641864865237798, 0.11863691949714546, 0.1557167581340483, 0.17741144915736373, 0.16465383926759658, 0.16645757386897356, 0.10702137248202334, 0.17032782863169516, 0.13886271950874765, 0.12909266072289102], [0.20247954896850798, 0.23919106539849302, 1.0, 0.22736424561970944, 0.16539801684784475, 0.152832869008372, 0.13476752274096307, 0.12792170685573137, 0.1607331208629931, 0.13609462727193367, 0.17119465835972728, 0.15294699660099512, 0.12271001149003836, 0.14594692944860582, 0.12686304380781432, 0.1524577777327273, 0.09623511500230172, 0.14019864037708926, 0.14047304643356806, 0.12819395439714532], [0.20123773755166757, 0.21651757460046336, 0.22736424561970944, 1.0, 0.1877234239729337, 0.19805367682804195, 0.1651151423010712, 0.1854666580374791, 0.14117162688766352, 0.14327414114297957, 0.2125463048546003, 0.1267075067032224, 0.14693015002917117, 0.1701082808191277, 0.15711049743740652, 0.16663949690153426, 0.12053022769154234, 0.1581883159064914, 0.15501974317252518, 0.13490880830812557], [0.20073093375811005, 0.21025866383342312, 0.16539801684784475, 0.1877234239729337, 1.0, 0.18679804318666463, 0.17312150814128127, 0.13580816632635767, 0.15508013229215714, 0.1446251937069893, 0.16201281711286214, 0.15955354756298906, 0.11526801742524767, 0.15499469462157123, 0.14211486852588276, 0.17420488103215126, 0.10701700325714336, 0.21344526507930545, 0.14073410725473334, 0.12146320624190643], [0.17889601966298932, 0.15663460720513384, 0.152832869008372, 0.19805367682804195, 0.18679804318666463, 1.0, 0.1774411336610077, 0.15866311935973687, 0.12773755112234633, 0.1632583042261699, 0.15791890984139414, 0.06627594185813877, 0.10406258655421183, 0.1527362764691743, 0.11140731042932592, 0.12113991939870163, 0.13154147726356616, 0.1455150774867974, 0.13609762460131233, 0.18739561187594161], [0.16571144061398857, 0.1784704431190821, 0.13476752274096307, 0.1651151423010712, 0.17312150814128127, 0.1774411336610077, 1.0, 0.12812327161725687, 0.12887107091962627, 0.1335525789383635, 0.16591894749429703, 0.0937486408015039, 0.10494679746160086, 0.119801334224529, 0.12017830911793134, 0.1154017487795281, 0.11196001303510708, 0.1670261559939272, 0.11980072531430236, 0.0964956357356172], [0.15548246493744633, 0.15294271615083668, 0.12792170685573137, 0.1854666580374791, 0.13580816632635767, 0.15866311935973687, 0.12812327161725687, 1.0, 0.13230287945574476, 0.08772536165479625, 0.15711971986470083, 0.1203253775219069, 0.09927648793432244, 0.1250453092568882, 0.09555106029319235, 0.11201027032562304, 0.1258506586453133, 0.15435299883336898, 0.1286766962367573, 0.09509282491365596], [0.16174207418643857, 0.1301161251629685, 0.1607331208629931, 0.14117162688766352, 0.15508013229215714, 0.12773755112234633, 0.12887107091962627, 0.13230287945574476, 1.0, 0.10484747904276463, 0.12100250812788359, 0.11250579299851159, 0.10021513831870421, 0.10922781668865672, 0.11127308875551611, 0.11675460115735004, 0.08058486901633279, 0.12687474974791016, 0.09755825674051093, 0.07081347563061063], [0.18571099428752894, 0.16893857571759074, 0.13609462727193367, 0.14327414114297957, 0.1446251937069893, 0.1632583042261699, 0.1335525789383635, 0.08772536165479625, 0.10484747904276463, 1.0, 0.17763167237303704, 0.062480179293357974, 0.08816053242119487, 0.11763632972775244, 0.1040755999973806, 0.1371343246706648, 0.08926575574568812, 0.12887478738817307, 0.11619205730614626, 0.12874580993776755], [0.18393595319114803, 0.18641864865237798, 0.17119465835972728, 0.2125463048546003, 0.16201281711286214, 0.15791890984139414, 0.16591894749429703, 0.15711971986470083, 0.12100250812788359, 0.17763167237303704, 1.0, 0.12680758705785958, 0.1581924058676996, 0.19671994085738342, 0.1395466100206683, 0.1514786911731343, 0.11979933181623666, 0.16578050434520258, 0.14068199015978392, 0.12651245294155586], [0.11619354480825152, 0.11863691949714546, 0.15294699660099512, 0.1267075067032224, 0.15955354756298906, 0.06627594185813877, 0.0937486408015039, 0.1203253775219069, 0.11250579299851159, 0.062480179293357974, 0.12680758705785958, 1.0, 0.1245031434391918, 0.11047212829819651, 0.07663150097479948, 0.0861558273172108, 0.08000733613049382, 0.1268158567288053, 0.09424647491066358, 0.07997368864980725], [0.16460082659285372, 0.1557167581340483, 0.12271001149003836, 0.14693015002917117, 0.11526801742524767, 0.10406258655421183, 0.10494679746160086, 0.09927648793432244, 0.10021513831870421, 0.08816053242119487, 0.1581924058676996, 0.1245031434391918, 1.0, 0.13732797840191677, 0.12146941384004828, 0.11112373726424535, 0.09432058250373013, 0.1505771999788158, 0.15651499494924, 0.09905318370021371], [0.17870579204162892, 0.17741144915736373, 0.14594692944860582, 0.1701082808191277, 0.15499469462157123, 0.1527362764691743, 0.119801334224529, 0.1250453092568882, 0.10922781668865672, 0.11763632972775244, 0.19671994085738342, 0.11047212829819651, 0.13732797840191677, 1.0, 0.13190197682792137, 0.13926680832499755, 0.13508294827691245, 0.16523687391092692, 0.12786628173502454, 0.1254148787533449], [0.16165183491421975, 0.16465383926759658, 0.12686304380781432, 0.15711049743740652, 0.14211486852588276, 0.11140731042932592, 0.12017830911793134, 0.09555106029319235, 0.11127308875551611, 0.1040755999973806, 0.1395466100206683, 0.07663150097479948, 0.12146941384004828, 0.13190197682792137, 1.0, 0.16053398614564146, 0.1080609155996553, 0.12811215592422362, 0.10572348410608892, 0.1150677354556569], [0.1674174320847592, 0.16645757386897356, 0.1524577777327273, 0.16663949690153426, 0.17420488103215126, 0.12113991939870163, 0.1154017487795281, 0.11201027032562304, 0.11675460115735004, 0.1371343246706648, 0.1514786911731343, 0.0861558273172108, 0.11112373726424535, 0.13926680832499755, 0.16053398614564146, 1.0, 0.15262412837435504, 0.15867970641535037, 0.11771757596172276, 0.1343789610198371], [0.13037749574452545, 0.10702137248202334, 0.09623511500230172, 0.12053022769154234, 0.10701700325714336, 0.13154147726356616, 0.11196001303510708, 0.1258506586453133, 0.08058486901633279, 0.08926575574568812, 0.11979933181623666, 0.08000733613049382, 0.09432058250373013, 0.13508294827691245, 0.1080609155996553, 0.15262412837435504, 1.0, 0.12360809078571082, 0.11159740649176256, 0.08166010428295697], [0.20840554477676174, 0.17032782863169516, 0.14019864037708926, 0.1581883159064914, 0.21344526507930545, 0.1455150774867974, 0.1670261559939272, 0.15435299883336898, 0.12687474974791016, 0.12887478738817307, 0.16578050434520258, 0.1268158567288053, 0.1505771999788158, 0.16523687391092692, 0.12811215592422362, 0.15867970641535037, 0.12360809078571082, 1.0, 0.20049761319855688, 0.17003367205689413], [0.17131866091948492, 0.13886271950874765, 0.14047304643356806, 0.15501974317252518, 0.14073410725473334, 0.13609762460131233, 0.11980072531430236, 0.1286766962367573, 0.09755825674051093, 0.11619205730614626, 0.14068199015978392, 0.09424647491066358, 0.15651499494924, 0.12786628173502454, 0.10572348410608892, 0.11771757596172276, 0.11159740649176256, 0.20049761319855688, 1.0, 0.16681255984517657], [0.16371484362627783, 0.12909266072289102, 0.12819395439714532, 0.13490880830812557, 0.12146320624190643, 0.18739561187594161, 0.0964956357356172, 0.09509282491365596, 0.07081347563061063, 0.12874580993776755, 0.12651245294155586, 0.07997368864980725, 0.09905318370021371, 0.1254148787533449, 0.1150677354556569, 0.1343789610198371, 0.08166010428295697, 0.17003367205689413, 0.16681255984517657, 1.0]], "2": [[1.0, 0.2385304357505471, 0.2188210433815745, 0.16056285071215143, 0.19319542613186033, 0.1690145122868486, 0.17277607118943786, 0.09604205989589167, 0.10798114444539073, 0.12991285575119954, 0.09280335260155398, 0.17987760756142634, 0.17346160499655422, 0.12788525253552321, 0.20283066558643065, 0.1522041700442747, 0.13741291678890016, 0.19624480257475874, 0.16427752302083057, 0.10477448485801158], [0.2385304357505471, 1.0, 0.16827688502745186, 0.18756395198803996, 0.23284114474700443, 0.23163824308101097, 0.26848514464056944, 0.11030973925293434, 0.20396375026949676, 0.133164520873426, 0.18138092788089508, 0.17500548554364195, 0.27820553147653426, 0.09923393714440668, 0.20218500178479548, 0.2517760804912018, 0.13348376785478705, 0.2004478689549251, 0.17029015140234235, 0.16729270117929182], [0.2188210433815745, 0.16827688502745186, 1.0, 0.16111393209428213, 0.2036038118831233, 0.16319956763951218, 0.1473114962626824, 0.11313806974195795, 0.1356861957566104, 0.08916274934582075, 0.10920015763901135, 0.25017530557834394, 0.14267910313527263, 0.11236425549551361, 0.14196572194648713, 0.1543669553796, 0.21096811276677993, 0.2165640255855538, 0.15642156076435706, 0.2016984434126837], [0.16056285071215143, 0.18756395198803996, 0.16111393209428213, 1.0, 0.11834800892029883, 0.18363338900792692, 0.18282945393401753, 0.10623108429126149, 0.1578378655029282, 0.1572442779497825, 0.23516594332599677, 0.12307014587235802, 0.19391561896133971, 0.15499986390795828, 0.17787331476074644, 0.18723316444181914, 0.1262132219435295, 0.1265042063563057, 0.12010830887563231, 0.25712841805604447], [0.19319542613186033, 0.23284114474700443, 0.2036038118831233, 0.11834800892029883, 1.0, 0.250801076348808, 0.17648751179019503, 0.0810695980747026, 0.12897595009385396, 0.12307517496805416, 0.11053267751118186, 0.1723434166037333, 0.20537159305224695, 0.10505920040631597, 0.18962901510511967, 0.2165702230938913, 0.13864212072503115, 0.2344219932580063, 0.1850746598362758, 0.12704322365994558], [0.1690145122868486, 0.23163824308101097, 0.16319956763951218, 0.18363338900792692, 0.250801076348808, 1.0, 0.20739441935356, 0.09378302650556783, 0.1902452367694693, 0.13891780021913475, 0.25124564813734196, 0.18270701354771116, 0.3386527821033124, 0.19525875942385829, 0.13536347016883238, 0.2846421105837324, 0.2038183587163909, 0.20748751774542365, 0.13026503177593263, 0.20075707189498912], [0.17277607118943786, 0.26848514464056944, 0.1473114962626824, 0.18282945393401753, 0.17648751179019503, 0.20739441935356, 1.0, 0.1496390012132474, 0.15912484881358357, 0.0764764847514935, 0.24454652303290245, 0.21073480806832498, 0.22468894801112027, 0.12037127946822543, 0.221155631974133, 0.3197454607097087, 0.33080811648945013, 0.24476274386505287, 0.1543305765404769, 0.19241428686015943], [0.09604205989589167, 0.11030973925293434, 0.11313806974195795, 0.10623108429126149, 0.0810695980747026, 0.09378302650556783, 0.1496390012132474, 1.0, 0.11025629175807211, 0.08913217197716072, 0.11803458860329209, 0.17347115578496086, 0.09841793511114298, 0.09041733320235122, 0.10784788367053051, 0.11232859146968914, 0.17746555012104284, 0.1420827791917934, 0.12817046005493637, 0.07623631152077186], [0.10798114444539073, 0.20396375026949676, 0.1356861957566104, 0.1578378655029282, 0.12897595009385396, 0.1902452367694693, 0.15912484881358357, 0.11025629175807211, 1.0, 0.14225439204390394, 0.13676528980010166, 0.19488173027003086, 0.20198065522590886, 0.20500905601372812, 0.1468071865062476, 0.2682211962336383, 0.09101822952967605, 0.15452023996836925, 0.11343779792948, 0.24897540176624747], [0.12991285575119954, 0.133164520873426, 0.08916274934582075, 0.1572442779497825, 0.12307517496805416, 0.13891780021913475, 0.0764764847514935, 0.08913217197716072, 0.14225439204390394, 1.0, 0.26089951359196195, 0.08948835149809228, 0.20883917839638458, 0.14196133982672285, 0.14530902132694015, 0.1117559151777919, 0.0931744581851438, 0.13243207001138188, 0.1232573683564591, 0.14374228693485488], [0.09280335260155398, 0.18138092788089508, 0.10920015763901135, 0.23516594332599677, 0.11053267751118186, 0.25124564813734196, 0.24454652303290245, 0.11803458860329209, 0.13676528980010166, 0.26089951359196195, 1.0, 0.16610018954947672, 0.3317948464398432, 0.26014634841782464, 0.2094258263811405, 0.24810667769899267, 0.2285329590946611, 0.17733148011004246, 0.12003342726218996, 0.27759844172929427], [0.17987760756142634, 0.17500548554364195, 0.25017530557834394, 0.12307014587235802, 0.1723434166037333, 0.18270701354771116, 0.21073480806832498, 0.17347115578496086, 0.19488173027003086, 0.08948835149809228, 0.16610018954947672, 1.0, 0.24681939792706586, 0.15435688260282668, 0.1764401216277011, 0.2762552914705659, 0.21806403299269397, 0.2310509995941019, 0.1331046379341966, 0.18610332118789144], [0.17346160499655422, 0.27820553147653426, 0.14267910313527263, 0.19391561896133971, 0.20537159305224695, 0.3386527821033124, 0.22468894801112027, 0.09841793511114298, 0.20198065522590886, 0.20883917839638458, 0.3317948464398432, 0.24681939792706586, 1.0, 0.2543007024580446, 0.2791942643644597, 0.30565644851649965, 0.17002131719274657, 0.20797354379987776, 0.16115467316125054, 0.25258625251772143], [0.12788525253552321, 0.09923393714440668, 0.11236425549551361, 0.15499986390795828, 0.10505920040631597, 0.19525875942385829, 0.12037127946822543, 0.09041733320235122, 0.20500905601372812, 0.14196133982672285, 0.26014634841782464, 0.15435688260282668, 0.2543007024580446, 1.0, 0.24461263612651699, 0.19965124304700943, 0.17836953560695454, 0.1638984403740845, 0.09655526271873596, 0.21149576278521773], [0.20283066558643065, 0.20218500178479548, 0.14196572194648713, 0.17787331476074644, 0.18962901510511967, 0.13536347016883238, 0.221155631974133, 0.10784788367053051, 0.1468071865062476, 0.14530902132694015, 0.2094258263811405, 0.1764401216277011, 0.2791942643644597, 0.24461263612651699, 1.0, 0.241467914157586, 0.1562113901950077, 0.13690969009269258, 0.14537090175633588, 0.2622705018071918], [0.1522041700442747, 0.2517760804912018, 0.1543669553796, 0.18723316444181914, 0.2165702230938913, 0.2846421105837324, 0.3197454607097087, 0.11232859146968914, 0.2682211962336383, 0.1117559151777919, 0.24810667769899267, 0.2762552914705659, 0.30565644851649965, 0.19965124304700943, 0.241467914157586, 1.0, 0.23014225569741012, 0.2311470863891622, 0.18652661194017783, 0.3415923655010094], [0.13741291678890016, 0.13348376785478705, 0.21096811276677993, 0.1262132219435295, 0.13864212072503115, 0.2038183587163909, 0.33080811648945013, 0.17746555012104284, 0.09101822952967605, 0.0931744581851438, 0.2285329590946611, 0.21806403299269397, 0.17002131719274657, 0.17836953560695454, 0.1562113901950077, 0.23014225569741012, 1.0, 0.30095273409954043, 0.2780795237587791, 0.14292734571105892], [0.19624480257475874, 0.2004478689549251, 0.2165640255855538, 0.1265042063563057, 0.2344219932580063, 0.20748751774542365, 0.24476274386505287, 0.1420827791917934, 0.15452023996836925, 0.13243207001138188, 0.17733148011004246, 0.2310509995941019, 0.20797354379987776, 0.1638984403740845, 0.13690969009269258, 0.2311470863891622, 0.30095273409954043, 1.0, 0.2396688563385879, 0.16253557069278357], [0.16427752302083057, 0.17029015140234235, 0.15642156076435706, 0.12010830887563231, 0.1850746598362758, 0.13026503177593263, 0.1543305765404769, 0.12817046005493637, 0.11343779792948, 0.1232573683564591, 0.12003342726218996, 0.1331046379341966, 0.16115467316125054, 0.09655526271873596, 0.14537090175633588, 0.18652661194017783, 0.2780795237587791, 0.2396688563385879, 1.0, 0.13029308961352262], [0.10477448485801158, 0.16729270117929182, 0.2016984434126837, 0.25712841805604447, 0.12704322365994558, 0.20075707189498912, 0.19241428686015943, 0.07623631152077186, 0.24897540176624747, 0.14374228693485488, 0.27759844172929427, 0.18610332118789144, 0.25258625251772143, 0.21149576278521773, 0.2622705018071918, 0.3415923655010094, 0.14292734571105892, 0.16253557069278357, 0.13029308961352262, 1.0]]}, "per_layer_inter": {"0": 0.6855650561366393, "1": 0.14120640914865124, "2": 0.17851561204742758}, "O_inter": 0.33509569244423937, "O_intra": 1.0, "Obar": 0.33509569244423937, "inner": -0.6649043075557606}, "phase_stability": "N/A - no oscillator state"}}