{"rung": "R5:no_proj", "scenario": "class", "nexp": 10, "epochs": 50, "seed": 6, "metrics": {"Top1_Acc_Exp/eval_phase/test_stream/Task000/Exp000": 0.0, "Top1_Acc_Exp/eval_phase/test_stream/Task000/Exp001": 0.0, "Top1_Acc_Exp/eval_phase/test_stream/Task000/Exp002": 0.0, "Top1_Acc_Exp/eval_phase/test_stream/Task000/Exp003": 0.0, "Top1_Acc_Exp/eval_phase/test_stream/Task000/Exp004": 0.0, "Top1_Acc_Exp/eval_phase/test_stream/Task000/Exp005": 0.0, "Top1_Acc_Exp/eval_phase/test_stream/Task000/Exp006": 0.0, "Top1_Acc_Exp/eval_phase/test_stream/Task000/Exp007": 0.0, "Top1_Acc_Exp/eval_phase/test_stream/Task000/Exp008": 0.0, "Top1_Acc_Exp/eval_phase/test_stream/Task000/Exp009": 0.823, "Top1_Acc_Stream/eval_phase/test_stream/Task000": 0.0823, "StreamForgetting/eval_phase/test_stream": 0.7799999999999999, "StreamBWT/eval_phase/test_stream": -0.7799999999999999, "ExperienceForgetting/eval_phase/test_stream/Task000/Exp000": 0.764, "ExperienceBWT/eval_phase/test_stream/Task000/Exp000": -0.764, "ExperienceForgetting/eval_phase/test_stream/Task000/Exp001": 0.814, "ExperienceBWT/eval_phase/test_stream/Task000/Exp001": -0.814, "ExperienceForgetting/eval_phase/test_stream/Task000/Exp002": 0.769, "ExperienceBWT/eval_phase/test_stream/Task000/Exp002": -0.769, "ExperienceForgetting/eval_phase/test_stream/Task000/Exp003": 0.765, "ExperienceBWT/eval_phase/test_stream/Task000/Exp003": -0.765, "ExperienceForgetting/eval_phase/test_stream/Task000/Exp004": 0.811, "ExperienceBWT/eval_phase/test_stream/Task000/Exp004": -0.811, "ExperienceForgetting/eval_phase/test_stream/Task000/Exp005": 0.807, "ExperienceBWT/eval_phase/test_stream/Task000/Exp005": -0.807, "ExperienceForgetting/eval_phase/test_stream/Task000/Exp006": 0.717, "ExperienceBWT/eval_phase/test_stream/Task000/Exp006": -0.717, "ExperienceForgetting/eval_phase/test_stream/Task000/Exp007": 0.765, "ExperienceBWT/eval_phase/test_stream/Task000/Exp007": -0.765, "ExperienceForgetting/eval_phase/test_stream/Task000/Exp008": 0.808, "ExperienceBWT/eval_phase/test_stream/Task000/Exp008": -0.808}, "learning_acc": [0.764, 0.814, 0.769, 0.765, 0.811, 0.807, 0.717, 0.765, 0.808, 0.823], "acc_matrix": [[0.764, 0.0, 0.0, 0.0, 0.0, 0.0, 0.0, 0.0, 0.0, 0.0], [0.0, 0.814, 0.0, 0.0, 0.0, 0.0, 0.0, 0.0, 0.0, 0.0], [0.0, 0.0, 0.769, 0.0, 0.0, 0.0, 0.0, 0.0, 0.0, 0.0], [0.0, 0.0, 0.0, 0.765, 0.0, 0.0, 0.0, 0.0, 0.0, 0.0], [0.0, 0.0, 0.0, 0.0, 0.811, 0.0, 0.0, 0.0, 0.0, 0.0], [0.0, 0.0, 0.0, 0.0, 0.0, 0.807, 0.0, 0.0, 0.0, 0.0], [0.0, 0.0, 0.0, 0.0, 0.0, 0.0, 0.717, 0.0, 0.0, 0.0], [0.0, 0.0, 0.0, 0.0, 0.0, 0.0, 0.0, 0.765, 0.0, 0.0], [0.0, 0.0, 0.0, 0.0, 0.0, 0.0, 0.0, 0.0, 0.808, 0.0], [0.0, 0.0, 0.0, 0.0, 0.0, 0.0, 0.0, 0.0, 0.0, 0.823]], "avg_forgetting": 77.99999999999999, "bwt": -77.99999999999999, "selfcheck_ok": true, "h3": {"overlap_summary": {"matrices": {"0": [[1.0, 0.8166688827954672, 0.7790717128850021, 0.7331203814805718, 0.6862146955061913, 0.7035959242135638, 0.6980436843183151, 0.6618071733950736, 0.7075884735174873, 0.6689483192681032], [0.8166688827954672, 1.0, 0.9034797600442631, 0.8577590086216151, 0.8312359973250499, 0.8366211012203093, 0.8513069090966612, 0.8127458615218393, 0.8079874939531583, 0.80782763738136], [0.7790717128850021, 0.9034797600442631, 1.0, 0.8973171303369225, 0.8675279734369292, 0.8764419069465578, 0.8857538599108198, 0.8603479583521914, 0.8578381720767164, 0.8572743636380346], [0.7331203814805718, 0.8577590086216151, 0.8973171303369225, 1.0, 0.8982101951555563, 0.8934386780544469, 0.9003251020509027, 0.8530892183492939, 0.8483245369414885, 0.8446693117917525], [0.6862146955061913, 0.8312359973250499, 0.8675279734369292, 0.8982101951555563, 1.0, 0.9143901230729858, 0.8929972021779101, 0.8691973888622408, 0.8592537054220519, 0.8743186216168798], [0.7035959242135638, 0.8366211012203093, 0.8764419069465578, 0.8934386780544469, 0.9143901230729858, 1.0, 0.9335645428179058, 0.8825017302769623, 0.8633489520696905, 0.8696964985451677], [0.6980436843183151, 0.8513069090966612, 0.8857538599108198, 0.9003251020509027, 0.8929972021779101, 0.9335645428179058, 1.0, 0.9072244935718519, 0.8778434877891247, 0.8833280119816164], [0.6618071733950736, 0.8127458615218393, 0.8603479583521914, 0.8530892183492939, 0.8691973888622408, 0.8825017302769623, 0.9072244935718519, 1.0, 0.8887628062233504, 0.8845620989444524], [0.7075884735174873, 0.8079874939531583, 0.8578381720767164, 0.8483245369414885, 0.8592537054220519, 0.8633489520696905, 0.8778434877891247, 0.8887628062233504, 1.0, 0.9130917180472852], [0.6689483192681032, 0.80782763738136, 0.8572743636380346, 0.8446693117917525, 0.8743186216168798, 0.8696964985451677, 0.8833280119816164, 0.8845620989444524, 0.9130917180472852, 1.0]], "1": [[1.0, 0.3646326703448886, 0.28855765414971857, 0.26544499721436204, 0.2793314121202001, 0.2752527318982438, 0.2633256241214452, 0.2625857637340894, 0.26768366444172625, 0.254996970578047], [0.3646326703448886, 1.0, 0.3618339784717093, 0.30684306885910273, 0.2939230617001615, 0.2961651983312375, 0.2803410932165631, 0.2777587724308321, 0.25838862465671686, 0.2725381030636557], [0.28855765414971857, 0.3618339784717093, 1.0, 0.35102685298444236, 0.3053642899375263, 0.293407070637245, 0.31018499444459136, 0.2776126579442461, 0.30863275878610863, 0.2787862654065513], [0.26544499721436204, 0.30684306885910273, 0.35102685298444236, 1.0, 0.36681403655569395, 0.2998930247565502, 0.2955981021230011, 0.285246399674569, 0.29669942819975964, 0.2757333693079809], [0.2793314121202001, 0.2939230617001615, 0.3053642899375263, 0.36681403655569395, 1.0, 0.3999480039175521, 0.3222379152312262, 0.3142214819247929, 0.31028164752555243, 0.28727200885230997], [0.2752527318982438, 0.2961651983312375, 0.293407070637245, 0.2998930247565502, 0.3999480039175521, 1.0, 0.3690578594095641, 0.30438446019107906, 0.31341828164090824, 0.3203352108002907], [0.2633256241214452, 0.2803410932165631, 0.31018499444459136, 0.2955981021230011, 0.3222379152312262, 0.3690578594095641, 1.0, 0.33982059391753144, 0.3165138153425668, 0.31136590382969315], [0.2625857637340894, 0.2777587724308321, 0.2776126579442461, 0.285246399674569, 0.3142214819247929, 0.30438446019107906, 0.33982059391753144, 1.0, 0.357232253039448, 0.290165072506697], [0.26768366444172625, 0.25838862465671686, 0.30863275878610863, 0.29669942819975964, 0.31028164752555243, 0.31341828164090824, 0.3165138153425668, 0.357232253039448, 1.0, 0.3236082821570172], [0.254996970578047, 0.2725381030636557, 0.2787862654065513, 0.2757333693079809, 0.28727200885230997, 0.3203352108002907, 0.31136590382969315, 0.290165072506697, 0.3236082821570172, 1.0]], "2": [[1.0, 0.3249242710166591, 0.26901922659112554, 0.24963634041855134, 0.26395343549014827, 0.3231811363365787, 0.3055768943159471, 0.3235439634998441, 0.21520625379571215, 0.2520494135324822], [0.3249242710166591, 1.0, 0.2462361034779051, 0.3447513828165072, 0.3198482172560092, 0.3198636202226097, 0.2855848189175253, 0.2956180562690134, 0.2608438972846676, 0.2468429567107048], [0.26901922659112554, 0.2462361034779051, 1.0, 0.2011894677122488, 0.24893917233044435, 0.20199706418860308, 0.23180359282629193, 0.24893938643500826, 0.24162759768093983, 0.3182079669305362], [0.24963634041855134, 0.3447513828165072, 0.2011894677122488, 1.0, 0.3529657136769413, 0.31467844515172627, 0.2837872966810747, 0.255969942526636, 0.3025574772873873, 0.24944918106191694], [0.26395343549014827, 0.3198482172560092, 0.24893917233044435, 0.3529657136769413, 1.0, 0.3560419378905885, 0.24182989808135988, 0.2612993774326102, 0.2791996040826222, 0.32983098035758474], [0.3231811363365787, 0.3198636202226097, 0.20199706418860308, 0.31467844515172627, 0.3560419378905885, 1.0, 0.32463154109664194, 0.2766643823529288, 0.30820955027554925, 0.33870595558046684], [0.3055768943159471, 0.2855848189175253, 0.23180359282629193, 0.2837872966810747, 0.24182989808135988, 0.32463154109664194, 1.0, 0.24274225540314398, 0.24639363612859538, 0.2584469200010932], [0.3235439634998441, 0.2956180562690134, 0.24893938643500826, 0.255969942526636, 0.2612993774326102, 0.2766643823529288, 0.24274225540314398, 1.0, 0.2645274309711765, 0.29512778143041885], [0.21520625379571215, 0.2608438972846676, 0.24162759768093983, 0.3025574772873873, 0.2791996040826222, 0.30820955027554925, 0.24639363612859538, 0.2645274309711765, 1.0, 0.27310323351563554], [0.2520494135324822, 0.2468429567107048, 0.3182079669305362, 0.24944918106191694, 0.32983098035758474, 0.33870595558046684, 0.2584469200010932, 0.29512778143041885, 0.27310323351563554, 1.0]]}, "per_layer_inter": {"0": 0.8404147290001137, "1": 0.3043214540083822, "2": 0.27990103948982575}, "O_inter": 0.47487907416610725, "O_intra": 1.0, "Obar": 0.47487907416610725, "inner": -0.5251209258338927}, "phase_stability": "N/A - no oscillator state"}}