{"rung": "R5:no_proj", "scenario": "class", "nexp": 10, "epochs": 50, "seed": 4, "metrics": {"Top1_Acc_Exp/eval_phase/test_stream/Task000/Exp000": 0.0, "Top1_Acc_Exp/eval_phase/test_stream/Task000/Exp001": 0.0, "Top1_Acc_Exp/eval_phase/test_stream/Task000/Exp002": 0.0, "Top1_Acc_Exp/eval_phase/test_stream/Task000/Exp003": 0.0, "Top1_Acc_Exp/eval_phase/test_stream/Task000/Exp004": 0.0, "Top1_Acc_Exp/eval_phase/test_stream/Task000/Exp005": 0.0, "Top1_Acc_Exp/eval_phase/test_stream/Task000/Exp006": 0.0, "Top1_Acc_Exp/eval_phase/test_stream/Task000/Exp007": 0.0, "Top1_Acc_Exp/eval_phase/test_stream/Task000/Exp008": 0.0, "Top1_Acc_Exp/eval_phase/test_stream/Task000/Exp009": 0.826, "Top1_Acc_Stream/eval_phase/test_stream/Task000": 0.0826, "StreamForgetting/eval_phase/test_stream": 0.7916666666666666, "StreamBWT/eval_phase/test_stream": -0.7916666666666666, "ExperienceForgetting/eval_phase/test_stream/Task000/Exp000": 0.739, "ExperienceBWT/eval_phase/test_stream/Task000/Exp000": -0.739, "ExperienceForgetting/eval_phase/test_stream/Task000/Exp001": 0.823, "ExperienceBWT/eval_phase/test_stream/Task000/Exp001": -0.823, "ExperienceForgetting/eval_phase/test_stream/Task000/Exp002": 0.792, "ExperienceBWT/eval_phase/test_stream/Task000/Exp002": -0.792, "ExperienceForgetting/eval_phase/test_stream/Task000/Exp003": 0.787, "ExperienceBWT/eval_phase/test_stream/Task000/Exp003": -0.787, "ExperienceForgetting/eval_phase/test_stream/Task000/Exp004": 0.854, "ExperienceBWT/eval_phase/test_stream/Task000/Exp004": -0.854, "ExperienceForgetting/eval_phase/test_stream/Task000/Exp005": 0.863, "ExperienceBWT/eval_phase/test_stream/Task000/Exp005": -0.863, "ExperienceForgetting/eval_phase/test_stream/Task000/Exp006": 0.673, "ExperienceBWT/eval_phase/test_stream/Task000/Exp006": -0.673, "ExperienceForgetting/eval_phase/test_stream/Task000/Exp007": 0.776, "ExperienceBWT/eval_phase/test_stream/Task000/Exp007": -0.776, "ExperienceForgetting/eval_phase/test_stream/Task000/Exp008": 0.818, "ExperienceBWT/eval_phase/test_stream/Task000/Exp008": -0.818}, "learning_acc": [0.739, 0.823, 0.792, 0.787, 0.854, 0.863, 0.673, 0.776, 0.818, 0.826], "acc_matrix": [[0.739, 0.0, 0.0, 0.0, 0.0, 0.0, 0.0, 0.0, 0.0, 0.0], [0.0, 0.823, 0.0, 0.0, 0.0, 0.0, 0.0, 0.0, 0.0, 0.0], [0.0, 0.0, 0.792, 0.0, 0.0, 0.0, 0.0, 0.0, 0.0, 0.0], [0.0, 0.0, 0.0, 0.787, 0.0, 0.0, 0.0, 0.0, 0.0, 0.0], [0.0, 0.0, 0.0, 0.0, 0.854, 0.0, 0.0, 0.0, 0.0, 0.0], [0.0, 0.0, 0.0, 0.0, 0.0, 0.863, 0.0, 0.0, 0.0, 0.0], [0.0, 0.0, 0.0, 0.0, 0.0, 0.0, 0.673, 0.0, 0.0, 0.0], [0.0, 0.0, 0.0, 0.0, 0.0, 0.0, 0.0, 0.776, 0.0, 0.0], [0.0, 0.0, 0.0, 0.0, 0.0, 0.0, 0.0, 0.0, 0.818, 0.0], [0.0, 0.0, 0.0, 0.0, 0.0, 0.0, 0.0, 0.0, 0.0, 0.826]], "avg_forgetting": 79.16666666666666, "bwt": -79.16666666666666, "selfcheck_ok": true, "h3": {"overlap_summary": {"matrices": {"0": [[1.0, 0.862316996168756, 0.8268117687691521, 0.8141759807349516, 0.7881422611761881, 0.7872812638852443, 0.7496211111185825, 0.7571808915343465, 0.7579853430072975, 0.760284016997008], [0.862316996168756, 1.0, 0.9004112851928959, 0.8492724327925586, 0.8457072511810719, 0.8441809177447017, 0.8161652887718853, 0.8298079961935817, 0.808575380354435, 0.8166831254030579], [0.8268117687691521, 0.9004112851928959, 1.0, 0.9140279329779455, 0.9086841482331143, 0.8909656680266809, 0.870789734962387, 0.8764707721559402, 0.8485985145257743, 0.8571973725231115], [0.8141759807349516, 0.8492724327925586, 0.9140279329779455, 1.0, 0.9166711648101058, 0.9103425858906962, 0.8782201288147812, 0.8910186908521754, 0.8730181967464714, 0.8664184943136681], [0.7881422611761881, 0.8457072511810719, 0.9086841482331143, 0.9166711648101058, 1.0, 0.9226535939834979, 0.8930933648526369, 0.8948964427912841, 0.8777050175195868, 0.8821257345313036], [0.7872812638852443, 0.8441809177447017, 0.8909656680266809, 0.9103425858906962, 0.9226535939834979, 1.0, 0.9221514118627542, 0.9182990795838406, 0.889582418787029, 0.8867120266266166], [0.7496211111185825, 0.8161652887718853, 0.870789734962387, 0.8782201288147812, 0.8930933648526369, 0.9221514118627542, 1.0, 0.9390021004271983, 0.8805603271490252, 0.867360129413272], [0.7571808915343465, 0.8298079961935817, 0.8764707721559402, 0.8910186908521754, 0.8948964427912841, 0.9182990795838406, 0.9390021004271983, 1.0, 0.9075503811094048, 0.8970553254825736], [0.7579853430072975, 0.808575380354435, 0.8485985145257743, 0.8730181967464714, 0.8777050175195868, 0.889582418787029, 0.8805603271490252, 0.9075503811094048, 1.0, 0.911552297713601], [0.760284016997008, 0.8166831254030579, 0.8571973725231115, 0.8664184943136681, 0.8821257345313036, 0.8867120266266166, 0.867360129413272, 0.8970553254825736, 0.911552297713601, 1.0]], "1": [[1.0, 0.43273017684265896, 0.3779185972432074, 0.37313115411349784, 0.3698892775103921, 0.34697775583526014, 0.35361571448058066, 0.3129966292810314, 0.3127961621161066, 0.2949556304842764], [0.43273017684265896, 1.0, 0.3747755058891422, 0.35564874664274837, 0.3147035662475276, 0.3014733440226774, 0.33150367471913145, 0.2855662417951036, 0.2781709016159744, 0.2827869946846464], [0.3779185972432074, 0.3747755058891422, 1.0, 0.46241144316351784, 0.3633031372887609, 0.337998654572693, 0.34804864694813176, 0.340170913310134, 0.30948728186286434, 0.3230007740812647], [0.37313115411349784, 0.35564874664274837, 0.46241144316351784, 1.0, 0.4169063559272377, 0.3324658345967567, 0.35969699355550744, 0.3550171328200298, 0.31799199477652157, 0.3279519800449026], [0.3698892775103921, 0.3147035662475276, 0.3633031372887609, 0.4169063559272377, 1.0, 0.3606733858058043, 0.3533352671582878, 0.35413572376103514, 0.3155911299597512, 0.2746303466171304], [0.34697775583526014, 0.3014733440226774, 0.337998654572693, 0.3324658345967567, 0.3606733858058043, 1.0, 0.3899469607971866, 0.3544422200376928, 0.31885957744011434, 0.3047408301572196], [0.35361571448058066, 0.33150367471913145, 0.34804864694813176, 0.35969699355550744, 0.3533352671582878, 0.3899469607971866, 1.0, 0.4783436634534551, 0.3662321395443382, 0.34943165725340336], [0.3129966292810314, 0.2855662417951036, 0.340170913310134, 0.3550171328200298, 0.35413572376103514, 0.3544422200376928, 0.4783436634534551, 1.0, 0.42295417660614537, 0.3013886066560196], [0.3127961621161066, 0.2781709016159744, 0.30948728186286434, 0.31799199477652157, 0.3155911299597512, 0.31885957744011434, 0.3662321395443382, 0.42295417660614537, 1.0, 0.34974946701996823], [0.2949556304842764, 0.2827869946846464, 0.3230007740812647, 0.3279519800449026, 0.2746303466171304, 0.3047408301572196, 0.34943165725340336, 0.3013886066560196, 0.34974946701996823, 1.0]], "2": [[1.0, 0.24017071659986614, 0.26351140400696416, 0.2808979649799371, 0.30579040447864597, 0.2570809445075428, 0.22977724718429787, 0.23633900685055304, 0.24688782722329836, 0.2264980080966638], [0.24017071659986614, 1.0, 0.27526120308998253, 0.3287175485515376, 0.2969347305273947, 0.21873106310755788, 0.24042827084418938, 0.2329667664651348, 0.2852943647244468, 0.18048709326271833], [0.26351140400696416, 0.27526120308998253, 1.0, 0.34232640543370285, 0.313089635186323, 0.2612557300478728, 0.303648081524708, 0.29282753933000694, 0.2972559139273415, 0.25432772177349694], [0.2808979649799371, 0.3287175485515376, 0.34232640543370285, 1.0, 0.3763641766385726, 0.24613176435184678, 0.2939083227968184, 0.2725221845228746, 0.361158647923094, 0.26799179696832737], [0.30579040447864597, 0.2969347305273947, 0.313089635186323, 0.3763641766385726, 1.0, 0.2714518815011359, 0.32631543655921486, 0.28735739328792087, 0.3569810140292914, 0.19801625419241095], [0.2570809445075428, 0.21873106310755788, 0.2612557300478728, 0.24613176435184678, 0.2714518815011359, 1.0, 0.2552844869329116, 0.2590261776497176, 0.22442846311121029, 0.24296812422474207], [0.22977724718429787, 0.24042827084418938, 0.303648081524708, 0.2939083227968184, 0.32631543655921486, 0.2552844869329116, 1.0, 0.3968848462370353, 0.3328419626070699, 0.2556487442447696], [0.23633900685055304, 0.2329667664651348, 0.29282753933000694, 0.2725221845228746, 0.28735739328792087, 0.2590261776497176, 0.3968848462370353, 1.0, 0.30151170937663757, 0.27077927780121824], [0.24688782722329836, 0.2852943647244468, 0.2972559139273415, 0.361158647923094, 0.3569810140292914, 0.22442846311121029, 0.3328419626070699, 0.30151170937663757, 1.0, 0.2450679031495453], [0.2264980080966638, 0.18048709326271833, 0.25432772177349694, 0.26799179696832737, 0.19801625419241095, 0.24296812422474207, 0.2556487442447696, 0.27077927780121824, 0.2450679031495453, 1.0]]}, "per_layer_inter": {"0": 0.8623850303931596, "1": 0.34641214152755195, "2": 0.27673658132956774}, "O_inter": 0.49517791775009307, "O_intra": 1.0, "Obar": 0.49517791775009307, "inner": -0.504822082249907}, "phase_stability": "N/A - no oscillator state"}}