{"rung": "R5:no_proj", "scenario": "class", "nexp": 20, "epochs": 50, "seed": 7, "metrics": {"Top1_Acc_Exp/eval_phase/test_stream/Task000/Exp000": 0.0, "Top1_Acc_Exp/eval_phase/test_stream/Task000/Exp001": 0.0, "Top1_Acc_Exp/eval_phase/test_stream/Task000/Exp002": 0.0, "Top1_Acc_Exp/eval_phase/test_stream/Task000/Exp003": 0.0, "Top1_Acc_Exp/eval_phase/test_stream/Task000/Exp004": 0.0, "Top1_Acc_Exp/eval_phase/test_stream/Task000/Exp005": 0.0, "Top1_Acc_Exp/eval_phase/test_stream/Task000/Exp006": 0.0, "Top1_Acc_Exp/eval_phase/test_stream/Task000/Exp007": 0.0, "Top1_Acc_Exp/eval_phase/test_stream/Task000/Exp008": 0.0, "Top1_Acc_Exp/eval_phase/test_stream/Task000/Exp009": 0.0, "Top1_Acc_Exp/eval_phase/test_stream/Task000/Exp010": 0.0, "Top1_Acc_Exp/eval_phase/test_stream/Task000/Exp011": 0.0, "Top1_Acc_Exp/eval_phase/test_stream/Task000/Exp012": 0.0, "Top1_Acc_Exp/eval_phase/test_stream/Task000/Exp013": 0.0, "Top1_Acc_Exp/eval_phase/test_stream/Task000/Exp014": 0.0, "Top1_Acc_Exp/eval_phase/test_stream/Task000/Exp015": 0.0, "Top1_Acc_Exp/eval_phase/test_stream/Task000/Exp016": 0.0, "Top1_Acc_Exp/eval_phase/test_stream/Task000/Exp017": 0.0, "Top1_Acc_Exp/eval_phase/test_stream/Task000/Exp018": 0.0, "Top1_Acc_Exp/eval_phase/test_stream/Task000/Exp019": 0.878, "Top1_Acc_Stream/eval_phase/test_stream/Task000": 0.0439, "StreamForgetting/eval_phase/test_stream": 0.8471578947368419, "StreamBWT/eval_phase/test_stream": -0.8471578947368419, "ExperienceForgetting/eval_phase/test_stream/Task000/Exp000": 0.854, "ExperienceBWT/eval_phase/test_stream/Task000/Exp000": -0.854, "ExperienceForgetting/eval_phase/test_stream/Task000/Exp001": 0.884, "ExperienceBWT/eval_phase/test_stream/Task000/Exp001": -0.884, "ExperienceForgetting/eval_phase/test_stream/Task000/Exp002": 0.862, "ExperienceBWT/eval_phase/test_stream/Task000/Exp002": -0.862, "ExperienceForgetting/eval_phase/test_stream/Task000/Exp003": 0.848, "ExperienceBWT/eval_phase/test_stream/Task000/Exp003": -0.848, "ExperienceForgetting/eval_phase/test_stream/Task000/Exp004": 0.904, "ExperienceBWT/eval_phase/test_stream/Task000/Exp004": -0.904, "ExperienceForgetting/eval_phase/test_stream/Task000/Exp005": 0.818, "ExperienceBWT/eval_phase/test_stream/Task000/Exp005": -0.818, "ExperienceForgetting/eval_phase/test_stream/Task000/Exp006": 0.912, "ExperienceBWT/eval_phase/test_stream/Task000/Exp006": -0.912, "ExperienceForgetting/eval_phase/test_stream/Task000/Exp007": 0.848, "ExperienceBWT/eval_phase/test_stream/Task000/Exp007": -0.848, "ExperienceForgetting/eval_phase/test_stream/Task000/Exp008": 0.922, "ExperienceBWT/eval_phase/test_stream/Task000/Exp008": -0.922, "ExperienceForgetting/eval_phase/test_stream/Task000/Exp009": 0.832, "ExperienceBWT/eval_phase/test_stream/Task000/Exp009": -0.832, "ExperienceForgetting/eval_phase/test_stream/Task000/Exp010": 0.834, "ExperienceBWT/eval_phase/test_stream/Task000/Exp010": -0.834, "ExperienceForgetting/eval_phase/test_stream/Task000/Exp011": 0.908, "ExperienceBWT/eval_phase/test_stream/Task000/Exp011": -0.908, "ExperienceForgetting/eval_phase/test_stream/Task000/Exp012": 0.824, "ExperienceBWT/eval_phase/test_stream/Task000/Exp012": -0.824, "ExperienceForgetting/eval_phase/test_stream/Task000/Exp013": 0.836, "ExperienceBWT/eval_phase/test_stream/Task000/Exp013": -0.836, "ExperienceForgetting/eval_phase/test_stream/Task000/Exp014": 0.734, "ExperienceBWT/eval_phase/test_stream/Task000/Exp014": -0.734, "ExperienceForgetting/eval_phase/test_stream/Task000/Exp015": 0.824, "ExperienceBWT/eval_phase/test_stream/Task000/Exp015": -0.824, "ExperienceForgetting/eval_phase/test_stream/Task000/Exp016": 0.892, "ExperienceBWT/eval_phase/test_stream/Task000/Exp016": -0.892, "ExperienceForgetting/eval_phase/test_stream/Task000/Exp017": 0.924, "ExperienceBWT/eval_phase/test_stream/Task000/Exp017": -0.924, "ExperienceForgetting/eval_phase/test_stream/Task000/Exp018": 0.636, "ExperienceBWT/eval_phase/test_stream/Task000/Exp018": -0.636}, "learning_acc": [0.854, 0.884, 0.862, 0.848, 0.904, 0.818, 0.912, 0.848, 0.922, 0.832, 0.834, 0.908, 0.824, 0.836, 0.734, 0.824, 0.892, 0.924, 0.636, 0.878], "acc_matrix": [[0.854, 0.0, 0.0, 0.0, 0.0, 0.0, 0.0, 0.0, 0.0, 0.0, 0.0, 0.0, 0.0, 0.0, 0.0, 0.0, 0.0, 0.0, 0.0, 0.0], [0.0, 0.884, 0.0, 0.0, 0.0, 0.0, 0.0, 0.0, 0.0, 0.0, 0.0, 0.0, 0.0, 0.0, 0.0, 0.0, 0.0, 0.0, 0.0, 0.0], [0.0, 0.0, 0.862, 0.0, 0.0, 0.0, 0.0, 0.0, 0.0, 0.0, 0.0, 0.0, 0.0, 0.0, 0.0, 0.0, 0.0, 0.0, 0.0, 0.0], [0.0, 0.0, 0.0, 0.848, 0.0, 0.0, 0.0, 0.0, 0.0, 0.0, 0.0, 0.0, 0.0, 0.0, 0.0, 0.0, 0.0, 0.0, 0.0, 0.0], [0.0, 0.0, 0.0, 0.0, 0.904, 0.0, 0.0, 0.0, 0.0, 0.0, 0.0, 0.0, 0.0, 0.0, 0.0, 0.0, 0.0, 0.0, 0.0, 0.0], [0.0, 0.0, 0.0, 0.0, 0.0, 0.818, 0.0, 0.0, 0.0, 0.0, 0.0, 0.0, 0.0, 0.0, 0.0, 0.0, 0.0, 0.0, 0.0, 0.0], [0.0, 0.0, 0.0, 0.0, 0.0, 0.0, 0.912, 0.0, 0.0, 0.0, 0.0, 0.0, 0.0, 0.0, 0.0, 0.0, 0.0, 0.0, 0.0, 0.0], [0.0, 0.0, 0.0, 0.0, 0.0, 0.0, 0.0, 0.848, 0.0, 0.0, 0.0, 0.0, 0.0, 0.0, 0.0, 0.0, 0.0, 0.0, 0.0, 0.0], [0.0, 0.0, 0.0, 0.0, 0.0, 0.0, 0.0, 0.0, 0.922, 0.0, 0.0, 0.0, 0.0, 0.0, 0.0, 0.0, 0.0, 0.0, 0.0, 0.0], [0.0, 0.0, 0.0, 0.0, 0.0, 0.0, 0.0, 0.0, 0.0, 0.832, 0.0, 0.0, 0.0, 0.0, 0.0, 0.0, 0.0, 0.0, 0.0, 0.0], [0.0, 0.0, 0.0, 0.0, 0.0, 0.0, 0.0, 0.0, 0.0, 0.0, 0.834, 0.0, 0.0, 0.0, 0.0, 0.0, 0.0, 0.0, 0.0, 0.0], [0.0, 0.0, 0.0, 0.0, 0.0, 0.0, 0.0, 0.0, 0.0, 0.0, 0.0, 0.908, 0.0, 0.0, 0.0, 0.0, 0.0, 0.0, 0.0, 0.0], [0.0, 0.0, 0.0, 0.0, 0.0, 0.0, 0.0, 0.0, 0.0, 0.0, 0.0, 0.0, 0.824, 0.0, 0.0, 0.0, 0.0, 0.0, 0.0, 0.0], [0.0, 0.0, 0.0, 0.0, 0.0, 0.0, 0.0, 0.0, 0.0, 0.0, 0.0, 0.0, 0.0, 0.836, 0.0, 0.0, 0.0, 0.0, 0.0, 0.0], [0.0, 0.0, 0.0, 0.0, 0.0, 0.0, 0.0, 0.0, 0.0, 0.0, 0.0, 0.0, 0.0, 0.0, 0.734, 0.0, 0.0, 0.0, 0.0, 0.0], [0.0, 0.0, 0.0, 0.0, 0.0, 0.0, 0.0, 0.0, 0.0, 0.0, 0.0, 0.0, 0.0, 0.0, 0.0, 0.824, 0.0, 0.0, 0.0, 0.0], [0.0, 0.0, 0.0, 0.0, 0.0, 0.0, 0.0, 0.0, 0.0, 0.0, 0.0, 0.0, 0.0, 0.0, 0.0, 0.0, 0.892, 0.0, 0.0, 0.0], [0.0, 0.0, 0.0, 0.0, 0.0, 0.0, 0.0, 0.0, 0.0, 0.0, 0.0, 0.0, 0.0, 0.0, 0.0, 0.0, 0.0, 0.924, 0.0, 0.0], [0.0, 0.0, 0.0, 0.0, 0.0, 0.0, 0.0, 0.0, 0.0, 0.0, 0.0, 0.0, 0.0, 0.0, 0.0, 0.0, 0.0, 0.0, 0.636, 0.0], [0.0, 0.0, 0.0, 0.0, 0.0, 0.0, 0.0, 0.0, 0.0, 0.0, 0.0, 0.0, 0.0, 0.0, 0.0, 0.0, 0.0, 0.0, 0.0, 0.878]], "avg_forgetting": 84.71578947368418, "bwt": -84.71578947368418, "selfcheck_ok": true, "h3": {"overlap_summary": {"matrices": {"0": [[1.0, 0.8258388351804061, 0.7364273067446485, 0.7126556884715136, 0.6822259918015511, 0.7245872200711235, 0.6702588820148531, 0.6249443506428852, 0.6216613709514476, 0.6616717490980611, 0.6305131465474267, 0.6303350321299519, 0.6303536856236132, 0.5915151171441739, 0.5792150531092692, 0.6121962165431527, 0.5595568771897305, 0.6090967255449257, 0.6161726947804104, 0.5929029873895497], [0.8258388351804061, 1.0, 0.8453755004927086, 0.7925463340795946, 0.7411110013909908, 0.7421459923492724, 0.7325671945698787, 0.6896558809322859, 0.7005712758609902, 0.7170607755090712, 0.699772927112689, 0.6683051983819928, 0.6870795910997771, 0.6743845831710302, 0.633315287211651, 0.6736615930241366, 0.644734879014853, 0.6553470824875717, 0.7072784775589972, 0.6651783455329408], [0.7364273067446485, 0.8453755004927086, 1.0, 0.8750356132949073, 0.7928206371338457, 0.7519167377978344, 0.719184575458984, 0.7075903860358285, 0.7163315978858433, 0.7302036292978454, 0.7446624243159895, 0.7068761173383977, 0.7179524574369203, 0.6671566369680982, 0.6745131867566734, 0.7207907729724322, 0.6755833659828618, 0.7155515243260095, 0.7503746433135252, 0.7340546665261308], [0.7126556884715136, 0.7925463340795946, 0.8750356132949073, 1.0, 0.8412336178300218, 0.7590368130594325, 0.7501840309993243, 0.7291822339126259, 0.7116726488378619, 0.7315418810011779, 0.7411998808786647, 0.7472927626919234, 0.7491555222347879, 0.6922560375490621, 0.6916433546138874, 0.7340280180265475, 0.6927563841072342, 0.7227951173619662, 0.7395516625808973, 0.7394850935651389], [0.6822259918015511, 0.7411110013909908, 0.7928206371338457, 0.8412336178300218, 1.0, 0.7861832818973219, 0.7655423319679194, 0.732959607074264, 0.7339720954724472, 0.7360313541989677, 0.692830770663096, 0.7459429423245436, 0.7226226545688422, 0.6980251278718209, 0.7053297309674861, 0.7493181220220007, 0.7108720618389262, 0.7282853501272647, 0.7071606506767777, 0.752968258504081], [0.7245872200711235, 0.7421459923492724, 0.7519167377978344, 0.7590368130594325, 0.7861832818973219, 1.0, 0.7993170517743741, 0.7139771072523607, 0.7062422299271888, 0.7220192572002117, 0.7182819387659936, 0.7034968672186178, 0.7098771446990952, 0.6849499037588449, 0.6580090799336474, 0.715664430338711, 0.6644766532748199, 0.6603081245356403, 0.6946490989646675, 0.7002309949984723], [0.6702588820148531, 0.7325671945698787, 0.719184575458984, 0.7501840309993243, 0.7655423319679194, 0.7993170517743741, 1.0, 0.7529427614669906, 0.7504830281909796, 0.7369943261539349, 0.7215723120825063, 0.7255502237923025, 0.7208339257670572, 0.6879915475940496, 0.7039922705301601, 0.7159949357772603, 0.6858009166121795, 0.6556075364413665, 0.6643569281910381, 0.7032201303312468], [0.6249443506428852, 0.6896558809322859, 0.7075903860358285, 0.7291822339126259, 0.732959607074264, 0.7139771072523607, 0.7529427614669906, 1.0, 0.7260247959247569, 0.7466396366934208, 0.7158132543368684, 0.6981991881157218, 0.6788602076074103, 0.635909600627967, 0.6412310880279984, 0.6949330307805811, 0.6218044848959522, 0.6304272652090532, 0.6370312920515083, 0.6724891028775196], [0.6216613709514476, 0.7005712758609902, 0.7163315978858433, 0.7116726488378619, 0.7339720954724472, 0.7062422299271888, 0.7504830281909796, 0.7260247959247569, 1.0, 0.7640912411358692, 0.7114724441822935, 0.7126069506981496, 0.721348690653644, 0.7425917833584745, 0.7187711759241326, 0.731139516964486, 0.6711953079255495, 0.7135565418012335, 0.6774334117343133, 0.6926332382679798], [0.6616717490980611, 0.7170607755090712, 0.7302036292978454, 0.7315418810011779, 0.7360313541989677, 0.7220192572002117, 0.7369943261539349, 0.7466396366934208, 0.7640912411358692, 1.0, 0.7524098211242217, 0.7165485231997885, 0.7463329649205463, 0.6804892012444005, 0.7013180528704143, 0.7237152691305611, 0.6590343653047166, 0.683397403900344, 0.6876724903065057, 0.7110079831694865], [0.6305131465474267, 0.699772927112689, 0.7446624243159895, 0.7411998808786647, 0.692830770663096, 0.7182819387659936, 0.7215723120825063, 0.7158132543368684, 0.7114724441822935, 0.7524098211242217, 1.0, 0.7866763112824232, 0.7646882884241547, 0.6847878232234254, 0.6747891727906146, 0.6994702647845, 0.6821163616926611, 0.6812009041699192, 0.7225441580453407, 0.7076670815491096], [0.6303350321299519, 0.6683051983819928, 0.7068761173383977, 0.7472927626919234, 0.7459429423245436, 0.7034968672186178, 0.7255502237923025, 0.6981991881157218, 0.7126069506981496, 0.7165485231997885, 0.7866763112824232, 1.0, 0.7817070381519295, 0.6842718787308344, 0.7412557003142664, 0.7598163549194418, 0.6513275529816175, 0.7494687061960219, 0.7184626866100317, 0.7327287002555516], [0.6303536856236132, 0.6870795910997771, 0.7179524574369203, 0.7491555222347879, 0.7226226545688422, 0.7098771446990952, 0.7208339257670572, 0.6788602076074103, 0.721348690653644, 0.7463329649205463, 0.7646882884241547, 0.7817070381519295, 1.0, 0.7460200255043612, 0.7563888652673135, 0.7484689686801435, 0.696880752724752, 0.6869165347388461, 0.7223827394934461, 0.7548437207930498], [0.5915151171441739, 0.6743845831710302, 0.6671566369680982, 0.6922560375490621, 0.6980251278718209, 0.6849499037588449, 0.6879915475940496, 0.635909600627967, 0.7425917833584745, 0.6804892012444005, 0.6847878232234254, 0.6842718787308344, 0.7460200255043612, 1.0, 0.727352109270099, 0.7557795978918036, 0.7145177073176259, 0.6848430985215106, 0.6646513964388888, 0.6741518290599158], [0.5792150531092692, 0.633315287211651, 0.6745131867566734, 0.6916433546138874, 0.7053297309674861, 0.6580090799336474, 0.7039922705301601, 0.6412310880279984, 0.7187711759241326, 0.7013180528704143, 0.6747891727906146, 0.7412557003142664, 0.7563888652673135, 0.727352109270099, 1.0, 0.8180839688429454, 0.7238783002258827, 0.7279275226614886, 0.7058315718595567, 0.7416703755308052], [0.6121962165431527, 0.6736615930241366, 0.7207907729724322, 0.7340280180265475, 0.7493181220220007, 0.715664430338711, 0.7159949357772603, 0.6949330307805811, 0.731139516964486, 0.7237152691305611, 0.6994702647845, 0.7598163549194418, 0.7484689686801435, 0.7557795978918036, 0.8180839688429454, 1.0, 0.7592613216840814, 0.7884735867796538, 0.742745385422631, 0.7653136801296357], [0.5595568771897305, 0.644734879014853, 0.6755833659828618, 0.6927563841072342, 0.7108720618389262, 0.6644766532748199, 0.6858009166121795, 0.6218044848959522, 0.6711953079255495, 0.6590343653047166, 0.6821163616926611, 0.6513275529816175, 0.696880752724752, 0.7145177073176259, 0.7238783002258827, 0.7592613216840814, 1.0, 0.6871541710530252, 0.6677488550362293, 0.683872996010429], [0.6090967255449257, 0.6553470824875717, 0.7155515243260095, 0.7227951173619662, 0.7282853501272647, 0.6603081245356403, 0.6556075364413665, 0.6304272652090532, 0.7135565418012335, 0.683397403900344, 0.6812009041699192, 0.7494687061960219, 0.6869165347388461, 0.6848430985215106, 0.7279275226614886, 0.7884735867796538, 0.6871541710530252, 1.0, 0.7705858701209831, 0.7670632193534814], [0.6161726947804104, 0.7072784775589972, 0.7503746433135252, 0.7395516625808973, 0.7071606506767777, 0.6946490989646675, 0.6643569281910381, 0.6370312920515083, 0.6774334117343133, 0.6876724903065057, 0.7225441580453407, 0.7184626866100317, 0.7223827394934461, 0.6646513964388888, 0.7058315718595567, 0.742745385422631, 0.6677488550362293, 0.7705858701209831, 1.0, 0.791316155891857], [0.5929029873895497, 0.6651783455329408, 0.7340546665261308, 0.7394850935651389, 0.752968258504081, 0.7002309949984723, 0.7032201303312468, 0.6724891028775196, 0.6926332382679798, 0.7110079831694865, 0.7076670815491096, 0.7327287002555516, 0.7548437207930498, 0.6741518290599158, 0.7416703755308052, 0.7653136801296357, 0.683872996010429, 0.7670632193534814, 0.791316155891857, 1.0]], "1": [[1.0, 0.29872194265089785, 0.20341181099319292, 0.19050653789841487, 0.1867020825862458, 0.18392948448529323, 0.15680596219878615, 0.14913796898692927, 0.18057674627961945, 0.1446154634257641, 0.1980980968740693, 0.17762251702063309, 0.169272606369406, 0.17472630753424026, 0.1654092770528098, 0.1342625181318745, 0.18195835436773877, 0.16823327720830142, 0.14337128382830194, 0.12965980034057153], [0.29872194265089785, 1.0, 0.22747339314492004, 0.19690857780754292, 0.17209828532909638, 0.16264542855431113, 0.1564458082640716, 0.14669400988331657, 0.15605448465797891, 0.1190525478812279, 0.15612836035177072, 0.1684924023738778, 0.130173640999717, 0.1731503566436323, 0.15287517229371314, 0.12728971022343613, 0.16015519264872655, 0.13662459377151553, 0.13117162788905137, 0.1289329147739521], [0.20341181099319292, 0.22747339314492004, 1.0, 0.22669921456677672, 0.1958114232445029, 0.16579810302548686, 0.15041098227819066, 0.17802639368496892, 0.17721470620004598, 0.10377013626737107, 0.1592649720976914, 0.19516553218326863, 0.15595367972527877, 0.15818032289281816, 0.1444390106781404, 0.14196059661588012, 0.1865491807479122, 0.1616673799071104, 0.1631077973641248, 0.166911538938247], [0.19050653789841487, 0.19690857780754292, 0.22669921456677672, 1.0, 0.19698477712693738, 0.1805193404733935, 0.1495309950852136, 0.14965541614120378, 0.17528745754243735, 0.18235513459679126, 0.1810471008908325, 0.16937214014332772, 0.14868583597005555, 0.16586833418022986, 0.14081921455734883, 0.14233259246557306, 0.17721042291477465, 0.13948981752295292, 0.16656744374002222, 0.14108007475896142], [0.1867020825862458, 0.17209828532909638, 0.1958114232445029, 0.19698477712693738, 1.0, 0.20236567171367964, 0.1529848262024552, 0.15156663848409743, 0.17524196342998583, 0.13166044053370318, 0.16165399373412362, 0.17150580277356564, 0.1471626770406501, 0.20230993683573628, 0.15730889460495454, 0.1406575844510263, 0.16480166822767486, 0.17050771615040347, 0.15416888711120635, 0.13303923121640224], [0.18392948448529323, 0.16264542855431113, 0.16579810302548686, 0.1805193404733935, 0.20236567171367964, 1.0, 0.16048389030167262, 0.16152667538962703, 0.1648632910847206, 0.10798721436934092, 0.1583295419449599, 0.1609510025358937, 0.16340266337129783, 0.14794949098854468, 0.1386476402140711, 0.1318616691466247, 0.15735605603932593, 0.138559887204571, 0.14011624785224075, 0.13410578290382122], [0.15680596219878615, 0.1564458082640716, 0.15041098227819066, 0.1495309950852136, 0.1529848262024552, 0.16048389030167262, 1.0, 0.15044834091627168, 0.1426546867451434, 0.08310180927328323, 0.13366495807153764, 0.14042324345328974, 0.13979237163059136, 0.1268647904669778, 0.12343797749767994, 0.1293993270558065, 0.14856361775232493, 0.09680596321981322, 0.12032162966390572, 0.1420117457318831], [0.14913796898692927, 0.14669400988331657, 0.17802639368496892, 0.14965541614120378, 0.15156663848409743, 0.16152667538962703, 0.15044834091627168, 1.0, 0.16688241454193353, 0.09532894312335574, 0.12824357077391776, 0.165171248528623, 0.136735631398855, 0.1497834130205331, 0.12249901150110298, 0.12941789869978504, 0.12422325231345104, 0.10318458444070887, 0.12282074361680985, 0.1365680847417454], [0.18057674627961945, 0.15605448465797891, 0.17721470620004598, 0.17528745754243735, 0.17524196342998583, 0.1648632910847206, 0.1426546867451434, 0.16688241454193353, 1.0, 0.1394645202087011, 0.17014812958211392, 0.18321244059729835, 0.16859457430779135, 0.1623991991388648, 0.15592149672548333, 0.135856694830068, 0.16433590003583995, 0.14146673965051376, 0.16403280834066722, 0.13054179025578755], [0.1446154634257641, 0.1190525478812279, 0.10377013626737107, 0.18235513459679126, 0.13166044053370318, 0.10798721436934092, 0.08310180927328323, 0.09532894312335574, 0.1394645202087011, 1.0, 0.1437710784395169, 0.1256667607124764, 0.10509237371666899, 0.08891273957628891, 0.08876759521981345, 0.08078905656679163, 0.12580773602452933, 0.101046786785983, 0.12987534001272874, 0.09843709633900384], [0.1980980968740693, 0.15612836035177072, 0.1592649720976914, 0.1810471008908325, 0.16165399373412362, 0.1583295419449599, 0.13366495807153764, 0.12824357077391776, 0.17014812958211392, 0.1437710784395169, 1.0, 0.21386751167065704, 0.1448695163561188, 0.12427660928797951, 0.15870464582693034, 0.20350414736202665, 0.1727002860834366, 0.16030914476041552, 0.12900964732142894, 0.14623919868646104], [0.17762251702063309, 0.1684924023738778, 0.19516553218326863, 0.16937214014332772, 0.17150580277356564, 0.1609510025358937, 0.14042324345328974, 0.165171248528623, 0.18321244059729835, 0.1256667607124764, 0.21386751167065704, 1.0, 0.2194289206591466, 0.17215042636546934, 0.11596435664553364, 0.13488401124617483, 0.15401243616983143, 0.14917910816001342, 0.15533303199506907, 0.13421523160782484], [0.169272606369406, 0.130173640999717, 0.15595367972527877, 0.14868583597005555, 0.1471626770406501, 0.16340266337129783, 0.13979237163059136, 0.136735631398855, 0.16859457430779135, 0.10509237371666899, 0.1448695163561188, 0.2194289206591466, 1.0, 0.1995938402670131, 0.15245537163394424, 0.17370033160187406, 0.15417955620420964, 0.11688371683090634, 0.14780650185205269, 0.12133366195009224], [0.17472630753424026, 0.1731503566436323, 0.15818032289281816, 0.16586833418022986, 0.20230993683573628, 0.14794949098854468, 0.1268647904669778, 0.1497834130205331, 0.1623991991388648, 0.08891273957628891, 0.12427660928797951, 0.17215042636546934, 0.1995938402670131, 1.0, 0.1445262009150358, 0.1338726009955912, 0.14114828284219333, 0.13626698475911408, 0.13239952537000002, 0.11319373812361255], [0.1654092770528098, 0.15287517229371314, 0.1444390106781404, 0.14081921455734883, 0.15730889460495454, 0.1386476402140711, 0.12343797749767994, 0.12249901150110298, 0.15592149672548333, 0.08876759521981345, 0.15870464582693034, 0.11596435664553364, 0.15245537163394424, 0.1445262009150358, 1.0, 0.21530283553401672, 0.19663802302938824, 0.11020497074572495, 0.11805110007749567, 0.14819894980558718], [0.1342625181318745, 0.12728971022343613, 0.14196059661588012, 0.14233259246557306, 0.1406575844510263, 0.1318616691466247, 0.1293993270558065, 0.12941789869978504, 0.135856694830068, 0.08078905656679163, 0.20350414736202665, 0.13488401124617483, 0.17370033160187406, 0.1338726009955912, 0.21530283553401672, 1.0, 0.17994189894769955, 0.11938196713313952, 0.1332241508688111, 0.13231766372947357], [0.18195835436773877, 0.16015519264872655, 0.1865491807479122, 0.17721042291477465, 0.16480166822767486, 0.15735605603932593, 0.14856361775232493, 0.12422325231345104, 0.16433590003583995, 0.12580773602452933, 0.1727002860834366, 0.15401243616983143, 0.15417955620420964, 0.14114828284219333, 0.19663802302938824, 0.17994189894769955, 1.0, 0.1905246135448115, 0.1423960134279086, 0.14328488165214207], [0.16823327720830142, 0.13662459377151553, 0.1616673799071104, 0.13948981752295292, 0.17050771615040347, 0.138559887204571, 0.09680596321981322, 0.10318458444070887, 0.14146673965051376, 0.101046786785983, 0.16030914476041552, 0.14917910816001342, 0.11688371683090634, 0.13626698475911408, 0.11020497074572495, 0.11938196713313952, 0.1905246135448115, 1.0, 0.18528677911831198, 0.11590267609120107], [0.14337128382830194, 0.13117162788905137, 0.1631077973641248, 0.16656744374002222, 0.15416888711120635, 0.14011624785224075, 0.12032162966390572, 0.12282074361680985, 0.16403280834066722, 0.12987534001272874, 0.12900964732142894, 0.15533303199506907, 0.14780650185205269, 0.13239952537000002, 0.11805110007749567, 0.1332241508688111, 0.1423960134279086, 0.18528677911831198, 1.0, 0.15964140142708494], [0.12965980034057153, 0.1289329147739521, 0.166911538938247, 0.14108007475896142, 0.13303923121640224, 0.13410578290382122, 0.1420117457318831, 0.1365680847417454, 0.13054179025578755, 0.09843709633900384, 0.14623919868646104, 0.13421523160782484, 0.12133366195009224, 0.11319373812361255, 0.14819894980558718, 0.13231766372947357, 0.14328488165214207, 0.11590267609120107, 0.15964140142708494, 1.0]], "2": [[1.0, 0.2448816744999746, 0.20685241773626872, 0.1360002861804335, 0.16500259575709098, 0.19815814057593978, 0.19492704700827512, 0.1955653588086537, 0.1875743099591483, 0.251505320486541, 0.12313764370816983, 0.22623276734189673, 0.12641980957459384, 0.20979624161467014, 0.20095540117320865, 0.14038313060522986, 0.2691080401392727, 0.12445823891552521, 0.21136496993222817, 0.14335459483596144], [0.2448816744999746, 1.0, 0.1600812219404009, 0.11129208502234442, 0.1812631328614467, 0.2265049212556463, 0.2666151061433465, 0.22343000272025948, 0.25195723303251677, 0.26542732472288727, 0.18467707385716495, 0.26376478747055093, 0.1856847267871713, 0.2654596645736755, 0.13428041842757735, 0.19104428296730894, 0.22197726600268197, 0.1864998930608078, 0.11140361515445452, 0.16821712646379683], [0.20685241773626872, 0.1600812219404009, 1.0, 0.18929947845648173, 0.10275196223917012, 0.19427366544432337, 0.09800462618207124, 0.15329752058024493, 0.14767153161186522, 0.16934956152812644, 0.17820843416770715, 0.15547386727119977, 0.12997868791144243, 0.16318725551880287, 0.22160366552884128, 0.19764126571602933, 0.2170184698518206, 0.16473201383144925, 0.09169135506818271, 0.2013149576148726], [0.1360002861804335, 0.11129208502234442, 0.18929947845648173, 1.0, 0.1499328076951659, 0.1423265991629596, 0.1961483265956121, 0.11644438583071563, 0.14220923511460462, 0.14150743939716462, 0.1836353436425384, 0.16755838416847776, 0.15530825971530898, 0.16206613255689054, 0.1582344166441607, 0.10744094940535197, 0.14469813465460282, 0.13219427249381413, 0.07326707723175922, 0.18977967716488106], [0.16500259575709098, 0.1812631328614467, 0.10275196223917012, 0.1499328076951659, 1.0, 0.10447879014846391, 0.14804724030787314, 0.10944557083404821, 0.15622561460491252, 0.08839660966484868, 0.15939022188318358, 0.10912427069911688, 0.11842926311443508, 0.200395046943672, 0.12096336579041683, 0.13244613258883997, 0.16014922237795878, 0.14631298945847973, 0.10183240375881025, 0.13860315030111928], [0.19815814057593978, 0.2265049212556463, 0.19427366544432337, 0.1423265991629596, 0.10447879014846391, 1.0, 0.27403085625176987, 0.1863831970016094, 0.2442708867583229, 0.37097992610915614, 0.1489685970216325, 0.24656932204653395, 0.1008009453212584, 0.11045675185049847, 0.21115583041110936, 0.15463110948839748, 0.14321263318934868, 0.1907915337812574, 0.18339978581003014, 0.1672064252761347], [0.19492704700827512, 0.2666151061433465, 0.09800462618207124, 0.1961483265956121, 0.14804724030787314, 0.27403085625176987, 1.0, 0.22002878553552566, 0.382855599587683, 0.2810269513086196, 0.19237267791511659, 0.35749228703207375, 0.3090267695349966, 0.27635368642615477, 0.14148655823605297, 0.18177188303038444, 0.15276760542456203, 0.199125261483603, 0.18562153502717302, 0.2507532751007407], [0.1955653588086537, 0.22343000272025948, 0.15329752058024493, 0.11644438583071563, 0.10944557083404821, 0.1863831970016094, 0.22002878553552566, 1.0, 0.2063245505428685, 0.26566470915181944, 0.16565214019257776, 0.17919526017531562, 0.12406489129858748, 0.13373559644563202, 0.11881081344774924, 0.15725660231592126, 0.2064600549340483, 0.1716340391999733, 0.23840600949008872, 0.17498243452747828], [0.1875743099591483, 0.25195723303251677, 0.14767153161186522, 0.14220923511460462, 0.15622561460491252, 0.2442708867583229, 0.382855599587683, 0.2063245505428685, 1.0, 0.2618865918220211, 0.23389430879770773, 0.33687989918292033, 0.2645684998786109, 0.21392228277596173, 0.1728455126487214, 0.2473405636717251, 0.19732154144798722, 0.24457073172561317, 0.1195807517699659, 0.21465385171107754], [0.251505320486541, 0.26542732472288727, 0.16934956152812644, 0.14150743939716462, 0.08839660966484868, 0.37097992610915614, 0.2810269513086196, 0.26566470915181944, 0.2618865918220211, 1.0, 0.14444522567840554, 0.36146594974315577, 0.12022391075213938, 0.13892817790450937, 0.13840812279998957, 0.1795140947463609, 0.11203846209819433, 0.14190947380090563, 0.12735457431904262, 0.1635477120949357], [0.12313764370816983, 0.18467707385716495, 0.17820843416770715, 0.1836353436425384, 0.15939022188318358, 0.1489685970216325, 0.19237267791511659, 0.16565214019257776, 0.23389430879770773, 0.14444522567840554, 1.0, 0.21225118514890098, 0.178116096064649, 0.17189957908423945, 0.212673055011771, 0.194826135431537, 0.21134625652177916, 0.2706310807390641, 0.13775612062379003, 0.26668709627897524], [0.22623276734189673, 0.26376478747055093, 0.15547386727119977, 0.16755838416847776, 0.10912427069911688, 0.24656932204653395, 0.35749228703207375, 0.17919526017531562, 0.33687989918292033, 0.36146594974315577, 0.21225118514890098, 1.0, 0.1963252888301543, 0.2619825141458242, 0.14371956669644922, 0.18854483310558717, 0.18086709314899524, 0.1938058375087015, 0.13839965142237395, 0.2092748169475087], [0.12641980957459384, 0.1856847267871713, 0.12997868791144243, 0.15530825971530898, 0.11842926311443508, 0.1008009453212584, 0.3090267695349966, 0.12406489129858748, 0.2645684998786109, 0.12022391075213938, 0.178116096064649, 0.1963252888301543, 1.0, 0.25933522180833035, 0.16267315668309767, 0.18320643182522792, 0.173060095860148, 0.19981926442549378, 0.1452051212462441, 0.3009107167631978], [0.20979624161467014, 0.2654596645736755, 0.16318725551880287, 0.16206613255689054, 0.200395046943672, 0.11045675185049847, 0.27635368642615477, 0.13373559644563202, 0.21392228277596173, 0.13892817790450937, 0.17189957908423945, 0.2619825141458242, 0.25933522180833035, 1.0, 0.1451784377262321, 0.221154692963652, 0.22799815645430416, 0.22160432666440308, 0.18210509870153715, 0.20450227408756425], [0.20095540117320865, 0.13428041842757735, 0.22160366552884128, 0.1582344166441607, 0.12096336579041683, 0.21115583041110936, 0.14148655823605297, 0.11881081344774924, 0.1728455126487214, 0.13840812279998957, 0.212673055011771, 0.14371956669644922, 0.16267315668309767, 0.1451784377262321, 1.0, 0.19772264777376908, 0.2714601108760052, 0.24976798496114377, 0.192721712894407, 0.23302933751355273], [0.14038313060522986, 0.19104428296730894, 0.19764126571602933, 0.10744094940535197, 0.13244613258883997, 0.15463110948839748, 0.18177188303038444, 0.15725660231592126, 0.2473405636717251, 0.1795140947463609, 0.194826135431537, 0.18854483310558717, 0.18320643182522792, 0.221154692963652, 0.19772264777376908, 1.0, 0.19888580040131487, 0.25704143174373967, 0.09262980469533569, 0.23898654026966715], [0.2691080401392727, 0.22197726600268197, 0.2170184698518206, 0.14469813465460282, 0.16014922237795878, 0.14321263318934868, 0.15276760542456203, 0.2064600549340483, 0.19732154144798722, 0.11203846209819433, 0.21134625652177916, 0.18086709314899524, 0.173060095860148, 0.22799815645430416, 0.2714601108760052, 0.19888580040131487, 1.0, 0.21338911110911465, 0.1912240278877126, 0.18769698826306255], [0.12445823891552521, 0.1864998930608078, 0.16473201383144925, 0.13219427249381413, 0.14631298945847973, 0.1907915337812574, 0.199125261483603, 0.1716340391999733, 0.24457073172561317, 0.14190947380090563, 0.2706310807390641, 0.1938058375087015, 0.19981926442549378, 0.22160432666440308, 0.24976798496114377, 0.25704143174373967, 0.21338911110911465, 1.0, 0.17445033837395713, 0.2620151671640565], [0.21136496993222817, 0.11140361515445452, 0.09169135506818271, 0.07326707723175922, 0.10183240375881025, 0.18339978581003014, 0.18562153502717302, 0.23840600949008872, 0.1195807517699659, 0.12735457431904262, 0.13775612062379003, 0.13839965142237395, 0.1452051212462441, 0.18210509870153715, 0.192721712894407, 0.09262980469533569, 0.1912240278877126, 0.17445033837395713, 1.0, 0.1659951281529827], [0.14335459483596144, 0.16821712646379683, 0.2013149576148726, 0.18977967716488106, 0.13860315030111928, 0.1672064252761347, 0.2507532751007407, 0.17498243452747828, 0.21465385171107754, 0.1635477120949357, 0.26668709627897524, 0.2092748169475087, 0.3009107167631978, 0.20450227408756425, 0.23302933751355273, 0.23898654026966715, 0.18769698826306255, 0.2620151671640565, 0.1659951281529827, 1.0]]}, "per_layer_inter": {"0": 0.7100839609683864, "1": 0.1524684167580969, "2": 0.18711395197284872}, "O_inter": 0.349888776566444, "O_intra": 1.0, "Obar": 0.349888776566444, "inner": -0.650111223433556}, "phase_stability": "N/A - no oscillator state"}}