{"rung": "R5:no_proj", "scenario": "class", "nexp": 20, "epochs": 50, "seed": 2, "metrics": {"Top1_Acc_Exp/eval_phase/test_stream/Task000/Exp000": 0.0, "Top1_Acc_Exp/eval_phase/test_stream/Task000/Exp001": 0.0, "Top1_Acc_Exp/eval_phase/test_stream/Task000/Exp002": 0.0, "Top1_Acc_Exp/eval_phase/test_stream/Task000/Exp003": 0.0, "Top1_Acc_Exp/eval_phase/test_stream/Task000/Exp004": 0.0, "Top1_Acc_Exp/eval_phase/test_stream/Task000/Exp005": 0.0, "Top1_Acc_Exp/eval_phase/test_stream/Task000/Exp006": 0.0, "Top1_Acc_Exp/eval_phase/test_stream/Task000/Exp007": 0.0, "Top1_Acc_Exp/eval_phase/test_stream/Task000/Exp008": 0.0, "Top1_Acc_Exp/eval_phase/test_stream/Task000/Exp009": 0.0, "Top1_Acc_Exp/eval_phase/test_stream/Task000/Exp010": 0.0, "Top1_Acc_Exp/eval_phase/test_stream/Task000/Exp011": 0.0, "Top1_Acc_Exp/eval_phase/test_stream/Task000/Exp012": 0.0, "Top1_Acc_Exp/eval_phase/test_stream/Task000/Exp013": 0.0, "Top1_Acc_Exp/eval_phase/test_stream/Task000/Exp014": 0.0, "Top1_Acc_Exp/eval_phase/test_stream/Task000/Exp015": 0.0, "Top1_Acc_Exp/eval_phase/test_stream/Task000/Exp016": 0.0, "Top1_Acc_Exp/eval_phase/test_stream/Task000/Exp017": 0.0, "Top1_Acc_Exp/eval_phase/test_stream/Task000/Exp018": 0.0, "Top1_Acc_Exp/eval_phase/test_stream/Task000/Exp019": 0.772, "Top1_Acc_Stream/eval_phase/test_stream/Task000": 0.0386, "StreamForgetting/eval_phase/test_stream": 0.8405263157894737, "StreamBWT/eval_phase/test_stream": -0.8405263157894737, "ExperienceForgetting/eval_phase/test_stream/Task000/Exp000": 0.82, "ExperienceBWT/eval_phase/test_stream/Task000/Exp000": -0.82, "ExperienceForgetting/eval_phase/test_stream/Task000/Exp001": 0.908, "ExperienceBWT/eval_phase/test_stream/Task000/Exp001": -0.908, "ExperienceForgetting/eval_phase/test_stream/Task000/Exp002": 0.854, "ExperienceBWT/eval_phase/test_stream/Task000/Exp002": -0.854, "ExperienceForgetting/eval_phase/test_stream/Task000/Exp003": 0.798, "ExperienceBWT/eval_phase/test_stream/Task000/Exp003": -0.798, "ExperienceForgetting/eval_phase/test_stream/Task000/Exp004": 0.842, "ExperienceBWT/eval_phase/test_stream/Task000/Exp004": -0.842, "ExperienceForgetting/eval_phase/test_stream/Task000/Exp005": 0.872, "ExperienceBWT/eval_phase/test_stream/Task000/Exp005": -0.872, "ExperienceForgetting/eval_phase/test_stream/Task000/Exp006": 0.882, "ExperienceBWT/eval_phase/test_stream/Task000/Exp006": -0.882, "ExperienceForgetting/eval_phase/test_stream/Task000/Exp007": 0.868, "ExperienceBWT/eval_phase/test_stream/Task000/Exp007": -0.868, "ExperienceForgetting/eval_phase/test_stream/Task000/Exp008": 0.942, "ExperienceBWT/eval_phase/test_stream/Task000/Exp008": -0.942, "ExperienceForgetting/eval_phase/test_stream/Task000/Exp009": 0.784, "ExperienceBWT/eval_phase/test_stream/Task000/Exp009": -0.784, "ExperienceForgetting/eval_phase/test_stream/Task000/Exp010": 0.85, "ExperienceBWT/eval_phase/test_stream/Task000/Exp010": -0.85, "ExperienceForgetting/eval_phase/test_stream/Task000/Exp011": 0.91, "ExperienceBWT/eval_phase/test_stream/Task000/Exp011": -0.91, "ExperienceForgetting/eval_phase/test_stream/Task000/Exp012": 0.722, "ExperienceBWT/eval_phase/test_stream/Task000/Exp012": -0.722, "ExperienceForgetting/eval_phase/test_stream/Task000/Exp013": 0.842, "ExperienceBWT/eval_phase/test_stream/Task000/Exp013": -0.842, "ExperienceForgetting/eval_phase/test_stream/Task000/Exp014": 0.808, "ExperienceBWT/eval_phase/test_stream/Task000/Exp014": -0.808, "ExperienceForgetting/eval_phase/test_stream/Task000/Exp015": 0.838, "ExperienceBWT/eval_phase/test_stream/Task000/Exp015": -0.838, "ExperienceForgetting/eval_phase/test_stream/Task000/Exp016": 0.676, "ExperienceBWT/eval_phase/test_stream/Task000/Exp016": -0.676, "ExperienceForgetting/eval_phase/test_stream/Task000/Exp017": 0.846, "ExperienceBWT/eval_phase/test_stream/Task000/Exp017": -0.846, "ExperienceForgetting/eval_phase/test_stream/Task000/Exp018": 0.908, "ExperienceBWT/eval_phase/test_stream/Task000/Exp018": -0.908}, "learning_acc": [0.82, 0.908, 0.854, 0.798, 0.842, 0.872, 0.882, 0.868, 0.942, 0.784, 0.85, 0.91, 0.722, 0.842, 0.808, 0.838, 0.676, 0.846, 0.908, 0.772], "acc_matrix": [[0.82, 0.0, 0.0, 0.0, 0.0, 0.0, 0.0, 0.0, 0.0, 0.0, 0.0, 0.0, 0.0, 0.0, 0.0, 0.0, 0.0, 0.0, 0.0, 0.0], [0.0, 0.908, 0.0, 0.0, 0.0, 0.0, 0.0, 0.0, 0.0, 0.0, 0.0, 0.0, 0.0, 0.0, 0.0, 0.0, 0.0, 0.0, 0.0, 0.0], [0.0, 0.0, 0.854, 0.0, 0.0, 0.0, 0.0, 0.0, 0.0, 0.0, 0.0, 0.0, 0.0, 0.0, 0.0, 0.0, 0.0, 0.0, 0.0, 0.0], [0.0, 0.0, 0.0, 0.798, 0.0, 0.0, 0.0, 0.0, 0.0, 0.0, 0.0, 0.0, 0.0, 0.0, 0.0, 0.0, 0.0, 0.0, 0.0, 0.0], [0.0, 0.0, 0.0, 0.0, 0.842, 0.0, 0.0, 0.0, 0.0, 0.0, 0.0, 0.0, 0.0, 0.0, 0.0, 0.0, 0.0, 0.0, 0.0, 0.0], [0.0, 0.0, 0.0, 0.0, 0.0, 0.872, 0.0, 0.0, 0.0, 0.0, 0.0, 0.0, 0.0, 0.0, 0.0, 0.0, 0.0, 0.0, 0.0, 0.0], [0.0, 0.0, 0.0, 0.0, 0.0, 0.0, 0.882, 0.0, 0.0, 0.0, 0.0, 0.0, 0.0, 0.0, 0.0, 0.0, 0.0, 0.0, 0.0, 0.0], [0.0, 0.0, 0.0, 0.0, 0.0, 0.0, 0.0, 0.868, 0.0, 0.0, 0.0, 0.0, 0.0, 0.0, 0.0, 0.0, 0.0, 0.0, 0.0, 0.0], [0.0, 0.0, 0.0, 0.0, 0.0, 0.0, 0.0, 0.0, 0.942, 0.0, 0.0, 0.0, 0.0, 0.0, 0.0, 0.0, 0.0, 0.0, 0.0, 0.0], [0.0, 0.0, 0.0, 0.0, 0.0, 0.0, 0.0, 0.0, 0.0, 0.784, 0.0, 0.0, 0.0, 0.0, 0.0, 0.0, 0.0, 0.0, 0.0, 0.0], [0.0, 0.0, 0.0, 0.0, 0.0, 0.0, 0.0, 0.0, 0.0, 0.0, 0.85, 0.0, 0.0, 0.0, 0.0, 0.0, 0.0, 0.0, 0.0, 0.0], [0.0, 0.0, 0.0, 0.0, 0.0, 0.0, 0.0, 0.0, 0.0, 0.0, 0.0, 0.91, 0.0, 0.0, 0.0, 0.0, 0.0, 0.0, 0.0, 0.0], [0.0, 0.0, 0.0, 0.0, 0.0, 0.0, 0.0, 0.0, 0.0, 0.0, 0.0, 0.0, 0.722, 0.0, 0.0, 0.0, 0.0, 0.0, 0.0, 0.0], [0.0, 0.0, 0.0, 0.0, 0.0, 0.0, 0.0, 0.0, 0.0, 0.0, 0.0, 0.0, 0.0, 0.842, 0.0, 0.0, 0.0, 0.0, 0.0, 0.0], [0.0, 0.0, 0.0, 0.0, 0.0, 0.0, 0.0, 0.0, 0.0, 0.0, 0.0, 0.0, 0.0, 0.0, 0.808, 0.0, 0.0, 0.0, 0.0, 0.0], [0.0, 0.0, 0.0, 0.0, 0.0, 0.0, 0.0, 0.0, 0.0, 0.0, 0.0, 0.0, 0.0, 0.0, 0.0, 0.838, 0.0, 0.0, 0.0, 0.0], [0.0, 0.0, 0.0, 0.0, 0.0, 0.0, 0.0, 0.0, 0.0, 0.0, 0.0, 0.0, 0.0, 0.0, 0.0, 0.0, 0.676, 0.0, 0.0, 0.0], [0.0, 0.0, 0.0, 0.0, 0.0, 0.0, 0.0, 0.0, 0.0, 0.0, 0.0, 0.0, 0.0, 0.0, 0.0, 0.0, 0.0, 0.846, 0.0, 0.0], [0.0, 0.0, 0.0, 0.0, 0.0, 0.0, 0.0, 0.0, 0.0, 0.0, 0.0, 0.0, 0.0, 0.0, 0.0, 0.0, 0.0, 0.0, 0.908, 0.0], [0.0, 0.0, 0.0, 0.0, 0.0, 0.0, 0.0, 0.0, 0.0, 0.0, 0.0, 0.0, 0.0, 0.0, 0.0, 0.0, 0.0, 0.0, 0.0, 0.772]], "avg_forgetting": 84.05263157894737, "bwt": -84.05263157894737, "selfcheck_ok": true, "h3": {"overlap_summary": {"matrices": {"0": [[1.0, 0.8258813276668376, 0.7525794578408668, 0.7797072938703099, 0.7392617508431495, 0.7501244539411506, 0.6864866909389247, 0.671161425093729, 0.6953848439007588, 0.6522521595664555, 0.6758167268540526, 0.6232151876684456, 0.6978461152022181, 0.6835452645083131, 0.6597448437248935, 0.6466995265753734, 0.6262824181779524, 0.6620302992238984, 0.6820892910977883, 0.5864728937110227], [0.8258813276668376, 1.0, 0.8246361304096279, 0.8304419621645244, 0.8256749358742388, 0.8005107880152795, 0.8071565312108738, 0.7978331190164919, 0.7669960513989933, 0.7724831589251201, 0.7748420294215642, 0.7538940814132219, 0.747511029893642, 0.7223623124424818, 0.778060493308923, 0.6225429260455968, 0.6670565073617356, 0.7506066012854338, 0.697251805463625, 0.6808494251188164], [0.7525794578408668, 0.8246361304096279, 1.0, 0.8426651857154628, 0.7844573140375184, 0.7976521288664606, 0.7426244778146147, 0.7290593355293045, 0.6814155444527822, 0.6992066032371761, 0.6951487805250661, 0.6874985498430985, 0.686751651659033, 0.6610829716109412, 0.7004220282551241, 0.6101503884854564, 0.6342382327590373, 0.6912712205931291, 0.6519433390377433, 0.6514321319239202], [0.7797072938703099, 0.8304419621645244, 0.8426651857154628, 1.0, 0.8815542927632241, 0.8421465078777602, 0.7678349324346845, 0.7474420588067602, 0.7582751573172537, 0.7364997196874438, 0.738430268737342, 0.7175622751422965, 0.7567448163200974, 0.7350125641980458, 0.7408610966071991, 0.6484472165211993, 0.6675432924731872, 0.7176200082871808, 0.7217033568522812, 0.6767680354196721], [0.7392617508431495, 0.8256749358742388, 0.7844573140375184, 0.8815542927632241, 1.0, 0.8833126307993681, 0.8256695937480836, 0.7820029480062393, 0.7723287967487215, 0.7685340689712934, 0.7595263516021504, 0.7550231976199416, 0.7731151581219076, 0.7261874687484904, 0.7687537339453974, 0.6628285493812455, 0.6756795127375134, 0.7512713562057735, 0.7248849057261229, 0.6783612999704652], [0.7501244539411506, 0.8005107880152795, 0.7976521288664606, 0.8421465078777602, 0.8833126307993681, 1.0, 0.7978410152949853, 0.7871417574485483, 0.767237593348735, 0.7437860550600207, 0.7333166681305963, 0.7218089553064323, 0.7632581403586617, 0.7029415969311746, 0.7548280530434506, 0.6480040717783512, 0.651022714337188, 0.7210975696049222, 0.7193461414676691, 0.6636573905557598], [0.6864866909389247, 0.8071565312108738, 0.7426244778146147, 0.7678349324346845, 0.8256695937480836, 0.7978410152949853, 1.0, 0.8373880079955839, 0.828557006036749, 0.837402159681745, 0.7969117998205525, 0.7962868607480016, 0.764983933852242, 0.7625490587060724, 0.7974294392594885, 0.6398859128723248, 0.6758841798016415, 0.7798704513411631, 0.6965546679862367, 0.6810018663873827], [0.671161425093729, 0.7978331190164919, 0.7290593355293045, 0.7474420588067602, 0.7820029480062393, 0.7871417574485483, 0.8373880079955839, 1.0, 0.7762266452748574, 0.7550106132614864, 0.7647931399236254, 0.7343824863768087, 0.7487662643783016, 0.7062318328074799, 0.7609941808987798, 0.5898542341746632, 0.6360294601462736, 0.7508065964614531, 0.6868603537351267, 0.7060453582552033], [0.6953848439007588, 0.7669960513989933, 0.6814155444527822, 0.7582751573172537, 0.7723287967487215, 0.767237593348735, 0.828557006036749, 0.7762266452748574, 1.0, 0.8546953993646569, 0.7998692687897737, 0.7607180523568042, 0.7445338796755864, 0.7780416030980353, 0.7633530586242216, 0.6748967613047447, 0.6870283685935727, 0.7432102383875119, 0.7396738915173621, 0.7027552355025527], [0.6522521595664555, 0.7724831589251201, 0.6992066032371761, 0.7364997196874438, 0.7685340689712934, 0.7437860550600207, 0.837402159681745, 0.7550106132614864, 0.8546953993646569, 1.0, 0.8420717266226603, 0.8250938504919958, 0.7422563606153518, 0.7611933659019368, 0.7795316006468802, 0.6358485839642748, 0.6730381764231921, 0.7472563579640014, 0.6836486342373244, 0.6758669866483655], [0.6758167268540526, 0.7748420294215642, 0.6951487805250661, 0.738430268737342, 0.7595263516021504, 0.7333166681305963, 0.7969117998205525, 0.7647931399236254, 0.7998692687897737, 0.8420717266226603, 1.0, 0.8376009990540136, 0.7808453855614168, 0.744026006992088, 0.7762910143577286, 0.61844040649832, 0.6874870540435348, 0.7288541709824492, 0.6596787305540864, 0.67553152473723], [0.6232151876684456, 0.7538940814132219, 0.6874985498430985, 0.7175622751422965, 0.7550231976199416, 0.7218089553064323, 0.7962868607480016, 0.7343824863768087, 0.7607180523568042, 0.8250938504919958, 0.8376009990540136, 1.0, 0.7893722713126603, 0.7571414216346556, 0.7820820777552018, 0.6017342115743806, 0.6519668995677133, 0.7528560049734458, 0.6626274822440461, 0.6314380700728904], [0.6978461152022181, 0.747511029893642, 0.686751651659033, 0.7567448163200974, 0.7731151581219076, 0.7632581403586617, 0.764983933852242, 0.7487662643783016, 0.7445338796755864, 0.7422563606153518, 0.7808453855614168, 0.7893722713126603, 1.0, 0.822672989571684, 0.7396345268711337, 0.6340629643443628, 0.6736821084999444, 0.7231862930430983, 0.7233251348753642, 0.6469650904300924], [0.6835452645083131, 0.7223623124424818, 0.6610829716109412, 0.7350125641980458, 0.7261874687484904, 0.7029415969311746, 0.7625490587060724, 0.7062318328074799, 0.7780416030980353, 0.7611933659019368, 0.744026006992088, 0.7571414216346556, 0.822672989571684, 1.0, 0.7978300111377558, 0.7215727106769253, 0.6958749955283546, 0.7466443548669127, 0.7904855644292947, 0.686310741453745], [0.6597448437248935, 0.778060493308923, 0.7004220282551241, 0.7408610966071991, 0.7687537339453974, 0.7548280530434506, 0.7974294392594885, 0.7609941808987798, 0.7633530586242216, 0.7795316006468802, 0.7762910143577286, 0.7820820777552018, 0.7396345268711337, 0.7978300111377558, 1.0, 0.7233521707413234, 0.667226004736875, 0.7670398468338016, 0.7253909145294897, 0.6867478372039622], [0.6466995265753734, 0.6225429260455968, 0.6101503884854564, 0.6484472165211993, 0.6628285493812455, 0.6480040717783512, 0.6398859128723248, 0.5898542341746632, 0.6748967613047447, 0.6358485839642748, 0.61844040649832, 0.6017342115743806, 0.6340629643443628, 0.7215727106769253, 0.7233521707413234, 1.0, 0.7105429301380298, 0.6951361138123374, 0.7133154307521172, 0.6336857743349726], [0.6262824181779524, 0.6670565073617356, 0.6342382327590373, 0.6675432924731872, 0.6756795127375134, 0.651022714337188, 0.6758841798016415, 0.6360294601462736, 0.6870283685935727, 0.6730381764231921, 0.6874870540435348, 0.6519668995677133, 0.6736821084999444, 0.6958749955283546, 0.667226004736875, 0.7105429301380298, 1.0, 0.8046176401933101, 0.7362226689630958, 0.7194451130151579], [0.6620302992238984, 0.7506066012854338, 0.6912712205931291, 0.7176200082871808, 0.7512713562057735, 0.7210975696049222, 0.7798704513411631, 0.7508065964614531, 0.7432102383875119, 0.7472563579640014, 0.7288541709824492, 0.7528560049734458, 0.7231862930430983, 0.7466443548669127, 0.7670398468338016, 0.6951361138123374, 0.8046176401933101, 1.0, 0.8102583052145416, 0.7142958092243643], [0.6820892910977883, 0.697251805463625, 0.6519433390377433, 0.7217033568522812, 0.7248849057261229, 0.7193461414676691, 0.6965546679862367, 0.6868603537351267, 0.7396738915173621, 0.6836486342373244, 0.6596787305540864, 0.6626274822440461, 0.7233251348753642, 0.7904855644292947, 0.7253909145294897, 0.7133154307521172, 0.7362226689630958, 0.8102583052145416, 1.0, 0.7381931286137894], [0.5864728937110227, 0.6808494251188164, 0.6514321319239202, 0.6767680354196721, 0.6783612999704652, 0.6636573905557598, 0.6810018663873827, 0.7060453582552033, 0.7027552355025527, 0.6758669866483655, 0.67553152473723, 0.6314380700728904, 0.6469650904300924, 0.686310741453745, 0.6867478372039622, 0.6336857743349726, 0.7194451130151579, 0.7142958092243643, 0.7381931286137894, 1.0]], "1": [[1.0, 0.29660813685328574, 0.20632656427067445, 0.20288709880028769, 0.23786500525383325, 0.2154978709235734, 0.18464253189024699, 0.1868996150238207, 0.161701480994966, 0.1618109425519657, 0.22022633255475682, 0.1517668724473417, 0.1851520048617978, 0.20416398392481805, 0.17743306886345678, 0.19085464753139478, 0.1938398465467485, 0.1830801098851379, 0.15032443768538048, 0.12579211011380895], [0.29660813685328574, 1.0, 0.2634631105373493, 0.24983343352223364, 0.24252809371105208, 0.2304865650571736, 0.21065392285746437, 0.22741537190846473, 0.17520117648889158, 0.19029573638852632, 0.19873790380379122, 0.1746471438274893, 0.18811485150160961, 0.1673184865012149, 0.16621207909324692, 0.16241375071412362, 0.21442821812073248, 0.16315465795973888, 0.15149735084979427, 0.10894435991010742], [0.20632656427067445, 0.2634631105373493, 1.0, 0.22284752362318253, 0.2197288847301237, 0.18953164610146683, 0.18349113381985857, 0.1730837203114094, 0.17674665229810294, 0.17716321573267754, 0.20863596729941042, 0.15129455018662255, 0.17630125572771177, 0.17132243038365663, 0.17182388732297788, 0.1651583860200829, 0.1961294134990591, 0.14484487568158302, 0.15053739316086345, 0.10395121265462902], [0.20288709880028769, 0.24983343352223364, 0.22284752362318253, 1.0, 0.24563617373966137, 0.2020566247009017, 0.20511896829437654, 0.21353890509080448, 0.1843388920521749, 0.1893568348640385, 0.21100305111607304, 0.17077632841258678, 0.19658263799696882, 0.1958620521276242, 0.18372058351207365, 0.14613345234937025, 0.19931080073164628, 0.1670956412142142, 0.14813014248627157, 0.10333001959858389], [0.23786500525383325, 0.24252809371105208, 0.2197288847301237, 0.24563617373966137, 1.0, 0.2193622669414547, 0.20544789420954443, 0.21304756661410826, 0.17344848617454015, 0.17716749604671017, 0.19380559041695253, 0.17054756794986553, 0.1970164442960598, 0.2692176390657734, 0.17285912281128635, 0.15685422947320782, 0.2092872165069594, 0.1511741909418623, 0.14696962287940754, 0.10796604322574575], [0.2154978709235734, 0.2304865650571736, 0.18953164610146683, 0.2020566247009017, 0.2193622669414547, 1.0, 0.21454090480180543, 0.17915260025572483, 0.17578226243467432, 0.156282915064818, 0.1948392286656609, 0.16980006243711745, 0.1716834880357298, 0.20212171411983668, 0.16772371872787203, 0.136367078937606, 0.19725580564106185, 0.1273339531970212, 0.134404520465532, 0.10970333163642565], [0.18464253189024699, 0.21065392285746437, 0.18349113381985857, 0.20511896829437654, 0.20544789420954443, 0.21454090480180543, 1.0, 0.19075860330741148, 0.18027538547749777, 0.15307238106435367, 0.1755950914480146, 0.16102373306328052, 0.1667218113441085, 0.12882881256275713, 0.20111946487622379, 0.11326746166710333, 0.16293946506885848, 0.11521129481092716, 0.11356728844289296, 0.0839879789389683], [0.1868996150238207, 0.22741537190846473, 0.1730837203114094, 0.21353890509080448, 0.21304756661410826, 0.17915260025572483, 0.19075860330741148, 1.0, 0.20208045478204498, 0.1528346879212632, 0.17145708290323192, 0.17801468121189984, 0.16947117690862534, 0.15887207285091468, 0.14988441973062214, 0.11362256947609406, 0.1633977073398693, 0.14264201725807138, 0.11606298652687067, 0.09803690891860128], [0.161701480994966, 0.17520117648889158, 0.17674665229810294, 0.1843388920521749, 0.17344848617454015, 0.17578226243467432, 0.18027538547749777, 0.20208045478204498, 1.0, 0.13227129189689266, 0.17226360192247575, 0.13891497266396724, 0.1489812326713404, 0.12006348154425638, 0.16551810137704315, 0.1169631505020463, 0.1579711925522615, 0.12219736318663299, 0.11172013845610332, 0.09305733438821623], [0.1618109425519657, 0.19029573638852632, 0.17716321573267754, 0.1893568348640385, 0.17716749604671017, 0.156282915064818, 0.15307238106435367, 0.1528346879212632, 0.13227129189689266, 1.0, 0.19904508013455438, 0.1523474597366117, 0.1524251264629773, 0.14098232668285052, 0.17183427181031652, 0.11895324584560067, 0.16223705004118597, 0.17879643207804366, 0.11210247181799049, 0.08020994038186098], [0.22022633255475682, 0.19873790380379122, 0.20863596729941042, 0.21100305111607304, 0.19380559041695253, 0.1948392286656609, 0.1755950914480146, 0.17145708290323192, 0.17226360192247575, 0.19904508013455438, 1.0, 0.17430887307936055, 0.16590849074491565, 0.15291368459056104, 0.1654993807977086, 0.14477736747550538, 0.17895064440175415, 0.13844565044173857, 0.13234127182335936, 0.10010862070645675], [0.1517668724473417, 0.1746471438274893, 0.15129455018662255, 0.17077632841258678, 0.17054756794986553, 0.16980006243711745, 0.16102373306328052, 0.17801468121189984, 0.13891497266396724, 0.1523474597366117, 0.17430887307936055, 1.0, 0.15810988439712748, 0.14060536577940175, 0.13987809327719916, 0.12477097715355157, 0.16020430323428841, 0.12080915175414444, 0.09886036290181029, 0.06774331684515661], [0.1851520048617978, 0.18811485150160961, 0.17630125572771177, 0.19658263799696882, 0.1970164442960598, 0.1716834880357298, 0.1667218113441085, 0.16947117690862534, 0.1489812326713404, 0.1524251264629773, 0.16590849074491565, 0.15810988439712748, 1.0, 0.1640544223574314, 0.1424956870650858, 0.12878842241427274, 0.18318344228585612, 0.15082919866514408, 0.11153633453927386, 0.10492403840662716], [0.20416398392481805, 0.1673184865012149, 0.17132243038365663, 0.1958620521276242, 0.2692176390657734, 0.20212171411983668, 0.12882881256275713, 0.15887207285091468, 0.12006348154425638, 0.14098232668285052, 0.15291368459056104, 0.14060536577940175, 0.1640544223574314, 1.0, 0.1573688423952429, 0.20016314819364733, 0.15163081109534154, 0.17691348303555945, 0.12098680747873891, 0.088430272867396], [0.17743306886345678, 0.16621207909324692, 0.17182388732297788, 0.18372058351207365, 0.17285912281128635, 0.16772371872787203, 0.20111946487622379, 0.14988441973062214, 0.16551810137704315, 0.17183427181031652, 0.1654993807977086, 0.13987809327719916, 0.1424956870650858, 0.1573688423952429, 1.0, 0.14205493960049934, 0.17184041719618456, 0.12136797921854685, 0.1446125519759859, 0.09388077742401302], [0.19085464753139478, 0.16241375071412362, 0.1651583860200829, 0.14613345234937025, 0.15685422947320782, 0.136367078937606, 0.11326746166710333, 0.11362256947609406, 0.1169631505020463, 0.11895324584560067, 0.14477736747550538, 0.12477097715355157, 0.12878842241427274, 0.20016314819364733, 0.14205493960049934, 1.0, 0.12485756718436324, 0.14891172926477306, 0.12855202863086387, 0.10481745077348471], [0.1938398465467485, 0.21442821812073248, 0.1961294134990591, 0.19931080073164628, 0.2092872165069594, 0.19725580564106185, 0.16293946506885848, 0.1633977073398693, 0.1579711925522615, 0.16223705004118597, 0.17895064440175415, 0.16020430323428841, 0.18318344228585612, 0.15163081109534154, 0.17184041719618456, 0.12485756718436324, 1.0, 0.16983927499228438, 0.16124226604243022, 0.10538318615106605], [0.1830801098851379, 0.16315465795973888, 0.14484487568158302, 0.1670956412142142, 0.1511741909418623, 0.1273339531970212, 0.11521129481092716, 0.14264201725807138, 0.12219736318663299, 0.17879643207804366, 0.13844565044173857, 0.12080915175414444, 0.15082919866514408, 0.17691348303555945, 0.12136797921854685, 0.14891172926477306, 0.16983927499228438, 1.0, 0.15592587463551358, 0.07429286624471006], [0.15032443768538048, 0.15149735084979427, 0.15053739316086345, 0.14813014248627157, 0.14696962287940754, 0.134404520465532, 0.11356728844289296, 0.11606298652687067, 0.11172013845610332, 0.11210247181799049, 0.13234127182335936, 0.09886036290181029, 0.11153633453927386, 0.12098680747873891, 0.1446125519759859, 0.12855202863086387, 0.16124226604243022, 0.15592587463551358, 1.0, 0.07852293300557284], [0.12579211011380895, 0.10894435991010742, 0.10395121265462902, 0.10333001959858389, 0.10796604322574575, 0.10970333163642565, 0.0839879789389683, 0.09803690891860128, 0.09305733438821623, 0.08020994038186098, 0.10010862070645675, 0.06774331684515661, 0.10492403840662716, 0.088430272867396, 0.09388077742401302, 0.10481745077348471, 0.10538318615106605, 0.07429286624471006, 0.07852293300557284, 1.0]], "2": [[1.0, 0.20963881538259585, 0.12029462448904932, 0.20942286013168143, 0.2713518052633666, 0.24141369726986514, 0.1793609889096394, 0.13825121270397944, 0.2193896334593547, 0.10716756438435214, 0.16427097917503708, 0.09848556836087763, 0.27270790405549106, 0.3525214370709095, 0.1510419497570987, 0.13503896999539938, 0.12155957395213718, 0.16566894359208967, 0.18511839993789586, 0.16954341053750557], [0.20963881538259585, 1.0, 0.16659667804976522, 0.10557565696234215, 0.22265036019928464, 0.11705412391664012, 0.20502904050656948, 0.23177161745281802, 0.19710440461585424, 0.19083178164023246, 0.1998458974641478, 0.23225734946754184, 0.15363296358839934, 0.15556185098034356, 0.1917757290789444, 0.13610919297017682, 0.20195199023415236, 0.1547031597970796, 0.1504079630497601, 0.2461518166166391], [0.12029462448904932, 0.16659667804976522, 1.0, 0.1209240325796246, 0.16787182654282043, 0.1690608398889296, 0.14108852424428406, 0.09866961723737928, 0.1749975371285816, 0.11319320930817102, 0.12996307494805306, 0.11372223207356583, 0.1295704038704139, 0.1177262580206172, 0.16774155853233016, 0.13640326467119213, 0.10095305533706557, 0.10234524859028153, 0.11526304386831919, 0.18953164039986523], [0.20942286013168143, 0.10557565696234215, 0.1209240325796246, 1.0, 0.30868954651001573, 0.17433215646907155, 0.10998667273151463, 0.17243567872360147, 0.22599908024934115, 0.10742574329019582, 0.13439267434674734, 0.1326542288856656, 0.15639397233983787, 0.16374747470446854, 0.13731363854415543, 0.08337161961967048, 0.21508798614133423, 0.1355681405745743, 0.16390565280358388, 0.1394235895772655], [0.2713518052633666, 0.22265036019928464, 0.16787182654282043, 0.30868954651001573, 1.0, 0.2012447139493376, 0.1698253149624856, 0.20150487896303085, 0.20473589748334323, 0.1905319351417722, 0.16092577913945633, 0.17516919884873408, 0.26695953095380226, 0.2266637209636639, 0.2276039224727909, 0.11595597052580371, 0.19485809374737495, 0.13160173992094068, 0.18228634009809447, 0.21091653634142077], [0.24141369726986514, 0.11705412391664012, 0.1690608398889296, 0.17433215646907155, 0.2012447139493376, 1.0, 0.1715886187115888, 0.10655082937324244, 0.1858789050578557, 0.10807291682546076, 0.16000587026227003, 0.11138405123182891, 0.19260827953557494, 0.23613233111238166, 0.13134661891603266, 0.13457016291190552, 0.09267075757413279, 0.12353670224099471, 0.14486372916726073, 0.13527569062261777], [0.1793609889096394, 0.20502904050656948, 0.14108852424428406, 0.10998667273151463, 0.1698253149624856, 0.1715886187115888, 1.0, 0.16407749180825845, 0.19602806993650032, 0.3117496819942939, 0.2188827031221711, 0.18341824949839503, 0.1590759010250729, 0.1695426115467317, 0.2530409689615043, 0.19024859678704006, 0.15498332403338827, 0.19206218405868306, 0.12082811396507563, 0.1306527943466081], [0.13825121270397944, 0.23177161745281802, 0.09866961723737928, 0.17243567872360147, 0.20150487896303085, 0.10655082937324244, 0.16407749180825845, 1.0, 0.14930251821092935, 0.171660228234, 0.13133950233396124, 0.1866805577157619, 0.11298619826323814, 0.18280455726107367, 0.14839204453103413, 0.12937824387517657, 0.19411187663528415, 0.2214337825831966, 0.1424428322483629, 0.17248399181269963], [0.2193896334593547, 0.19710440461585424, 0.1749975371285816, 0.22599908024934115, 0.20473589748334323, 0.1858789050578557, 0.19602806993650032, 0.14930251821092935, 1.0, 0.16533172915456337, 0.2756300644459323, 0.1681313520545062, 0.1621081729562716, 0.23302414435244587, 0.16974714055032056, 0.2714601143728986, 0.17315121034192849, 0.11904097031666347, 0.22209094695999734, 0.2926594978856231], [0.10716756438435214, 0.19083178164023246, 0.11319320930817102, 0.10742574329019582, 0.1905319351417722, 0.10807291682546076, 0.3117496819942939, 0.171660228234, 0.16533172915456337, 1.0, 0.24919985935934927, 0.24201571645750747, 0.14364056154723354, 0.15170758178200633, 0.23908874762517723, 0.2707057104943192, 0.19778202675623147, 0.15369976958841827, 0.18598625708165634, 0.11949227152359035], [0.16427097917503708, 0.1998458974641478, 0.12996307494805306, 0.13439267434674734, 0.16092577913945633, 0.16000587026227003, 0.2188827031221711, 0.13133950233396124, 0.2756300644459323, 0.24919985935934927, 1.0, 0.2334541750253801, 0.1288456421452067, 0.13932073115235372, 0.17039352364992794, 0.2352316511573989, 0.15783925998306747, 0.16010000454848278, 0.157669054850161, 0.22174728904840565], [0.09848556836087763, 0.23225734946754184, 0.11372223207356583, 0.1326542288856656, 0.17516919884873408, 0.11138405123182891, 0.18341824949839503, 0.1866805577157619, 0.1681313520545062, 0.24201571645750747, 0.2334541750253801, 1.0, 0.10192097975324745, 0.14262654323688378, 0.18420469060078873, 0.2102562397383333, 0.1688567442745168, 0.16372949014888596, 0.21151378946155838, 0.16733074865371497], [0.27270790405549106, 0.15363296358839934, 0.1295704038704139, 0.15639397233983787, 0.26695953095380226, 0.19260827953557494, 0.1590759010250729, 0.11298619826323814, 0.1621081729562716, 0.14364056154723354, 0.1288456421452067, 0.10192097975324745, 1.0, 0.37600181258807064, 0.20581239279191785, 0.1208100565717557, 0.14214570426474163, 0.11836145039673852, 0.1697926953740061, 0.1268316156817425], [0.3525214370709095, 0.15556185098034356, 0.1177262580206172, 0.16374747470446854, 0.2266637209636639, 0.23613233111238166, 0.1695426115467317, 0.18280455726107367, 0.23302414435244587, 0.15170758178200633, 0.13932073115235372, 0.14262654323688378, 0.37600181258807064, 1.0, 0.20160607674968442, 0.19761380781337803, 0.11446076652918383, 0.20676142127721264, 0.21138988986169163, 0.1983313183525624], [0.1510419497570987, 0.1917757290789444, 0.16774155853233016, 0.13731363854415543, 0.2276039224727909, 0.13134661891603266, 0.2530409689615043, 0.14839204453103413, 0.16974714055032056, 0.23908874762517723, 0.17039352364992794, 0.18420469060078873, 0.20581239279191785, 0.20160607674968442, 1.0, 0.1683646456103584, 0.18974150063430684, 0.14358426688141593, 0.1708717203911223, 0.1659960722656098], [0.13503896999539938, 0.13610919297017682, 0.13640326467119213, 0.08337161961967048, 0.11595597052580371, 0.13457016291190552, 0.19024859678704006, 0.12937824387517657, 0.2714601143728986, 0.2707057104943192, 0.2352316511573989, 0.2102562397383333, 0.1208100565717557, 0.19761380781337803, 0.1683646456103584, 1.0, 0.1599144120023901, 0.13136257409361848, 0.26026801976406994, 0.2319405894774676], [0.12155957395213718, 0.20195199023415236, 0.10095305533706557, 0.21508798614133423, 0.19485809374737495, 0.09267075757413279, 0.15498332403338827, 0.19411187663528415, 0.17315121034192849, 0.19778202675623147, 0.15783925998306747, 0.1688567442745168, 0.14214570426474163, 0.11446076652918383, 0.18974150063430684, 0.1599144120023901, 1.0, 0.11897489438240155, 0.23832901957166833, 0.2624331408225518], [0.16566894359208967, 0.1547031597970796, 0.10234524859028153, 0.1355681405745743, 0.13160173992094068, 0.12353670224099471, 0.19206218405868306, 0.2214337825831966, 0.11904097031666347, 0.15369976958841827, 0.16010000454848278, 0.16372949014888596, 0.11836145039673852, 0.20676142127721264, 0.14358426688141593, 0.13136257409361848, 0.11897489438240155, 1.0, 0.13781495904473692, 0.1486912484929507], [0.18511839993789586, 0.1504079630497601, 0.11526304386831919, 0.16390565280358388, 0.18228634009809447, 0.14486372916726073, 0.12082811396507563, 0.1424428322483629, 0.22209094695999734, 0.18598625708165634, 0.157669054850161, 0.21151378946155838, 0.1697926953740061, 0.21138988986169163, 0.1708717203911223, 0.26026801976406994, 0.23832901957166833, 0.13781495904473692, 1.0, 0.1887407525344453], [0.16954341053750557, 0.2461518166166391, 0.18953164039986523, 0.1394235895772655, 0.21091653634142077, 0.13527569062261777, 0.1306527943466081, 0.17248399181269963, 0.2926594978856231, 0.11949227152359035, 0.22174728904840565, 0.16733074865371497, 0.1268316156817425, 0.1983313183525624, 0.1659960722656098, 0.2319405894774676, 0.2624331408225518, 0.1486912484929507, 0.1887407525344453, 1.0]]}, "per_layer_inter": {"0": 0.7290131760780671, "1": 0.1634274109954902, "2": 0.1745872127730103}, "O_inter": 0.3556759332821892, "O_intra": 1.0, "Obar": 0.3556759332821892, "inner": -0.6443240667178107}, "phase_stability": "N/A - no oscillator state"}}