{"rung": "R5:no_proj", "scenario": "class", "nexp": 10, "epochs": 50, "seed": 0, "metrics": {"Top1_Acc_Exp/eval_phase/test_stream/Task000/Exp000": 0.0, "Top1_Acc_Exp/eval_phase/test_stream/Task000/Exp001": 0.0, "Top1_Acc_Exp/eval_phase/test_stream/Task000/Exp002": 0.0, "Top1_Acc_Exp/eval_phase/test_stream/Task000/Exp003": 0.0, "Top1_Acc_Exp/eval_phase/test_stream/Task000/Exp004": 0.0, "Top1_Acc_Exp/eval_phase/test_stream/Task000/Exp005": 0.0, "Top1_Acc_Exp/eval_phase/test_stream/Task000/Exp006": 0.0, "Top1_Acc_Exp/eval_phase/test_stream/Task000/Exp007": 0.0, "Top1_Acc_Exp/eval_phase/test_stream/Task000/Exp008": 0.0, "Top1_Acc_Exp/eval_phase/test_stream/Task000/Exp009": 0.812, "Top1_Acc_Stream/eval_phase/test_stream/Task000": 0.0812, "StreamForgetting/eval_phase/test_stream": 0.7845555555555556, "StreamBWT/eval_phase/test_stream": -0.7845555555555556, "ExperienceForgetting/eval_phase/test_stream/Task000/Exp000": 0.738, "ExperienceBWT/eval_phase/test_stream/Task000/Exp000": -0.738, "ExperienceForgetting/eval_phase/test_stream/Task000/Exp001": 0.778, "ExperienceBWT/eval_phase/test_stream/Task000/Exp001": -0.778, "ExperienceForgetting/eval_phase/test_stream/Task000/Exp002": 0.758, "ExperienceBWT/eval_phase/test_stream/Task000/Exp002": -0.758, "ExperienceForgetting/eval_phase/test_stream/Task000/Exp003": 0.723, "ExperienceBWT/eval_phase/test_stream/Task000/Exp003": -0.723, "ExperienceForgetting/eval_phase/test_stream/Task000/Exp004": 0.826, "ExperienceBWT/eval_phase/test_stream/Task000/Exp004": -0.826, "ExperienceForgetting/eval_phase/test_stream/Task000/Exp005": 0.784, "ExperienceBWT/eval_phase/test_stream/Task000/Exp005": -0.784, "ExperienceForgetting/eval_phase/test_stream/Task000/Exp006": 0.813, "ExperienceBWT/eval_phase/test_stream/Task000/Exp006": -0.813, "ExperienceForgetting/eval_phase/test_stream/Task000/Exp007": 0.777, "ExperienceBWT/eval_phase/test_stream/Task000/Exp007": -0.777, "ExperienceForgetting/eval_phase/test_stream/Task000/Exp008": 0.864, "ExperienceBWT/eval_phase/test_stream/Task000/Exp008": -0.864}, "learning_acc": [0.738, 0.778, 0.758, 0.723, 0.826, 0.784, 0.813, 0.777, 0.864, 0.812], "acc_matrix": [[0.738, 0.0, 0.0, 0.0, 0.0, 0.0, 0.0, 0.0, 0.0, 0.0], [0.0, 0.778, 0.0, 0.0, 0.0, 0.0, 0.0, 0.0, 0.0, 0.0], [0.0, 0.0, 0.758, 0.0, 0.0, 0.0, 0.0, 0.0, 0.0, 0.0], [0.0, 0.0, 0.0, 0.723, 0.0, 0.0, 0.0, 0.0, 0.0, 0.0], [0.0, 0.0, 0.0, 0.0, 0.826, 0.0, 0.0, 0.0, 0.0, 0.0], [0.0, 0.0, 0.0, 0.0, 0.0, 0.784, 0.0, 0.0, 0.0, 0.0], [0.0, 0.0, 0.0, 0.0, 0.0, 0.0, 0.813, 0.0, 0.0, 0.0], [0.0, 0.0, 0.0, 0.0, 0.0, 0.0, 0.0, 0.777, 0.0, 0.0], [0.0, 0.0, 0.0, 0.0, 0.0, 0.0, 0.0, 0.0, 0.864, 0.0], [0.0, 0.0, 0.0, 0.0, 0.0, 0.0, 0.0, 0.0, 0.0, 0.812]], "avg_forgetting": 78.45555555555555, "bwt": -78.45555555555555, "selfcheck_ok": true, "h3": {"overlap_summary": {"matrices": {"0": [[1.0, 0.8520283689550635, 0.7922016995197869, 0.8138600688010822, 0.7631543463895637, 0.7699949186551397, 0.7782676361216427, 0.7842480268255747, 0.7722764287192938, 0.7359470087077518], [0.8520283689550635, 1.0, 0.8652591344719732, 0.848664279529028, 0.808931100255713, 0.8159425641186775, 0.8066981198768001, 0.8131532326155377, 0.8091617246268905, 0.7739904526785315], [0.7922016995197869, 0.8652591344719732, 1.0, 0.8804641312608054, 0.8728044586613453, 0.8686201468267357, 0.8649051521045918, 0.8531078754074556, 0.8435624186580102, 0.8324602346176122], [0.8138600688010822, 0.848664279529028, 0.8804641312608054, 1.0, 0.8808060728067183, 0.8675679068062426, 0.8608279817253118, 0.8609312716590798, 0.8446137209346708, 0.8338354649228575], [0.7631543463895637, 0.808931100255713, 0.8728044586613453, 0.8808060728067183, 1.0, 0.9215940262978749, 0.8905697356252437, 0.8987084757895873, 0.8799244147005255, 0.850243176743552], [0.7699949186551397, 0.8159425641186775, 0.8686201468267357, 0.8675679068062426, 0.9215940262978749, 1.0, 0.9145997114798423, 0.8982057403015995, 0.8839418384491741, 0.8600469505337234], [0.7782676361216427, 0.8066981198768001, 0.8649051521045918, 0.8608279817253118, 0.8905697356252437, 0.9145997114798423, 1.0, 0.9294691454015053, 0.8993012956727554, 0.8757127590450302], [0.7842480268255747, 0.8131532326155377, 0.8531078754074556, 0.8609312716590798, 0.8987084757895873, 0.8982057403015995, 0.9294691454015053, 1.0, 0.9228340058421922, 0.8829210337551957], [0.7722764287192938, 0.8091617246268905, 0.8435624186580102, 0.8446137209346708, 0.8799244147005255, 0.8839418384491741, 0.8993012956727554, 0.9228340058421922, 1.0, 0.9021084251092114], [0.7359470087077518, 0.7739904526785315, 0.8324602346176122, 0.8338354649228575, 0.850243176743552, 0.8600469505337234, 0.8757127590450302, 0.8829210337551957, 0.9021084251092114, 1.0]], "1": [[1.0, 0.313868880987083, 0.2795248522291832, 0.25934272565079725, 0.23532109381205046, 0.23958902902832604, 0.2916344564166991, 0.25829780263091534, 0.23661890098450086, 0.232477195948938], [0.313868880987083, 1.0, 0.3668482375242407, 0.30199351635898825, 0.3058679445892863, 0.2784335187632043, 0.297104966777851, 0.2989142400471036, 0.2591087742816011, 0.26200701273587645], [0.2795248522291832, 0.3668482375242407, 1.0, 0.3578855876903488, 0.3280377177944253, 0.30157653909735554, 0.30736449510915603, 0.29795747464149025, 0.25732622155294793, 0.2975131044783211], [0.25934272565079725, 0.30199351635898825, 0.3578855876903488, 1.0, 0.4608523388302309, 0.3734711683775248, 0.31359688453659995, 0.30342503140834737, 0.28599994313905175, 0.27504256024616713], [0.23532109381205046, 0.3058679445892863, 0.3280377177944253, 0.4608523388302309, 1.0, 0.3584048789217148, 0.32363808865841465, 0.3456247137360603, 0.2854144954366814, 0.2711839103509419], [0.23958902902832604, 0.2784335187632043, 0.30157653909735554, 0.3734711683775248, 0.3584048789217148, 1.0, 0.37980666697822474, 0.2874033862275244, 0.2781569293702148, 0.2763036274566655], [0.2916344564166991, 0.297104966777851, 0.30736449510915603, 0.31359688453659995, 0.32363808865841465, 0.37980666697822474, 1.0, 0.3541545115130243, 0.30201440532616536, 0.31108060203492693], [0.25829780263091534, 0.2989142400471036, 0.29795747464149025, 0.30342503140834737, 0.3456247137360603, 0.2874033862275244, 0.3541545115130243, 1.0, 0.32961789866487273, 0.28536110439415396], [0.23661890098450086, 0.2591087742816011, 0.25732622155294793, 0.28599994313905175, 0.2854144954366814, 0.2781569293702148, 0.30201440532616536, 0.32961789866487273, 1.0, 0.32661839869666776], [0.232477195948938, 0.26200701273587645, 0.2975131044783211, 0.27504256024616713, 0.2711839103509419, 0.2763036274566655, 0.31108060203492693, 0.28536110439415396, 0.32661839869666776, 1.0]], "2": [[1.0, 0.2953551712756799, 0.31641123851983266, 0.2678689045599249, 0.23552502274491843, 0.3371958621971388, 0.2347644752416621, 0.2401357366663143, 0.2535811963707052, 0.22231597257101468], [0.2953551712756799, 1.0, 0.3133969509523756, 0.21411862194810552, 0.2683975540325887, 0.247151586091253, 0.27936364261329805, 0.30311848565779076, 0.2502316945111983, 0.2686167344547533], [0.31641123851983266, 0.3133969509523756, 1.0, 0.19146568717693235, 0.27115098577549396, 0.3314514768028621, 0.32078805776345687, 0.32687222548585165, 0.27941221188809845, 0.3031905260897228], [0.2678689045599249, 0.21411862194810552, 0.19146568717693235, 1.0, 0.2626592352354952, 0.27520586479262693, 0.24850851355946013, 0.21152273110555936, 0.2204466391324133, 0.24083975583966208], [0.23552502274491843, 0.2683975540325887, 0.27115098577549396, 0.2626592352354952, 1.0, 0.323533263106243, 0.30063818850003354, 0.34391870303117694, 0.24239865234900243, 0.2218947084065239], [0.3371958621971388, 0.247151586091253, 0.3314514768028621, 0.27520586479262693, 0.323533263106243, 1.0, 0.3768081621520836, 0.33542403957115086, 0.2750061805441035, 0.2586701666454559], [0.2347644752416621, 0.27936364261329805, 0.32078805776345687, 0.24850851355946013, 0.30063818850003354, 0.3768081621520836, 1.0, 0.346745482013955, 0.28130758785892723, 0.28124247140567266], [0.2401357366663143, 0.30311848565779076, 0.32687222548585165, 0.21152273110555936, 0.34391870303117694, 0.33542403957115086, 0.346745482013955, 1.0, 0.28025744692420845, 0.28955167379408736], [0.2535811963707052, 0.2502316945111983, 0.27941221188809845, 0.2204466391324133, 0.24239865234900243, 0.2750061805441035, 0.28130758785892723, 0.28025744692420845, 1.0, 0.2867138631404799], [0.22231597257101468, 0.2686167344547533, 0.3031905260897228, 0.24083975583966208, 0.2218947084065239, 0.2586701666454559, 0.28124247140567266, 0.28955167379408736, 0.2867138631404799, 1.0]]}, "per_layer_inter": {"0": 0.8484103707112555, "1": 0.3020396851874415, "2": 0.2772260744555399}, "O_inter": 0.4758920434514123, "O_intra": 1.0, "Obar": 0.4758920434514123, "inner": -0.5241079565485878}, "phase_stability": "N/A - no oscillator state"}}