{"rung": "R5:no_proj", "scenario": "class", "nexp": 10, "epochs": 50, "seed": 9, "metrics": {"Top1_Acc_Exp/eval_phase/test_stream/Task000/Exp000": 0.0, "Top1_Acc_Exp/eval_phase/test_stream/Task000/Exp001": 0.0, "Top1_Acc_Exp/eval_phase/test_stream/Task000/Exp002": 0.0, "Top1_Acc_Exp/eval_phase/test_stream/Task000/Exp003": 0.0, "Top1_Acc_Exp/eval_phase/test_stream/Task000/Exp004": 0.0, "Top1_Acc_Exp/eval_phase/test_stream/Task000/Exp005": 0.0, "Top1_Acc_Exp/eval_phase/test_stream/Task000/Exp006": 0.0, "Top1_Acc_Exp/eval_phase/test_stream/Task000/Exp007": 0.0, "Top1_Acc_Exp/eval_phase/test_stream/Task000/Exp008": 0.0, "Top1_Acc_Exp/eval_phase/test_stream/Task000/Exp009": 0.759, "Top1_Acc_Stream/eval_phase/test_stream/Task000": 0.0759, "StreamForgetting/eval_phase/test_stream": 0.7984444444444445, "StreamBWT/eval_phase/test_stream": -0.7984444444444445, "ExperienceForgetting/eval_phase/test_stream/Task000/Exp000": 0.728, "ExperienceBWT/eval_phase/test_stream/Task000/Exp000": -0.728, "ExperienceForgetting/eval_phase/test_stream/Task000/Exp001": 0.796, "ExperienceBWT/eval_phase/test_stream/Task000/Exp001": -0.796, "ExperienceForgetting/eval_phase/test_stream/Task000/Exp002": 0.801, "ExperienceBWT/eval_phase/test_stream/Task000/Exp002": -0.801, "ExperienceForgetting/eval_phase/test_stream/Task000/Exp003": 0.744, "ExperienceBWT/eval_phase/test_stream/Task000/Exp003": -0.744, "ExperienceForgetting/eval_phase/test_stream/Task000/Exp004": 0.849, "ExperienceBWT/eval_phase/test_stream/Task000/Exp004": -0.849, "ExperienceForgetting/eval_phase/test_stream/Task000/Exp005": 0.78, "ExperienceBWT/eval_phase/test_stream/Task000/Exp005": -0.78, "ExperienceForgetting/eval_phase/test_stream/Task000/Exp006": 0.841, "ExperienceBWT/eval_phase/test_stream/Task000/Exp006": -0.841, "ExperienceForgetting/eval_phase/test_stream/Task000/Exp007": 0.791, "ExperienceBWT/eval_phase/test_stream/Task000/Exp007": -0.791, "ExperienceForgetting/eval_phase/test_stream/Task000/Exp008": 0.856, "ExperienceBWT/eval_phase/test_stream/Task000/Exp008": -0.856}, "learning_acc": [0.728, 0.796, 0.801, 0.744, 0.849, 0.78, 0.841, 0.791, 0.856, 0.759], "acc_matrix": [[0.728, 0.0, 0.0, 0.0, 0.0, 0.0, 0.0, 0.0, 0.0, 0.0], [0.0, 0.796, 0.0, 0.0, 0.0, 0.0, 0.0, 0.0, 0.0, 0.0], [0.0, 0.0, 0.801, 0.0, 0.0, 0.0, 0.0, 0.0, 0.0, 0.0], [0.0, 0.0, 0.0, 0.744, 0.0, 0.0, 0.0, 0.0, 0.0, 0.0], [0.0, 0.0, 0.0, 0.0, 0.849, 0.0, 0.0, 0.0, 0.0, 0.0], [0.0, 0.0, 0.0, 0.0, 0.0, 0.78, 0.0, 0.0, 0.0, 0.0], [0.0, 0.0, 0.0, 0.0, 0.0, 0.0, 0.841, 0.0, 0.0, 0.0], [0.0, 0.0, 0.0, 0.0, 0.0, 0.0, 0.0, 0.791, 0.0, 0.0], [0.0, 0.0, 0.0, 0.0, 0.0, 0.0, 0.0, 0.0, 0.856, 0.0], [0.0, 0.0, 0.0, 0.0, 0.0, 0.0, 0.0, 0.0, 0.0, 0.759]], "avg_forgetting": 79.84444444444443, "bwt": -79.84444444444443, "selfcheck_ok": true, "h3": {"overlap_summary": {"matrices": {"0": [[1.0, 0.796809918749687, 0.7462276165219319, 0.692531729077582, 0.7058292180345372, 0.7328429614282946, 0.6754778023663661, 0.6820653073330992, 0.6876890324308143, 0.6783709960752483], [0.796809918749687, 1.0, 0.9010877981269186, 0.8373291730588861, 0.842469760042219, 0.832029969065226, 0.8193597631257042, 0.8104784084216909, 0.8060753734980266, 0.8163564515427472], [0.7462276165219319, 0.9010877981269186, 1.0, 0.8986389172353956, 0.8817552202443226, 0.8589586153803362, 0.8490469709855917, 0.8249923711445615, 0.8314159551541536, 0.8449461012262], [0.692531729077582, 0.8373291730588861, 0.8986389172353956, 1.0, 0.9046278751267557, 0.8743228557218808, 0.870423818292311, 0.8433788384228912, 0.8436819554825675, 0.8682587498003759], [0.7058292180345372, 0.842469760042219, 0.8817552202443226, 0.9046278751267557, 1.0, 0.9061454702002929, 0.8964559417912449, 0.8712823547701704, 0.8585694489787578, 0.8666126285656576], [0.7328429614282946, 0.832029969065226, 0.8589586153803362, 0.8743228557218808, 0.9061454702002929, 1.0, 0.9160513223502356, 0.8946543347032958, 0.8878805534024291, 0.8910331457967465], [0.6754778023663661, 0.8193597631257042, 0.8490469709855917, 0.870423818292311, 0.8964559417912449, 0.9160513223502356, 1.0, 0.9171714887602834, 0.8854025244320666, 0.8847453486593173], [0.6820653073330992, 0.8104784084216909, 0.8249923711445615, 0.8433788384228912, 0.8712823547701704, 0.8946543347032958, 0.9171714887602834, 1.0, 0.921938624281856, 0.892254571574071], [0.6876890324308143, 0.8060753734980266, 0.8314159551541536, 0.8436819554825675, 0.8585694489787578, 0.8878805534024291, 0.8854025244320666, 0.921938624281856, 1.0, 0.9133208684376155], [0.6783709960752483, 0.8163564515427472, 0.8449461012262, 0.8682587498003759, 0.8666126285656576, 0.8910331457967465, 0.8847453486593173, 0.892254571574071, 0.9133208684376155, 1.0]], "1": [[1.0, 0.34697126994620126, 0.30134823467266664, 0.2914064379919172, 0.26892630022030545, 0.2824967386436959, 0.2795322714511318, 0.28796125879266393, 0.28527241408870274, 0.2702931816139818], [0.34697126994620126, 1.0, 0.41780856665887584, 0.3356729628741674, 0.2972811783632314, 0.3102171107799787, 0.2928228490361857, 0.3210652499949825, 0.30068951631453916, 0.3261906660537517], [0.30134823467266664, 0.41780856665887584, 1.0, 0.3961869292435991, 0.33571316607869145, 0.3100489538102388, 0.30056753277168735, 0.34191458949474, 0.29196482779716504, 0.30668538016619795], [0.2914064379919172, 0.3356729628741674, 0.3961869292435991, 1.0, 0.40917030894871237, 0.3522213533099022, 0.3216808460660409, 0.34703568055100903, 0.29000136561668294, 0.3422164296606111], [0.26892630022030545, 0.2972811783632314, 0.33571316607869145, 0.40917030894871237, 1.0, 0.3657575486390496, 0.3078524363749327, 0.3328345125762976, 0.2883525152184613, 0.3276818962147147], [0.2824967386436959, 0.3102171107799787, 0.3100489538102388, 0.3522213533099022, 0.3657575486390496, 1.0, 0.41448611032302995, 0.3733052351881121, 0.30101315483789837, 0.3454739484203246], [0.2795322714511318, 0.2928228490361857, 0.30056753277168735, 0.3216808460660409, 0.3078524363749327, 0.41448611032302995, 1.0, 0.3755583857470331, 0.32147353086495595, 0.3009610469180655], [0.28796125879266393, 0.3210652499949825, 0.34191458949474, 0.34703568055100903, 0.3328345125762976, 0.3733052351881121, 0.3755583857470331, 1.0, 0.34893284690328075, 0.3730382903432465], [0.28527241408870274, 0.30068951631453916, 0.29196482779716504, 0.29000136561668294, 0.2883525152184613, 0.30101315483789837, 0.32147353086495595, 0.34893284690328075, 1.0, 0.3413533048954416], [0.2702931816139818, 0.3261906660537517, 0.30668538016619795, 0.3422164296606111, 0.3276818962147147, 0.3454739484203246, 0.3009610469180655, 0.3730382903432465, 0.3413533048954416, 1.0]], "2": [[1.0, 0.34042208343996466, 0.24107554356943015, 0.23412732302958134, 0.2614608278097388, 0.26854228686534826, 0.26706996144707995, 0.3100580892053508, 0.2898049668135267, 0.2170901822473495], [0.34042208343996466, 1.0, 0.3166926595756662, 0.30886725711212104, 0.21791397248120706, 0.22526686608978927, 0.22047086105910432, 0.2422201288091753, 0.23713732408302163, 0.23717666705310095], [0.24107554356943015, 0.3166926595756662, 1.0, 0.3234878608478396, 0.22417781916941437, 0.2454133316981713, 0.2564948500177167, 0.24359863793130285, 0.21339037764877256, 0.2652698604737949], [0.23412732302958134, 0.30886725711212104, 0.3234878608478396, 1.0, 0.2603710981975153, 0.282640116646688, 0.28059128590716864, 0.2783891429510253, 0.21318227669072368, 0.24431883414159414], [0.2614608278097388, 0.21791397248120706, 0.22417781916941437, 0.2603710981975153, 1.0, 0.26644685035194565, 0.19663191662495777, 0.29989258990021694, 0.26828239155509587, 0.23280467552949166], [0.26854228686534826, 0.22526686608978927, 0.2454133316981713, 0.282640116646688, 0.26644685035194565, 1.0, 0.3102668219156481, 0.32729830784840974, 0.277077613924493, 0.2699015580609545], [0.26706996144707995, 0.22047086105910432, 0.2564948500177167, 0.28059128590716864, 0.19663191662495777, 0.3102668219156481, 1.0, 0.2832381690394836, 0.2448677072397449, 0.21693254261542758], [0.3100580892053508, 0.2422201288091753, 0.24359863793130285, 0.2783891429510253, 0.29989258990021694, 0.32729830784840974, 0.2832381690394836, 1.0, 0.31827159456812504, 0.22747285951032853], [0.2898049668135267, 0.23713732408302163, 0.21339037764877256, 0.21318227669072368, 0.26828239155509587, 0.277077613924493, 0.2448677072397449, 0.31827159456812504, 1.0, 0.2337955225043605], [0.2170901822473495, 0.23717666705310095, 0.2652698604737949, 0.24431883414159414, 0.23280467552949166, 0.2699015580609545, 0.21693254261542758, 0.22747285951032853, 0.2337955225043605, 1.0]]}, "per_layer_inter": {"0": 0.836911069996008, "1": 0.32620974076615783, "2": 0.26088674698224373}, "O_inter": 0.47466918591480317, "O_intra": 1.0, "Obar": 0.47466918591480317, "inner": -0.5253308140851969}, "phase_stability": "N/A - no oscillator state"}}