{"rung": "R5:no_proj", "scenario": "class", "nexp": 20, "epochs": 50, "seed": 3, "metrics": {"Top1_Acc_Exp/eval_phase/test_stream/Task000/Exp000": 0.0, "Top1_Acc_Exp/eval_phase/test_stream/Task000/Exp001": 0.0, "Top1_Acc_Exp/eval_phase/test_stream/Task000/Exp002": 0.0, "Top1_Acc_Exp/eval_phase/test_stream/Task000/Exp003": 0.0, "Top1_Acc_Exp/eval_phase/test_stream/Task000/Exp004": 0.0, "Top1_Acc_Exp/eval_phase/test_stream/Task000/Exp005": 0.0, "Top1_Acc_Exp/eval_phase/test_stream/Task000/Exp006": 0.0, "Top1_Acc_Exp/eval_phase/test_stream/Task000/Exp007": 0.0, "Top1_Acc_Exp/eval_phase/test_stream/Task000/Exp008": 0.0, "Top1_Acc_Exp/eval_phase/test_stream/Task000/Exp009": 0.0, "Top1_Acc_Exp/eval_phase/test_stream/Task000/Exp010": 0.0, "Top1_Acc_Exp/eval_phase/test_stream/Task000/Exp011": 0.0, "Top1_Acc_Exp/eval_phase/test_stream/Task000/Exp012": 0.0, "Top1_Acc_Exp/eval_phase/test_stream/Task000/Exp013": 0.0, "Top1_Acc_Exp/eval_phase/test_stream/Task000/Exp014": 0.0, "Top1_Acc_Exp/eval_phase/test_stream/Task000/Exp015": 0.0, "Top1_Acc_Exp/eval_phase/test_stream/Task000/Exp016": 0.0, "Top1_Acc_Exp/eval_phase/test_stream/Task000/Exp017": 0.0, "Top1_Acc_Exp/eval_phase/test_stream/Task000/Exp018": 0.0, "Top1_Acc_Exp/eval_phase/test_stream/Task000/Exp019": 0.83, "Top1_Acc_Stream/eval_phase/test_stream/Task000": 0.0415, "StreamForgetting/eval_phase/test_stream": 0.8378947368421052, "StreamBWT/eval_phase/test_stream": -0.8378947368421052, "ExperienceForgetting/eval_phase/test_stream/Task000/Exp000": 0.754, "ExperienceBWT/eval_phase/test_stream/Task000/Exp000": -0.754, "ExperienceForgetting/eval_phase/test_stream/Task000/Exp001": 0.8, "ExperienceBWT/eval_phase/test_stream/Task000/Exp001": -0.8, "ExperienceForgetting/eval_phase/test_stream/Task000/Exp002": 0.826, "ExperienceBWT/eval_phase/test_stream/Task000/Exp002": -0.826, "ExperienceForgetting/eval_phase/test_stream/Task000/Exp003": 0.852, "ExperienceBWT/eval_phase/test_stream/Task000/Exp003": -0.852, "ExperienceForgetting/eval_phase/test_stream/Task000/Exp004": 0.82, "ExperienceBWT/eval_phase/test_stream/Task000/Exp004": -0.82, "ExperienceForgetting/eval_phase/test_stream/Task000/Exp005": 0.838, "ExperienceBWT/eval_phase/test_stream/Task000/Exp005": -0.838, "ExperienceForgetting/eval_phase/test_stream/Task000/Exp006": 0.852, "ExperienceBWT/eval_phase/test_stream/Task000/Exp006": -0.852, "ExperienceForgetting/eval_phase/test_stream/Task000/Exp007": 0.922, "ExperienceBWT/eval_phase/test_stream/Task000/Exp007": -0.922, "ExperienceForgetting/eval_phase/test_stream/Task000/Exp008": 0.944, "ExperienceBWT/eval_phase/test_stream/Task000/Exp008": -0.944, "ExperienceForgetting/eval_phase/test_stream/Task000/Exp009": 0.89, "ExperienceBWT/eval_phase/test_stream/Task000/Exp009": -0.89, "ExperienceForgetting/eval_phase/test_stream/Task000/Exp010": 0.798, "ExperienceBWT/eval_phase/test_stream/Task000/Exp010": -0.798, "ExperienceForgetting/eval_phase/test_stream/Task000/Exp011": 0.894, "ExperienceBWT/eval_phase/test_stream/Task000/Exp011": -0.894, "ExperienceForgetting/eval_phase/test_stream/Task000/Exp012": 0.748, "ExperienceBWT/eval_phase/test_stream/Task000/Exp012": -0.748, "ExperienceForgetting/eval_phase/test_stream/Task000/Exp013": 0.794, "ExperienceBWT/eval_phase/test_stream/Task000/Exp013": -0.794, "ExperienceForgetting/eval_phase/test_stream/Task000/Exp014": 0.88, "ExperienceBWT/eval_phase/test_stream/Task000/Exp014": -0.88, "ExperienceForgetting/eval_phase/test_stream/Task000/Exp015": 0.752, "ExperienceBWT/eval_phase/test_stream/Task000/Exp015": -0.752, "ExperienceForgetting/eval_phase/test_stream/Task000/Exp016": 0.86, "ExperienceBWT/eval_phase/test_stream/Task000/Exp016": -0.86, "ExperienceForgetting/eval_phase/test_stream/Task000/Exp017": 0.812, "ExperienceBWT/eval_phase/test_stream/Task000/Exp017": -0.812, "ExperienceForgetting/eval_phase/test_stream/Task000/Exp018": 0.884, "ExperienceBWT/eval_phase/test_stream/Task000/Exp018": -0.884}, "learning_acc": [0.754, 0.8, 0.826, 0.852, 0.82, 0.838, 0.852, 0.922, 0.944, 0.89, 0.798, 0.894, 0.748, 0.794, 0.88, 0.752, 0.86, 0.812, 0.884, 0.83], "acc_matrix": [[0.754, 0.0, 0.0, 0.0, 0.0, 0.0, 0.0, 0.0, 0.0, 0.0, 0.0, 0.0, 0.0, 0.0, 0.0, 0.0, 0.0, 0.0, 0.0, 0.0], [0.0, 0.8, 0.0, 0.0, 0.0, 0.0, 0.0, 0.0, 0.0, 0.0, 0.0, 0.0, 0.0, 0.0, 0.0, 0.0, 0.0, 0.0, 0.0, 0.0], [0.0, 0.0, 0.826, 0.0, 0.0, 0.0, 0.0, 0.0, 0.0, 0.0, 0.0, 0.0, 0.0, 0.0, 0.0, 0.0, 0.0, 0.0, 0.0, 0.0], [0.0, 0.0, 0.0, 0.852, 0.0, 0.0, 0.0, 0.0, 0.0, 0.0, 0.0, 0.0, 0.0, 0.0, 0.0, 0.0, 0.0, 0.0, 0.0, 0.0], [0.0, 0.0, 0.0, 0.0, 0.82, 0.0, 0.0, 0.0, 0.0, 0.0, 0.0, 0.0, 0.0, 0.0, 0.0, 0.0, 0.0, 0.0, 0.0, 0.0], [0.0, 0.0, 0.0, 0.0, 0.0, 0.838, 0.0, 0.0, 0.0, 0.0, 0.0, 0.0, 0.0, 0.0, 0.0, 0.0, 0.0, 0.0, 0.0, 0.0], [0.0, 0.0, 0.0, 0.0, 0.0, 0.0, 0.852, 0.0, 0.0, 0.0, 0.0, 0.0, 0.0, 0.0, 0.0, 0.0, 0.0, 0.0, 0.0, 0.0], [0.0, 0.0, 0.0, 0.0, 0.0, 0.0, 0.0, 0.922, 0.0, 0.0, 0.0, 0.0, 0.0, 0.0, 0.0, 0.0, 0.0, 0.0, 0.0, 0.0], [0.0, 0.0, 0.0, 0.0, 0.0, 0.0, 0.0, 0.0, 0.944, 0.0, 0.0, 0.0, 0.0, 0.0, 0.0, 0.0, 0.0, 0.0, 0.0, 0.0], [0.0, 0.0, 0.0, 0.0, 0.0, 0.0, 0.0, 0.0, 0.0, 0.89, 0.0, 0.0, 0.0, 0.0, 0.0, 0.0, 0.0, 0.0, 0.0, 0.0], [0.0, 0.0, 0.0, 0.0, 0.0, 0.0, 0.0, 0.0, 0.0, 0.0, 0.798, 0.0, 0.0, 0.0, 0.0, 0.0, 0.0, 0.0, 0.0, 0.0], [0.0, 0.0, 0.0, 0.0, 0.0, 0.0, 0.0, 0.0, 0.0, 0.0, 0.0, 0.894, 0.0, 0.0, 0.0, 0.0, 0.0, 0.0, 0.0, 0.0], [0.0, 0.0, 0.0, 0.0, 0.0, 0.0, 0.0, 0.0, 0.0, 0.0, 0.0, 0.0, 0.748, 0.0, 0.0, 0.0, 0.0, 0.0, 0.0, 0.0], [0.0, 0.0, 0.0, 0.0, 0.0, 0.0, 0.0, 0.0, 0.0, 0.0, 0.0, 0.0, 0.0, 0.794, 0.0, 0.0, 0.0, 0.0, 0.0, 0.0], [0.0, 0.0, 0.0, 0.0, 0.0, 0.0, 0.0, 0.0, 0.0, 0.0, 0.0, 0.0, 0.0, 0.0, 0.88, 0.0, 0.0, 0.0, 0.0, 0.0], [0.0, 0.0, 0.0, 0.0, 0.0, 0.0, 0.0, 0.0, 0.0, 0.0, 0.0, 0.0, 0.0, 0.0, 0.0, 0.752, 0.0, 0.0, 0.0, 0.0], [0.0, 0.0, 0.0, 0.0, 0.0, 0.0, 0.0, 0.0, 0.0, 0.0, 0.0, 0.0, 0.0, 0.0, 0.0, 0.0, 0.86, 0.0, 0.0, 0.0], [0.0, 0.0, 0.0, 0.0, 0.0, 0.0, 0.0, 0.0, 0.0, 0.0, 0.0, 0.0, 0.0, 0.0, 0.0, 0.0, 0.0, 0.812, 0.0, 0.0], [0.0, 0.0, 0.0, 0.0, 0.0, 0.0, 0.0, 0.0, 0.0, 0.0, 0.0, 0.0, 0.0, 0.0, 0.0, 0.0, 0.0, 0.0, 0.884, 0.0], [0.0, 0.0, 0.0, 0.0, 0.0, 0.0, 0.0, 0.0, 0.0, 0.0, 0.0, 0.0, 0.0, 0.0, 0.0, 0.0, 0.0, 0.0, 0.0, 0.83]], "avg_forgetting": 83.78947368421052, "bwt": -83.78947368421052, "selfcheck_ok": true, "h3": {"overlap_summary": {"matrices": {"0": [[1.0, 0.7600052786473194, 0.70784562168985, 0.6949406650734474, 0.5737905532966466, 0.5886631925167052, 0.5881514293884401, 0.6135596423923019, 0.519448188533208, 0.5566830981663252, 0.5996822980308715, 0.5180542135362177, 0.5849035743582961, 0.5538405700755298, 0.5128163018024142, 0.5644000644470454, 0.5318391974862563, 0.5278870422958403, 0.556159543408796, 0.46938838932707005], [0.7600052786473194, 1.0, 0.8407999875681509, 0.836990473223928, 0.7663145760417992, 0.7713781945661142, 0.7862938646993228, 0.7940689189369436, 0.7308950816380961, 0.6842915853628432, 0.7006860018344945, 0.6905367541550862, 0.7136440410225352, 0.7400382937145014, 0.7003511083604137, 0.7191158579305545, 0.6796434762899886, 0.6975129684542988, 0.7067230627200225, 0.6476294255750016], [0.70784562168985, 0.8407999875681509, 1.0, 0.8506453313136151, 0.7907860254406961, 0.8011049392587646, 0.7791286353591248, 0.7851170683760507, 0.7286259795767891, 0.6972779722002845, 0.7180605192872959, 0.6807502680993678, 0.723235550990452, 0.7550881469641412, 0.7268015300723967, 0.7051022642232908, 0.7306437345056999, 0.7267202510604552, 0.7225153752380002, 0.6776195688653934], [0.6949406650734474, 0.836990473223928, 0.8506453313136151, 1.0, 0.8096838962613121, 0.7877559562981931, 0.8004001671612813, 0.7786612789507681, 0.7097323433230968, 0.6992293423056078, 0.7180518974172022, 0.6557797523318735, 0.6972608816953362, 0.7499095531901487, 0.6913150001710183, 0.7110651002347044, 0.7043240741917688, 0.7093969698070312, 0.7038344626231815, 0.660667650306613], [0.5737905532966466, 0.7663145760417992, 0.7907860254406961, 0.8096838962613121, 1.0, 0.8827864264992946, 0.8513485088299103, 0.7916018528448885, 0.787195557915895, 0.7195056952339557, 0.7019587143114229, 0.666991236891899, 0.7147284753516767, 0.7816696297616168, 0.7731797896637381, 0.7786908157996366, 0.7466836758835048, 0.7343068232594647, 0.7620796021023203, 0.7579047239596213], [0.5886631925167052, 0.7713781945661142, 0.8011049392587646, 0.7877559562981931, 0.8827864264992946, 1.0, 0.8673690784495008, 0.8010051052074302, 0.7957338321554034, 0.7390385050672822, 0.7201387614774334, 0.6838662035643409, 0.7228775205897724, 0.7696200859441694, 0.7637286678245524, 0.7763711987737334, 0.7717995579572868, 0.7662235248678838, 0.7794311844348478, 0.7528067940059335], [0.5881514293884401, 0.7862938646993228, 0.7791286353591248, 0.8004001671612813, 0.8513485088299103, 0.8673690784495008, 1.0, 0.8216311177986405, 0.7993950326495557, 0.7575096820531324, 0.7508578837711568, 0.6907271410669218, 0.7195905773616399, 0.7885427640171871, 0.7573265783725546, 0.771460447722252, 0.7279465717444062, 0.716342853946742, 0.7697403782037743, 0.7430160814233709], [0.6135596423923019, 0.7940689189369436, 0.7851170683760507, 0.7786612789507681, 0.7916018528448885, 0.8010051052074302, 0.8216311177986405, 1.0, 0.7975938159105627, 0.7365664361496734, 0.7197877113913054, 0.7375415013815799, 0.7572249831464664, 0.7542956503504207, 0.7291692847130073, 0.7316427978244493, 0.7094840951958623, 0.7196656077621658, 0.709478119205895, 0.6842142982923726], [0.519448188533208, 0.7308950816380961, 0.7286259795767891, 0.7097323433230968, 0.787195557915895, 0.7957338321554034, 0.7993950326495557, 0.7975938159105627, 1.0, 0.7892508731427851, 0.6989358726497032, 0.7273245373818878, 0.7159236095710508, 0.7264544163988217, 0.7366585487257908, 0.742750763754278, 0.6819274941059313, 0.6946930215827463, 0.7004708031287227, 0.7144783364757412], [0.5566830981663252, 0.6842915853628432, 0.6972779722002845, 0.6992293423056078, 0.7195056952339557, 0.7390385050672822, 0.7575096820531324, 0.7365664361496734, 0.7892508731427851, 1.0, 0.7590944558748807, 0.7329573342048562, 0.6798983235962639, 0.6746297135636494, 0.7025830380409123, 0.6877894436670328, 0.6360435629870235, 0.6497427112662052, 0.6740016563372857, 0.6449405364363224], [0.5996822980308715, 0.7006860018344945, 0.7180605192872959, 0.7180518974172022, 0.7019587143114229, 0.7201387614774334, 0.7508578837711568, 0.7197877113913054, 0.6989358726497032, 0.7590944558748807, 1.0, 0.7586577737265171, 0.7004677142088309, 0.6891520639218319, 0.6569640192631189, 0.6745890770847239, 0.6300168821790502, 0.655821679831627, 0.6768544984512522, 0.6119118627749852], [0.5180542135362177, 0.6905367541550862, 0.6807502680993678, 0.6557797523318735, 0.666991236891899, 0.6838662035643409, 0.6907271410669218, 0.7375415013815799, 0.7273245373818878, 0.7329573342048562, 0.7586577737265171, 1.0, 0.7807485538788569, 0.7188329201782422, 0.6799078220662732, 0.6611864573295129, 0.6061986656878202, 0.6654005574863745, 0.6553291602094079, 0.6488236657475177], [0.5849035743582961, 0.7136440410225352, 0.723235550990452, 0.6972608816953362, 0.7147284753516767, 0.7228775205897724, 0.7195905773616399, 0.7572249831464664, 0.7159236095710508, 0.6798983235962639, 0.7004677142088309, 0.7807485538788569, 1.0, 0.7949323616194652, 0.7115751849380726, 0.6906548686903212, 0.6295763253458857, 0.6941556417791116, 0.6931772061445626, 0.6605858666857941], [0.5538405700755298, 0.7400382937145014, 0.7550881469641412, 0.7499095531901487, 0.7816696297616168, 0.7696200859441694, 0.7885427640171871, 0.7542956503504207, 0.7264544163988217, 0.6746297135636494, 0.6891520639218319, 0.7188329201782422, 0.7949323616194652, 1.0, 0.8042136108137884, 0.7536499551235621, 0.7402381017570384, 0.7258659845132635, 0.7767212967686621, 0.7323304558115845], [0.5128163018024142, 0.7003511083604137, 0.7268015300723967, 0.6913150001710183, 0.7731797896637381, 0.7637286678245524, 0.7573265783725546, 0.7291692847130073, 0.7366585487257908, 0.7025830380409123, 0.6569640192631189, 0.6799078220662732, 0.7115751849380726, 0.8042136108137884, 1.0, 0.7962114636862322, 0.740350575843084, 0.6988793556932017, 0.7320292089370469, 0.719421584967969], [0.5644000644470454, 0.7191158579305545, 0.7051022642232908, 0.7110651002347044, 0.7786908157996366, 0.7763711987737334, 0.771460447722252, 0.7316427978244493, 0.742750763754278, 0.6877894436670328, 0.6745890770847239, 0.6611864573295129, 0.6906548686903212, 0.7536499551235621, 0.7962114636862322, 1.0, 0.7843793192224447, 0.7350255356665877, 0.7602880610104512, 0.7118071095055674], [0.5318391974862563, 0.6796434762899886, 0.7306437345056999, 0.7043240741917688, 0.7466836758835048, 0.7717995579572868, 0.7279465717444062, 0.7094840951958623, 0.6819274941059313, 0.6360435629870235, 0.6300168821790502, 0.6061986656878202, 0.6295763253458857, 0.7402381017570384, 0.740350575843084, 0.7843793192224447, 1.0, 0.8046792143182092, 0.7561397484780642, 0.7248159771528253], [0.5278870422958403, 0.6975129684542988, 0.7267202510604552, 0.7093969698070312, 0.7343068232594647, 0.7662235248678838, 0.716342853946742, 0.7196656077621658, 0.6946930215827463, 0.6497427112662052, 0.655821679831627, 0.6654005574863745, 0.6941556417791116, 0.7258659845132635, 0.6988793556932017, 0.7350255356665877, 0.8046792143182092, 1.0, 0.8096946628953213, 0.7355711508690403], [0.556159543408796, 0.7067230627200225, 0.7225153752380002, 0.7038344626231815, 0.7620796021023203, 0.7794311844348478, 0.7697403782037743, 0.709478119205895, 0.7004708031287227, 0.6740016563372857, 0.6768544984512522, 0.6553291602094079, 0.6931772061445626, 0.7767212967686621, 0.7320292089370469, 0.7602880610104512, 0.7561397484780642, 0.8096946628953213, 1.0, 0.8126648487992462], [0.46938838932707005, 0.6476294255750016, 0.6776195688653934, 0.660667650306613, 0.7579047239596213, 0.7528067940059335, 0.7430160814233709, 0.6842142982923726, 0.7144783364757412, 0.6449405364363224, 0.6119118627749852, 0.6488236657475177, 0.6605858666857941, 0.7323304558115845, 0.719421584967969, 0.7118071095055674, 0.7248159771528253, 0.7355711508690403, 0.8126648487992462, 1.0]], "1": [[1.0, 0.338676751623047, 0.263473258821572, 0.2059060515299336, 0.16580965676206974, 0.17118529072203176, 0.20233834559691838, 0.1987126013348275, 0.15064793101235252, 0.20229066804481738, 0.16149270435910582, 0.22337583022991156, 0.18082487514300158, 0.1722203622822488, 0.15528358935149797, 0.15240939007596155, 0.19035766863964534, 0.1969545179925109, 0.1824584185685376, 0.15894963605455018], [0.338676751623047, 1.0, 0.3274794294455785, 0.25834012531186434, 0.18745340611722713, 0.21317888537124435, 0.2413899842379119, 0.2300741881152796, 0.1879304197093927, 0.21644722335772465, 0.1817309229492171, 0.20939857170860648, 0.1919049291026031, 0.190414419694531, 0.17439789936662362, 0.1931608560228815, 0.1753878424104992, 0.20722607252840147, 0.18760613354845207, 0.18594256609107124], [0.263473258821572, 0.3274794294455785, 1.0, 0.2588233033656695, 0.21166410264609767, 0.21253580933137659, 0.23514892241332588, 0.21970725903112912, 0.2037184881518527, 0.17892735336059223, 0.16793014475012444, 0.17251964100940015, 0.20180327282748733, 0.18038208605475714, 0.16057344872504226, 0.19034264891819838, 0.17578193171957315, 0.2034878628899937, 0.17369688712855713, 0.18137758280215685], [0.2059060515299336, 0.25834012531186434, 0.2588233033656695, 1.0, 0.16104340240653434, 0.1665578790093136, 0.22131668571590923, 0.16805370606802014, 0.16929403114358482, 0.1574872995250847, 0.1680421425757927, 0.13121162009934065, 0.14706489789086344, 0.13484440393723793, 0.19962449463085868, 0.162516547733844, 0.1451829793532271, 0.178767045233964, 0.159114530035286, 0.1449263603272], [0.16580965676206974, 0.18745340611722713, 0.21166410264609767, 0.16104340240653434, 1.0, 0.18578003734120246, 0.15557755907452817, 0.15669844878643002, 0.15947014217844596, 0.12479572282803889, 0.14850181919121624, 0.12337294827607823, 0.1464523238665236, 0.13314653602479729, 0.1390829925673906, 0.12439629296270341, 0.13075180599765765, 0.13198298654466595, 0.138384000290761, 0.13472680240343005], [0.17118529072203176, 0.21317888537124435, 0.21253580933137659, 0.1665578790093136, 0.18578003734120246, 1.0, 0.1861794820379346, 0.15815331120365142, 0.15156545170368238, 0.11226792041715578, 0.14322743736877977, 0.11361490335207976, 0.1538654390372687, 0.15207483379659364, 0.12513159016054684, 0.13616149944608893, 0.1344243770365329, 0.13608839441911746, 0.1243331447840722, 0.13571604908326357], [0.20233834559691838, 0.2413899842379119, 0.23514892241332588, 0.22131668571590923, 0.15557755907452817, 0.1861794820379346, 1.0, 0.22532675468960037, 0.1879918590268281, 0.17390055868733728, 0.17956779901881456, 0.14149177077134775, 0.15504705420682796, 0.14943386132602368, 0.17394125771481114, 0.1573414401835649, 0.16701438634566404, 0.16302839418793838, 0.17493379258290465, 0.18023004706043846], [0.1987126013348275, 0.2300741881152796, 0.21970725903112912, 0.16805370606802014, 0.15669844878643002, 0.15815331120365142, 0.22532675468960037, 1.0, 0.15613701306651945, 0.15532775525294254, 0.16536120973259658, 0.13424803375381644, 0.1625585090606261, 0.16049175469266794, 0.13976134930436904, 0.15865096022577416, 0.1525250909013, 0.1556670008193707, 0.16573559189187317, 0.1598576084211936], [0.15064793101235252, 0.1879304197093927, 0.2037184881518527, 0.16929403114358482, 0.15947014217844596, 0.15156545170368238, 0.1879918590268281, 0.15613701306651945, 1.0, 0.20657546063605778, 0.13062364384945918, 0.1469050570551033, 0.1468098589768041, 0.11837400874460413, 0.13285459169568445, 0.1377142378199892, 0.12293045147123413, 0.1328231472583923, 0.11488517609324142, 0.15779430116459311], [0.20229066804481738, 0.21644722335772465, 0.17892735336059223, 0.1574872995250847, 0.12479572282803889, 0.11226792041715578, 0.17390055868733728, 0.15532775525294254, 0.20657546063605778, 1.0, 0.15563367583615165, 0.28571000246477474, 0.15586485386633267, 0.1197682869791178, 0.11881441119289231, 0.12198751819663381, 0.11768991651470305, 0.1375037185110891, 0.1331745203380703, 0.10058740931786711], [0.16149270435910582, 0.1817309229492171, 0.16793014475012444, 0.1680421425757927, 0.14850181919121624, 0.14322743736877977, 0.17956779901881456, 0.16536120973259658, 0.13062364384945918, 0.15563367583615165, 1.0, 0.12022655895341591, 0.12456826275828223, 0.10173663079487602, 0.11571585458017221, 0.13523787992709702, 0.12461308747067548, 0.12205940775553777, 0.1248358077318543, 0.0982716747186823], [0.22337583022991156, 0.20939857170860648, 0.17251964100940015, 0.13121162009934065, 0.12337294827607823, 0.11361490335207976, 0.14149177077134775, 0.13424803375381644, 0.1469050570551033, 0.28571000246477474, 0.12022655895341591, 1.0, 0.16195625134928962, 0.14576607547812861, 0.09975650091458918, 0.11332913963992124, 0.10390742562971714, 0.1323744486659581, 0.09860209659329132, 0.09197320844425515], [0.18082487514300158, 0.1919049291026031, 0.20180327282748733, 0.14706489789086344, 0.1464523238665236, 0.1538654390372687, 0.15504705420682796, 0.1625585090606261, 0.1468098589768041, 0.15586485386633267, 0.12456826275828223, 0.16195625134928962, 1.0, 0.15211115688789326, 0.13901949307151287, 0.15049911121630946, 0.12987068632076523, 0.15824356520941107, 0.14221179250765836, 0.11879830530154199], [0.1722203622822488, 0.190414419694531, 0.18038208605475714, 0.13484440393723793, 0.13314653602479729, 0.15207483379659364, 0.14943386132602368, 0.16049175469266794, 0.11837400874460413, 0.1197682869791178, 0.10173663079487602, 0.14576607547812861, 0.15211115688789326, 1.0, 0.14924457045023, 0.1254713668005465, 0.12101537233597358, 0.13975891237364357, 0.10650594601028918, 0.1393681106109977], [0.15528358935149797, 0.17439789936662362, 0.16057344872504226, 0.19962449463085868, 0.1390829925673906, 0.12513159016054684, 0.17394125771481114, 0.13976134930436904, 0.13285459169568445, 0.11881441119289231, 0.11571585458017221, 0.09975650091458918, 0.13901949307151287, 0.14924457045023, 1.0, 0.1630877137247206, 0.123267395278229, 0.14262778383596192, 0.12485713807053399, 0.11756700343587861], [0.15240939007596155, 0.1931608560228815, 0.19034264891819838, 0.162516547733844, 0.12439629296270341, 0.13616149944608893, 0.1573414401835649, 0.15865096022577416, 0.1377142378199892, 0.12198751819663381, 0.13523787992709702, 0.11332913963992124, 0.15049911121630946, 0.1254713668005465, 0.1630877137247206, 1.0, 0.18233834972328103, 0.1657895150635798, 0.1344316937184098, 0.12808620925161052], [0.19035766863964534, 0.1753878424104992, 0.17578193171957315, 0.1451829793532271, 0.13075180599765765, 0.1344243770365329, 0.16701438634566404, 0.1525250909013, 0.12293045147123413, 0.11768991651470305, 0.12461308747067548, 0.10390742562971714, 0.12987068632076523, 0.12101537233597358, 0.123267395278229, 0.18233834972328103, 1.0, 0.187535892265493, 0.15246263329196397, 0.13579656150374228], [0.1969545179925109, 0.20722607252840147, 0.2034878628899937, 0.178767045233964, 0.13198298654466595, 0.13608839441911746, 0.16302839418793838, 0.1556670008193707, 0.1328231472583923, 0.1375037185110891, 0.12205940775553777, 0.1323744486659581, 0.15824356520941107, 0.13975891237364357, 0.14262778383596192, 0.1657895150635798, 0.187535892265493, 1.0, 0.16011149270334724, 0.15242849088807417], [0.1824584185685376, 0.18760613354845207, 0.17369688712855713, 0.159114530035286, 0.138384000290761, 0.1243331447840722, 0.17493379258290465, 0.16573559189187317, 0.11488517609324142, 0.1331745203380703, 0.1248358077318543, 0.09860209659329132, 0.14221179250765836, 0.10650594601028918, 0.12485713807053399, 0.1344316937184098, 0.15246263329196397, 0.16011149270334724, 1.0, 0.17508348524508366], [0.15894963605455018, 0.18594256609107124, 0.18137758280215685, 0.1449263603272, 0.13472680240343005, 0.13571604908326357, 0.18023004706043846, 0.1598576084211936, 0.15779430116459311, 0.10058740931786711, 0.0982716747186823, 0.09197320844425515, 0.11879830530154199, 0.1393681106109977, 0.11756700343587861, 0.12808620925161052, 0.13579656150374228, 0.15242849088807417, 0.17508348524508366, 1.0]], "2": [[1.0, 0.2231101641500073, 0.18643487231708544, 0.2608858762331188, 0.1616475554949251, 0.11803184686792796, 0.18351590846738744, 0.1184267265332835, 0.19216019943733062, 0.2649452588148505, 0.21465698257146773, 0.2253179979583681, 0.20904855333149092, 0.12776982396857398, 0.21968399443850614, 0.15145906192142072, 0.22771949816233822, 0.12179900329374387, 0.15698069212522975, 0.12886916218814923], [0.2231101641500073, 1.0, 0.17899071921023735, 0.10728126478452357, 0.1421942073554315, 0.09315727223128376, 0.07805554507410262, 0.08628079451039826, 0.1781382119154985, 0.10347661194862397, 0.15252286493551473, 0.12135655767620486, 0.141357341972458, 0.12294289427767144, 0.11446551893778717, 0.060944857265781506, 0.17357091789653628, 0.17106175836387652, 0.0836309639621983, 0.08435581364109662], [0.18643487231708544, 0.17899071921023735, 1.0, 0.1728233376820545, 0.13477061576965646, 0.26973552531714423, 0.25722535882705305, 0.19911039502688813, 0.21408512643447777, 0.2699280454749385, 0.2373141442897668, 0.21307093302452396, 0.17732087695942195, 0.14320696721757128, 0.16519554712037732, 0.14297090301838603, 0.20776582798603874, 0.1537338475785535, 0.18809600817086933, 0.14528942181837048], [0.2608858762331188, 0.10728126478452357, 0.1728233376820545, 1.0, 0.14584395418737767, 0.14969341152083382, 0.21850370176417527, 0.1249749774576648, 0.22248283460847046, 0.1981858665076944, 0.1995015437778658, 0.16834311127096116, 0.17442592567092546, 0.13510942937011888, 0.22965986748304518, 0.17448568555821964, 0.2367790292901057, 0.13884222842346333, 0.2021111438811705, 0.1251081837418958], [0.1616475554949251, 0.1421942073554315, 0.13477061576965646, 0.14584395418737767, 1.0, 0.1456513915895526, 0.19341950929612323, 0.1045018993492558, 0.15815313389211827, 0.2107147867705327, 0.1449235934444728, 0.1289356984623755, 0.17289493923051166, 0.12872153471441528, 0.18715614745716777, 0.08580332774094479, 0.18371779038782768, 0.12250611785255877, 0.17297233940646195, 0.18817830024217433], [0.11803184686792796, 0.09315727223128376, 0.26973552531714423, 0.14969341152083382, 0.1456513915895526, 1.0, 0.31843915318359145, 0.19117721124909803, 0.22894205087975772, 0.2956805122578361, 0.1522694567548955, 0.18532426536861255, 0.15740383213410492, 0.11740721111356363, 0.23060802065513633, 0.1629570525538099, 0.1726222221861597, 0.10188473373149098, 0.18449624826730537, 0.2548845877663689], [0.18351590846738744, 0.07805554507410262, 0.25722535882705305, 0.21850370176417527, 0.19341950929612323, 0.31843915318359145, 1.0, 0.17581917622913493, 0.24013040202510633, 0.38200517978676857, 0.17302758649840733, 0.16659012678542678, 0.17969775619000522, 0.14457279797788897, 0.22997073478706456, 0.24155987990086342, 0.19311835209452924, 0.09006424837875651, 0.2401570967979254, 0.2168203916199337], [0.1184267265332835, 0.08628079451039826, 0.19911039502688813, 0.1249749774576648, 0.1045018993492558, 0.19117721124909803, 0.17581917622913493, 1.0, 0.1401186738846184, 0.2519967451270056, 0.16423310519085402, 0.27150540151753666, 0.14117692679993096, 0.18101604453809134, 0.14766863876289488, 0.20859053229543106, 0.13275942927005366, 0.08732943986079095, 0.06816060562940064, 0.14220113611459803], [0.19216019943733062, 0.1781382119154985, 0.21408512643447777, 0.22248283460847046, 0.15815313389211827, 0.22894205087975772, 0.24013040202510633, 0.1401186738846184, 1.0, 0.32644457347174666, 0.23089358066992746, 0.14859888766530044, 0.16394642436578488, 0.10876463045183254, 0.31922872595652896, 0.14745929527987836, 0.23000571471698325, 0.13544577840674366, 0.21068531822932096, 0.1801095237064793], [0.2649452588148505, 0.10347661194862397, 0.2699280454749385, 0.1981858665076944, 0.2107147867705327, 0.2956805122578361, 0.38200517978676857, 0.2519967451270056, 0.32644457347174666, 1.0, 0.22503702791721505, 0.29443215416614205, 0.2472684331505193, 0.12632298934649075, 0.25755552683010624, 0.20839147818462395, 0.24195033752309572, 0.16312863526085133, 0.21235361926114768, 0.2206655022309173], [0.21465698257146773, 0.15252286493551473, 0.2373141442897668, 0.1995015437778658, 0.1449235934444728, 0.1522694567548955, 0.17302758649840733, 0.16423310519085402, 0.23089358066992746, 0.22503702791721505, 1.0, 0.2569785961376408, 0.18818950658818379, 0.12106778090992475, 0.15406309125057602, 0.1477555070004724, 0.2791874524180349, 0.19551721122764879, 0.1813496741162952, 0.11788588483442104], [0.2253179979583681, 0.12135655767620486, 0.21307093302452396, 0.16834311127096116, 0.1289356984623755, 0.18532426536861255, 0.16659012678542678, 0.27150540151753666, 0.14859888766530044, 0.29443215416614205, 0.2569785961376408, 1.0, 0.17012819098173634, 0.15361006207022088, 0.20881513607981014, 0.21941683488543032, 0.14959225967812298, 0.1526957597629541, 0.09272399985848995, 0.16129356890520016], [0.20904855333149092, 0.141357341972458, 0.17732087695942195, 0.17442592567092546, 0.17289493923051166, 0.15740383213410492, 0.17969775619000522, 0.14117692679993096, 0.16394642436578488, 0.2472684331505193, 0.18818950658818379, 0.17012819098173634, 1.0, 0.1500661477847538, 0.1934469238153362, 0.1084120118971022, 0.17308550854101157, 0.17200652040244194, 0.1768770341897081, 0.15306340448669853], [0.12776982396857398, 0.12294289427767144, 0.14320696721757128, 0.13510942937011888, 0.12872153471441528, 0.11740721111356363, 0.14457279797788897, 0.18101604453809134, 0.10876463045183254, 0.12632298934649075, 0.12106778090992475, 0.15361006207022088, 0.1500661477847538, 1.0, 0.16044246012611874, 0.09669275039130726, 0.1172821225938441, 0.1098086813323173, 0.10537340031829864, 0.1274743754795265], [0.21968399443850614, 0.11446551893778717, 0.16519554712037732, 0.22965986748304518, 0.18715614745716777, 0.23060802065513633, 0.22997073478706456, 0.14766863876289488, 0.31922872595652896, 0.25755552683010624, 0.15406309125057602, 0.20881513607981014, 0.1934469238153362, 0.16044246012611874, 1.0, 0.15623368634094192, 0.22671191784081468, 0.099704322713938, 0.18471248878090785, 0.138067695541564], [0.15145906192142072, 0.060944857265781506, 0.14297090301838603, 0.17448568555821964, 0.08580332774094479, 0.1629570525538099, 0.24155987990086342, 0.20859053229543106, 0.14745929527987836, 0.20839147818462395, 0.1477555070004724, 0.21941683488543032, 0.1084120118971022, 0.09669275039130726, 0.15623368634094192, 1.0, 0.1474238328554068, 0.11148079747860747, 0.12030914909512623, 0.1232049199809042], [0.22771949816233822, 0.17357091789653628, 0.20776582798603874, 0.2367790292901057, 0.18371779038782768, 0.1726222221861597, 0.19311835209452924, 0.13275942927005366, 0.23000571471698325, 0.24195033752309572, 0.2791874524180349, 0.14959225967812298, 0.17308550854101157, 0.1172821225938441, 0.22671191784081468, 0.1474238328554068, 1.0, 0.2122248731629541, 0.20301224439643534, 0.1849775309810367], [0.12179900329374387, 0.17106175836387652, 0.1537338475785535, 0.13884222842346333, 0.12250611785255877, 0.10188473373149098, 0.09006424837875651, 0.08732943986079095, 0.13544577840674366, 0.16312863526085133, 0.19551721122764879, 0.1526957597629541, 0.17200652040244194, 0.1098086813323173, 0.099704322713938, 0.11148079747860747, 0.2122248731629541, 1.0, 0.10044566725560274, 0.13744519985178424], [0.15698069212522975, 0.0836309639621983, 0.18809600817086933, 0.2021111438811705, 0.17297233940646195, 0.18449624826730537, 0.2401570967979254, 0.06816060562940064, 0.21068531822932096, 0.21235361926114768, 0.1813496741162952, 0.09272399985848995, 0.1768770341897081, 0.10537340031829864, 0.18471248878090785, 0.12030914909512623, 0.20301224439643534, 0.10044566725560274, 1.0, 0.29643062260434455], [0.12886916218814923, 0.08435581364109662, 0.14528942181837048, 0.1251081837418958, 0.18817830024217433, 0.2548845877663689, 0.2168203916199337, 0.14220113611459803, 0.1801095237064793, 0.2206655022309173, 0.11788588483442104, 0.16129356890520016, 0.15306340448669853, 0.1274743754795265, 0.138067695541564, 0.1232049199809042, 0.1849775309810367, 0.13744519985178424, 0.29643062260434455, 1.0]]}, "per_layer_inter": {"0": 0.716566863619502, "1": 0.1610281031875582, "2": 0.1744734395273757}, "O_inter": 0.3506894687781453, "O_intra": 1.0, "Obar": 0.3506894687781453, "inner": -0.6493105312218548}, "phase_stability": "N/A - no oscillator state"}}