{"rung": "R5:no_proj", "scenario": "class", "nexp": 10, "epochs": 50, "seed": 5, "metrics": {"Top1_Acc_Exp/eval_phase/test_stream/Task000/Exp000": 0.0, "Top1_Acc_Exp/eval_phase/test_stream/Task000/Exp001": 0.0, "Top1_Acc_Exp/eval_phase/test_stream/Task000/Exp002": 0.0, "Top1_Acc_Exp/eval_phase/test_stream/Task000/Exp003": 0.0, "Top1_Acc_Exp/eval_phase/test_stream/Task000/Exp004": 0.0, "Top1_Acc_Exp/eval_phase/test_stream/Task000/Exp005": 0.0, "Top1_Acc_Exp/eval_phase/test_stream/Task000/Exp006": 0.0, "Top1_Acc_Exp/eval_phase/test_stream/Task000/Exp007": 0.0, "Top1_Acc_Exp/eval_phase/test_stream/Task000/Exp008": 0.0, "Top1_Acc_Exp/eval_phase/test_stream/Task000/Exp009": 0.869, "Top1_Acc_Stream/eval_phase/test_stream/Task000": 0.0869, "StreamForgetting/eval_phase/test_stream": 0.7921111111111111, "StreamBWT/eval_phase/test_stream": -0.7921111111111111, "ExperienceForgetting/eval_phase/test_stream/Task000/Exp000": 0.744, "ExperienceBWT/eval_phase/test_stream/Task000/Exp000": -0.744, "ExperienceForgetting/eval_phase/test_stream/Task000/Exp001": 0.767, "ExperienceBWT/eval_phase/test_stream/Task000/Exp001": -0.767, "ExperienceForgetting/eval_phase/test_stream/Task000/Exp002": 0.841, "ExperienceBWT/eval_phase/test_stream/Task000/Exp002": -0.841, "ExperienceForgetting/eval_phase/test_stream/Task000/Exp003": 0.732, "ExperienceBWT/eval_phase/test_stream/Task000/Exp003": -0.732, "ExperienceForgetting/eval_phase/test_stream/Task000/Exp004": 0.805, "ExperienceBWT/eval_phase/test_stream/Task000/Exp004": -0.805, "ExperienceForgetting/eval_phase/test_stream/Task000/Exp005": 0.849, "ExperienceBWT/eval_phase/test_stream/Task000/Exp005": -0.849, "ExperienceForgetting/eval_phase/test_stream/Task000/Exp006": 0.824, "ExperienceBWT/eval_phase/test_stream/Task000/Exp006": -0.824, "ExperienceForgetting/eval_phase/test_stream/Task000/Exp007": 0.81, "ExperienceBWT/eval_phase/test_stream/Task000/Exp007": -0.81, "ExperienceForgetting/eval_phase/test_stream/Task000/Exp008": 0.757, "ExperienceBWT/eval_phase/test_stream/Task000/Exp008": -0.757}, "learning_acc": [0.744, 0.767, 0.841, 0.732, 0.805, 0.849, 0.824, 0.81, 0.757, 0.869], "acc_matrix": [[0.744, 0.0, 0.0, 0.0, 0.0, 0.0, 0.0, 0.0, 0.0, 0.0], [0.0, 0.767, 0.0, 0.0, 0.0, 0.0, 0.0, 0.0, 0.0, 0.0], [0.0, 0.0, 0.841, 0.0, 0.0, 0.0, 0.0, 0.0, 0.0, 0.0], [0.0, 0.0, 0.0, 0.732, 0.0, 0.0, 0.0, 0.0, 0.0, 0.0], [0.0, 0.0, 0.0, 0.0, 0.805, 0.0, 0.0, 0.0, 0.0, 0.0], [0.0, 0.0, 0.0, 0.0, 0.0, 0.849, 0.0, 0.0, 0.0, 0.0], [0.0, 0.0, 0.0, 0.0, 0.0, 0.0, 0.824, 0.0, 0.0, 0.0], [0.0, 0.0, 0.0, 0.0, 0.0, 0.0, 0.0, 0.81, 0.0, 0.0], [0.0, 0.0, 0.0, 0.0, 0.0, 0.0, 0.0, 0.0, 0.757, 0.0], [0.0, 0.0, 0.0, 0.0, 0.0, 0.0, 0.0, 0.0, 0.0, 0.869]], "avg_forgetting": 79.21111111111111, "bwt": -79.21111111111111, "selfcheck_ok": true, "h3": {"overlap_summary": {"matrices": {"0": [[1.0, 0.8763034359322205, 0.8085832041984669, 0.7647474482673459, 0.7856386318353841, 0.7980491877379691, 0.7763717663110504, 0.7692425581420929, 0.7424403560167119, 0.7483899204364359], [0.8763034359322205, 1.0, 0.8812406125651827, 0.8558228555346072, 0.8446010030226254, 0.8487388969685783, 0.8334388596297713, 0.8383304789623784, 0.8095666495510826, 0.8010869489770459], [0.8085832041984669, 0.8812406125651827, 1.0, 0.8884095446694662, 0.8584706196650692, 0.8546726908674479, 0.8410083071603016, 0.8393592816366294, 0.8164581638224475, 0.8306841246765405], [0.7647474482673459, 0.8558228555346072, 0.8884095446694662, 1.0, 0.898695434517383, 0.8804737655492133, 0.8780570991648526, 0.8630556793800568, 0.8640728755301913, 0.8611811027081941], [0.7856386318353841, 0.8446010030226254, 0.8584706196650692, 0.898695434517383, 1.0, 0.9232847327761302, 0.8967217919993465, 0.8806524958296615, 0.8936871414433583, 0.8852225854129795], [0.7980491877379691, 0.8487388969685783, 0.8546726908674479, 0.8804737655492133, 0.9232847327761302, 1.0, 0.9298673503673238, 0.9119165795065471, 0.9046327672321443, 0.890674313026348], [0.7763717663110504, 0.8334388596297713, 0.8410083071603016, 0.8780570991648526, 0.8967217919993465, 0.9298673503673238, 1.0, 0.9267146205474825, 0.8974368201209788, 0.9024826976344652], [0.7692425581420929, 0.8383304789623784, 0.8393592816366294, 0.8630556793800568, 0.8806524958296615, 0.9119165795065471, 0.9267146205474825, 1.0, 0.908388274325782, 0.8830841739219779], [0.7424403560167119, 0.8095666495510826, 0.8164581638224475, 0.8640728755301913, 0.8936871414433583, 0.9046327672321443, 0.8974368201209788, 0.908388274325782, 1.0, 0.9229357149858303], [0.7483899204364359, 0.8010869489770459, 0.8306841246765405, 0.8611811027081941, 0.8852225854129795, 0.890674313026348, 0.9024826976344652, 0.8830841739219779, 0.9229357149858303, 1.0]], "1": [[1.0, 0.4307729302971908, 0.30242195214542095, 0.29294917377231317, 0.3499916079512807, 0.3157992896338498, 0.2916740927868478, 0.2939464125346166, 0.30902889908030234, 0.2913784376843912], [0.4307729302971908, 1.0, 0.35950188578748143, 0.3390443495450797, 0.3566600846981151, 0.3400717868570838, 0.3304098728368303, 0.3228335486990995, 0.328256556440008, 0.32641698965331684], [0.30242195214542095, 0.35950188578748143, 1.0, 0.33319964767779164, 0.3161088528179845, 0.3192656140711659, 0.29070450891788213, 0.2794016854773143, 0.29223787473432844, 0.3064373173543054], [0.29294917377231317, 0.3390443495450797, 0.33319964767779164, 1.0, 0.3730983837678526, 0.3206473350587933, 0.3028775089330782, 0.2936034605925487, 0.28401299280248093, 0.27737003141182615], [0.3499916079512807, 0.3566600846981151, 0.3161088528179845, 0.3730983837678526, 1.0, 0.3829301760307671, 0.3181829445653911, 0.34038264612924507, 0.31921328674540844, 0.30698446137448987], [0.3157992896338498, 0.3400717868570838, 0.3192656140711659, 0.3206473350587933, 0.3829301760307671, 1.0, 0.37243060787895044, 0.3481810298747877, 0.3069955774267282, 0.3022932007223494], [0.2916740927868478, 0.3304098728368303, 0.29070450891788213, 0.3028775089330782, 0.3181829445653911, 0.37243060787895044, 1.0, 0.36742451802892984, 0.3073273912317858, 0.29456703944290885], [0.2939464125346166, 0.3228335486990995, 0.2794016854773143, 0.2936034605925487, 0.34038264612924507, 0.3481810298747877, 0.36742451802892984, 1.0, 0.4416720781351252, 0.3099531415820211], [0.30902889908030234, 0.328256556440008, 0.29223787473432844, 0.28401299280248093, 0.31921328674540844, 0.3069955774267282, 0.3073273912317858, 0.4416720781351252, 1.0, 0.3581556007183785], [0.2913784376843912, 0.32641698965331684, 0.3064373173543054, 0.27737003141182615, 0.30698446137448987, 0.3022932007223494, 0.29456703944290885, 0.3099531415820211, 0.3581556007183785, 1.0]], "2": [[1.0, 0.3183866366595723, 0.37463649737046095, 0.27473440931101434, 0.3216036744368905, 0.35868271863824963, 0.30782828250322775, 0.2824827616678323, 0.2601313687284907, 0.308972623384173], [0.3183866366595723, 1.0, 0.23613029819518014, 0.24508508735783108, 0.19930289630036932, 0.28391500653128865, 0.23670962445981936, 0.23617252965153498, 0.1976497465934123, 0.28173780218054983], [0.37463649737046095, 0.23613029819518014, 1.0, 0.26879929994856006, 0.2651886594220959, 0.2996231228652726, 0.3776785453498289, 0.3406487686582679, 0.2503262658337752, 0.29816932620578196], [0.27473440931101434, 0.24508508735783108, 0.26879929994856006, 1.0, 0.2456636561634937, 0.30578470003138547, 0.2792207322816182, 0.28282067266785627, 0.2642619068737138, 0.2502003116728541], [0.3216036744368905, 0.19930289630036932, 0.2651886594220959, 0.2456636561634937, 1.0, 0.31285844958145476, 0.27618600503638774, 0.2755588132660063, 0.2460028923440877, 0.2948952329620739], [0.35868271863824963, 0.28391500653128865, 0.2996231228652726, 0.30578470003138547, 0.31285844958145476, 1.0, 0.37323078846580354, 0.3366739733180393, 0.31674999410174365, 0.2947001777582677], [0.30782828250322775, 0.23670962445981936, 0.3776785453498289, 0.2792207322816182, 0.27618600503638774, 0.37323078846580354, 1.0, 0.363130327488113, 0.25839916224004933, 0.28655263455444246], [0.2824827616678323, 0.23617252965153498, 0.3406487686582679, 0.28282067266785627, 0.2755588132660063, 0.3366739733180393, 0.363130327488113, 1.0, 0.3119391331440372, 0.2619851361270667], [0.2601313687284907, 0.1976497465934123, 0.2503262658337752, 0.2642619068737138, 0.2460028923440877, 0.31674999410174365, 0.25839916224004933, 0.3119391331440372, 1.0, 0.2405580555329889], [0.308972623384173, 0.28173780218054983, 0.29816932620578196, 0.2502003116728541, 0.2948952329620739, 0.2947001777582677, 0.28655263455444246, 0.2619851361270667, 0.2405580555329889, 1.0]]}, "per_layer_inter": {"0": 0.8558865236126024, "1": 0.3254848174201743, "2": 0.2867104157303325}, "O_inter": 0.48936058558770307, "O_intra": 1.0, "Obar": 0.48936058558770307, "inner": -0.510639414412297}, "phase_stability": "N/A - no oscillator state"}}