{"rung": "R5:no_proj", "scenario": "class", "nexp": 20, "epochs": 50, "seed": 4, "metrics": {"Top1_Acc_Exp/eval_phase/test_stream/Task000/Exp000": 0.0, "Top1_Acc_Exp/eval_phase/test_stream/Task000/Exp001": 0.0, "Top1_Acc_Exp/eval_phase/test_stream/Task000/Exp002": 0.0, "Top1_Acc_Exp/eval_phase/test_stream/Task000/Exp003": 0.0, "Top1_Acc_Exp/eval_phase/test_stream/Task000/Exp004": 0.0, "Top1_Acc_Exp/eval_phase/test_stream/Task000/Exp005": 0.0, "Top1_Acc_Exp/eval_phase/test_stream/Task000/Exp006": 0.0, "Top1_Acc_Exp/eval_phase/test_stream/Task000/Exp007": 0.0, "Top1_Acc_Exp/eval_phase/test_stream/Task000/Exp008": 0.0, "Top1_Acc_Exp/eval_phase/test_stream/Task000/Exp009": 0.0, "Top1_Acc_Exp/eval_phase/test_stream/Task000/Exp010": 0.0, "Top1_Acc_Exp/eval_phase/test_stream/Task000/Exp011": 0.0, "Top1_Acc_Exp/eval_phase/test_stream/Task000/Exp012": 0.0, "Top1_Acc_Exp/eval_phase/test_stream/Task000/Exp013": 0.0, "Top1_Acc_Exp/eval_phase/test_stream/Task000/Exp014": 0.0, "Top1_Acc_Exp/eval_phase/test_stream/Task000/Exp015": 0.0, "Top1_Acc_Exp/eval_phase/test_stream/Task000/Exp016": 0.0, "Top1_Acc_Exp/eval_phase/test_stream/Task000/Exp017": 0.0, "Top1_Acc_Exp/eval_phase/test_stream/Task000/Exp018": 0.0, "Top1_Acc_Exp/eval_phase/test_stream/Task000/Exp019": 0.912, "Top1_Acc_Stream/eval_phase/test_stream/Task000": 0.0456, "StreamForgetting/eval_phase/test_stream": 0.8456842105263158, "StreamBWT/eval_phase/test_stream": -0.8456842105263158, "ExperienceForgetting/eval_phase/test_stream/Task000/Exp000": 0.816, "ExperienceBWT/eval_phase/test_stream/Task000/Exp000": -0.816, "ExperienceForgetting/eval_phase/test_stream/Task000/Exp001": 0.858, "ExperienceBWT/eval_phase/test_stream/Task000/Exp001": -0.858, "ExperienceForgetting/eval_phase/test_stream/Task000/Exp002": 0.882, "ExperienceBWT/eval_phase/test_stream/Task000/Exp002": -0.882, "ExperienceForgetting/eval_phase/test_stream/Task000/Exp003": 0.868, "ExperienceBWT/eval_phase/test_stream/Task000/Exp003": -0.868, "ExperienceForgetting/eval_phase/test_stream/Task000/Exp004": 0.84, "ExperienceBWT/eval_phase/test_stream/Task000/Exp004": -0.84, "ExperienceForgetting/eval_phase/test_stream/Task000/Exp005": 0.868, "ExperienceBWT/eval_phase/test_stream/Task000/Exp005": -0.868, "ExperienceForgetting/eval_phase/test_stream/Task000/Exp006": 0.794, "ExperienceBWT/eval_phase/test_stream/Task000/Exp006": -0.794, "ExperienceForgetting/eval_phase/test_stream/Task000/Exp007": 0.844, "ExperienceBWT/eval_phase/test_stream/Task000/Exp007": -0.844, "ExperienceForgetting/eval_phase/test_stream/Task000/Exp008": 0.89, "ExperienceBWT/eval_phase/test_stream/Task000/Exp008": -0.89, "ExperienceForgetting/eval_phase/test_stream/Task000/Exp009": 0.88, "ExperienceBWT/eval_phase/test_stream/Task000/Exp009": -0.88, "ExperienceForgetting/eval_phase/test_stream/Task000/Exp010": 0.878, "ExperienceBWT/eval_phase/test_stream/Task000/Exp010": -0.878, "ExperienceForgetting/eval_phase/test_stream/Task000/Exp011": 0.862, "ExperienceBWT/eval_phase/test_stream/Task000/Exp011": -0.862, "ExperienceForgetting/eval_phase/test_stream/Task000/Exp012": 0.73, "ExperienceBWT/eval_phase/test_stream/Task000/Exp012": -0.73, "ExperienceForgetting/eval_phase/test_stream/Task000/Exp013": 0.802, "ExperienceBWT/eval_phase/test_stream/Task000/Exp013": -0.802, "ExperienceForgetting/eval_phase/test_stream/Task000/Exp014": 0.842, "ExperienceBWT/eval_phase/test_stream/Task000/Exp014": -0.842, "ExperienceForgetting/eval_phase/test_stream/Task000/Exp015": 0.834, "ExperienceBWT/eval_phase/test_stream/Task000/Exp015": -0.834, "ExperienceForgetting/eval_phase/test_stream/Task000/Exp016": 0.796, "ExperienceBWT/eval_phase/test_stream/Task000/Exp016": -0.796, "ExperienceForgetting/eval_phase/test_stream/Task000/Exp017": 0.92, "ExperienceBWT/eval_phase/test_stream/Task000/Exp017": -0.92, "ExperienceForgetting/eval_phase/test_stream/Task000/Exp018": 0.864, "ExperienceBWT/eval_phase/test_stream/Task000/Exp018": -0.864}, "learning_acc": [0.816, 0.858, 0.882, 0.868, 0.84, 0.868, 0.794, 0.844, 0.89, 0.88, 0.878, 0.862, 0.73, 0.802, 0.842, 0.834, 0.796, 0.92, 0.864, 0.912], "acc_matrix": [[0.816, 0.0, 0.0, 0.0, 0.0, 0.0, 0.0, 0.0, 0.0, 0.0, 0.0, 0.0, 0.0, 0.0, 0.0, 0.0, 0.0, 0.0, 0.0, 0.0], [0.0, 0.858, 0.0, 0.0, 0.0, 0.0, 0.0, 0.0, 0.0, 0.0, 0.0, 0.0, 0.0, 0.0, 0.0, 0.0, 0.0, 0.0, 0.0, 0.0], [0.0, 0.0, 0.882, 0.0, 0.0, 0.0, 0.0, 0.0, 0.0, 0.0, 0.0, 0.0, 0.0, 0.0, 0.0, 0.0, 0.0, 0.0, 0.0, 0.0], [0.0, 0.0, 0.0, 0.868, 0.0, 0.0, 0.0, 0.0, 0.0, 0.0, 0.0, 0.0, 0.0, 0.0, 0.0, 0.0, 0.0, 0.0, 0.0, 0.0], [0.0, 0.0, 0.0, 0.0, 0.84, 0.0, 0.0, 0.0, 0.0, 0.0, 0.0, 0.0, 0.0, 0.0, 0.0, 0.0, 0.0, 0.0, 0.0, 0.0], [0.0, 0.0, 0.0, 0.0, 0.0, 0.868, 0.0, 0.0, 0.0, 0.0, 0.0, 0.0, 0.0, 0.0, 0.0, 0.0, 0.0, 0.0, 0.0, 0.0], [0.0, 0.0, 0.0, 0.0, 0.0, 0.0, 0.794, 0.0, 0.0, 0.0, 0.0, 0.0, 0.0, 0.0, 0.0, 0.0, 0.0, 0.0, 0.0, 0.0], [0.0, 0.0, 0.0, 0.0, 0.0, 0.0, 0.0, 0.844, 0.0, 0.0, 0.0, 0.0, 0.0, 0.0, 0.0, 0.0, 0.0, 0.0, 0.0, 0.0], [0.0, 0.0, 0.0, 0.0, 0.0, 0.0, 0.0, 0.0, 0.89, 0.0, 0.0, 0.0, 0.0, 0.0, 0.0, 0.0, 0.0, 0.0, 0.0, 0.0], [0.0, 0.0, 0.0, 0.0, 0.0, 0.0, 0.0, 0.0, 0.0, 0.88, 0.0, 0.0, 0.0, 0.0, 0.0, 0.0, 0.0, 0.0, 0.0, 0.0], [0.0, 0.0, 0.0, 0.0, 0.0, 0.0, 0.0, 0.0, 0.0, 0.0, 0.878, 0.0, 0.0, 0.0, 0.0, 0.0, 0.0, 0.0, 0.0, 0.0], [0.0, 0.0, 0.0, 0.0, 0.0, 0.0, 0.0, 0.0, 0.0, 0.0, 0.0, 0.862, 0.0, 0.0, 0.0, 0.0, 0.0, 0.0, 0.0, 0.0], [0.0, 0.0, 0.0, 0.0, 0.0, 0.0, 0.0, 0.0, 0.0, 0.0, 0.0, 0.0, 0.73, 0.0, 0.0, 0.0, 0.0, 0.0, 0.0, 0.0], [0.0, 0.0, 0.0, 0.0, 0.0, 0.0, 0.0, 0.0, 0.0, 0.0, 0.0, 0.0, 0.0, 0.802, 0.0, 0.0, 0.0, 0.0, 0.0, 0.0], [0.0, 0.0, 0.0, 0.0, 0.0, 0.0, 0.0, 0.0, 0.0, 0.0, 0.0, 0.0, 0.0, 0.0, 0.842, 0.0, 0.0, 0.0, 0.0, 0.0], [0.0, 0.0, 0.0, 0.0, 0.0, 0.0, 0.0, 0.0, 0.0, 0.0, 0.0, 0.0, 0.0, 0.0, 0.0, 0.834, 0.0, 0.0, 0.0, 0.0], [0.0, 0.0, 0.0, 0.0, 0.0, 0.0, 0.0, 0.0, 0.0, 0.0, 0.0, 0.0, 0.0, 0.0, 0.0, 0.0, 0.796, 0.0, 0.0, 0.0], [0.0, 0.0, 0.0, 0.0, 0.0, 0.0, 0.0, 0.0, 0.0, 0.0, 0.0, 0.0, 0.0, 0.0, 0.0, 0.0, 0.0, 0.92, 0.0, 0.0], [0.0, 0.0, 0.0, 0.0, 0.0, 0.0, 0.0, 0.0, 0.0, 0.0, 0.0, 0.0, 0.0, 0.0, 0.0, 0.0, 0.0, 0.0, 0.864, 0.0], [0.0, 0.0, 0.0, 0.0, 0.0, 0.0, 0.0, 0.0, 0.0, 0.0, 0.0, 0.0, 0.0, 0.0, 0.0, 0.0, 0.0, 0.0, 0.0, 0.912]], "avg_forgetting": 84.56842105263156, "bwt": -84.56842105263156, "selfcheck_ok": true, "h3": {"overlap_summary": {"matrices": {"0": [[1.0, 0.751948713404534, 0.5827667923402642, 0.6274219653611611, 0.49470050990705977, 0.5724237608508256, 0.5051270366278475, 0.5551745119045011, 0.5578318461505454, 0.5302980029193328, 0.5006376662293881, 0.5050714136387101, 0.481701722931014, 0.5007522647263848, 0.4618167285416448, 0.47001922105030763, 0.49559762897028614, 0.5032860032479634, 0.545000805563085, 0.5422394876419531], [0.751948713404534, 1.0, 0.7837345386072556, 0.7762246067547627, 0.7037957105051671, 0.7258094448524266, 0.6603427073328614, 0.701725404934556, 0.6882209321989908, 0.6756858486882398, 0.6582593195681506, 0.6756788541374507, 0.640292780115601, 0.6750367328387432, 0.6166982831626135, 0.6439020506137096, 0.6363047899705939, 0.6542109181082708, 0.6220079699496747, 0.6076094133825182], [0.5827667923402642, 0.7837345386072556, 1.0, 0.8172057548510108, 0.7448890389218042, 0.7209197667348665, 0.6641008229219417, 0.665994202232084, 0.6424504378469221, 0.6549957058259799, 0.645778759350205, 0.6159494329119028, 0.6154182096969892, 0.6431092651307236, 0.606094211976408, 0.5925281323844366, 0.6167937318163236, 0.6373979426234954, 0.6257385686874194, 0.6300371331924858], [0.6274219653611611, 0.7762246067547627, 0.8172057548510108, 1.0, 0.7780808053426866, 0.7369139892902403, 0.7027708991931797, 0.7323943388491532, 0.7000918343678979, 0.6746882758856123, 0.6739056334793144, 0.6652279726991005, 0.664217138940559, 0.684572555520846, 0.6311167365511984, 0.6302266829968451, 0.6303420916409727, 0.6807067240346949, 0.6950777603769152, 0.6663188527226512], [0.49470050990705977, 0.7037957105051671, 0.7448890389218042, 0.7780808053426866, 1.0, 0.8145268038095825, 0.7637976147933168, 0.738375215302305, 0.721741965319482, 0.7170031511130842, 0.7123934851461597, 0.7035160720907316, 0.7229505218113365, 0.7540276339393122, 0.7356433257309163, 0.7212550503483477, 0.6895568043583149, 0.6921838881712049, 0.7210864260458838, 0.7185966760881668], [0.5724237608508256, 0.7258094448524266, 0.7209197667348665, 0.7369139892902403, 0.8145268038095825, 1.0, 0.8156524445218114, 0.7432553737078947, 0.7474711444415422, 0.7619146829196535, 0.7538497531945431, 0.721833540385014, 0.7246893988464662, 0.7462554686387534, 0.7570653167089799, 0.7347877516568924, 0.7176199257522766, 0.7347699066505573, 0.6874472258685643, 0.68255963692793], [0.5051270366278475, 0.6603427073328614, 0.6641008229219417, 0.7027708991931797, 0.7637976147933168, 0.8156524445218114, 1.0, 0.7834187807130949, 0.7548536244987317, 0.7561666878055603, 0.7313474822381528, 0.7051495640762108, 0.7506846879063229, 0.7503691540506003, 0.7368855378032637, 0.666708094784108, 0.6945608382858088, 0.7160762449371092, 0.6697523192714693, 0.6358813155335877], [0.5551745119045011, 0.701725404934556, 0.665994202232084, 0.7323943388491532, 0.738375215302305, 0.7432553737078947, 0.7834187807130949, 1.0, 0.8464873958817437, 0.7577257426683831, 0.7851125602597899, 0.7090233495265352, 0.7623773495115557, 0.7395493408738548, 0.7073369655250051, 0.7262732548983679, 0.7183239581229943, 0.730576742212937, 0.7115498988554763, 0.6964908355895189], [0.5578318461505454, 0.6882209321989908, 0.6424504378469221, 0.7000918343678979, 0.721741965319482, 0.7474711444415422, 0.7548536244987317, 0.8464873958817437, 1.0, 0.7770575875913037, 0.7693057292889961, 0.7414611983159074, 0.7883650094183418, 0.736324698902015, 0.7229381863100769, 0.745448911958742, 0.7553816593847986, 0.7600247465688527, 0.732717598690067, 0.7087416355112133], [0.5302980029193328, 0.6756858486882398, 0.6549957058259799, 0.6746882758856123, 0.7170031511130842, 0.7619146829196535, 0.7561666878055603, 0.7577257426683831, 0.7770575875913037, 1.0, 0.8189567930415563, 0.823032327489623, 0.7866015885444466, 0.7747168905679154, 0.7910298408786517, 0.7691756465270877, 0.7402378903838929, 0.7717200449172471, 0.7094544275275632, 0.7050743368510739], [0.5006376662293881, 0.6582593195681506, 0.645778759350205, 0.6739056334793144, 0.7123934851461597, 0.7538497531945431, 0.7313474822381528, 0.7851125602597899, 0.7693057292889961, 0.8189567930415563, 1.0, 0.8241662608400997, 0.8113581938936772, 0.769461989404706, 0.7758331038535851, 0.7670986665955248, 0.7489905988964143, 0.7759090435563507, 0.720932948013599, 0.7247047383833431], [0.5050714136387101, 0.6756788541374507, 0.6159494329119028, 0.6652279726991005, 0.7035160720907316, 0.721833540385014, 0.7051495640762108, 0.7090233495265352, 0.7414611983159074, 0.823032327489623, 0.8241662608400997, 1.0, 0.8322908879870341, 0.7677344173522236, 0.7667773513758641, 0.7851629219680583, 0.7320377284760858, 0.7696931785886596, 0.7061739860882105, 0.7015653445601628], [0.481701722931014, 0.640292780115601, 0.6154182096969892, 0.664217138940559, 0.7229505218113365, 0.7246893988464662, 0.7506846879063229, 0.7623773495115557, 0.7883650094183418, 0.7866015885444466, 0.8113581938936772, 0.8322908879870341, 1.0, 0.8550367111706848, 0.8124390807041862, 0.7946722788152051, 0.7870938964144111, 0.7937125317221778, 0.7632675373266073, 0.7442235477923319], [0.5007522647263848, 0.6750367328387432, 0.6431092651307236, 0.684572555520846, 0.7540276339393122, 0.7462554686387534, 0.7503691540506003, 0.7395493408738548, 0.736324698902015, 0.7747168905679154, 0.769461989404706, 0.7677344173522236, 0.8550367111706848, 1.0, 0.8454233512343732, 0.7912359033714871, 0.7664796789718925, 0.7526808557329082, 0.7495037487614263, 0.7279328663670266], [0.4618167285416448, 0.6166982831626135, 0.606094211976408, 0.6311167365511984, 0.7356433257309163, 0.7570653167089799, 0.7368855378032637, 0.7073369655250051, 0.7229381863100769, 0.7910298408786517, 0.7758331038535851, 0.7667773513758641, 0.8124390807041862, 0.8454233512343732, 1.0, 0.8290717745984599, 0.7851309852469769, 0.7744235660971968, 0.7521686148967689, 0.7260906367594446], [0.47001922105030763, 0.6439020506137096, 0.5925281323844366, 0.6302266829968451, 0.7212550503483477, 0.7347877516568924, 0.666708094784108, 0.7262732548983679, 0.745448911958742, 0.7691756465270877, 0.7670986665955248, 0.7851629219680583, 0.7946722788152051, 0.7912359033714871, 0.8290717745984599, 1.0, 0.8019629126957172, 0.7924265497082252, 0.7276815289926811, 0.7348294076722774], [0.49559762897028614, 0.6363047899705939, 0.6167937318163236, 0.6303420916409727, 0.6895568043583149, 0.7176199257522766, 0.6945608382858088, 0.7183239581229943, 0.7553816593847986, 0.7402378903838929, 0.7489905988964143, 0.7320377284760858, 0.7870938964144111, 0.7664796789718925, 0.7851309852469769, 0.8019629126957172, 1.0, 0.8425474903853951, 0.7665876189720779, 0.7580836992596397], [0.5032860032479634, 0.6542109181082708, 0.6373979426234954, 0.6807067240346949, 0.6921838881712049, 0.7347699066505573, 0.7160762449371092, 0.730576742212937, 0.7600247465688527, 0.7717200449172471, 0.7759090435563507, 0.7696931785886596, 0.7937125317221778, 0.7526808557329082, 0.7744235660971968, 0.7924265497082252, 0.8425474903853951, 1.0, 0.79349351178738, 0.7658891250032339], [0.545000805563085, 0.6220079699496747, 0.6257385686874194, 0.6950777603769152, 0.7210864260458838, 0.6874472258685643, 0.6697523192714693, 0.7115498988554763, 0.732717598690067, 0.7094544275275632, 0.720932948013599, 0.7061739860882105, 0.7632675373266073, 0.7495037487614263, 0.7521686148967689, 0.7276815289926811, 0.7665876189720779, 0.79349351178738, 1.0, 0.8786984114417093], [0.5422394876419531, 0.6076094133825182, 0.6300371331924858, 0.6663188527226512, 0.7185966760881668, 0.68255963692793, 0.6358813155335877, 0.6964908355895189, 0.7087416355112133, 0.7050743368510739, 0.7247047383833431, 0.7015653445601628, 0.7442235477923319, 0.7279328663670266, 0.7260906367594446, 0.7348294076722774, 0.7580836992596397, 0.7658891250032339, 0.8786984114417093, 1.0]], "1": [[1.0, 0.33601776266608496, 0.19777055359531695, 0.16398687024905859, 0.11372533891485771, 0.2314741491524189, 0.2598172539343561, 0.14801506905925135, 0.20082299077629193, 0.14711648003261346, 0.16988338471362885, 0.16641355155698018, 0.13761508760063781, 0.12533498021514788, 0.13375642476756375, 0.2051518513751975, 0.13975769289536794, 0.1565756880901149, 0.18276619378292358, 0.17551066232273396], [0.33601776266608496, 1.0, 0.1902317167266721, 0.20606251399047704, 0.16596085486140585, 0.22307999685847696, 0.23813738060687747, 0.18345536061634418, 0.20593147181701021, 0.19862415756556845, 0.18004029104358282, 0.19658892778750045, 0.1501010983756415, 0.1658962869674368, 0.15650063928784302, 0.1973398464158113, 0.159127087305759, 0.2295044082741317, 0.1924589556148997, 0.16700881767493364], [0.19777055359531695, 0.1902317167266721, 1.0, 0.09163329977792402, 0.08454852198769099, 0.1379505684323061, 0.19160737886075266, 0.19268469394470894, 0.13726936343946755, 0.12500058875688813, 0.13750818131966747, 0.10403776317216241, 0.095311175226343, 0.11594193615751275, 0.13385294838846867, 0.1635908418719078, 0.11917438130823248, 0.0920131233012662, 0.10955897111685947, 0.10149072850365412], [0.16398687024905859, 0.20606251399047704, 0.09163329977792402, 1.0, 0.3108135100429257, 0.1263374647033164, 0.12714230080990438, 0.15155370197872195, 0.10851367651801987, 0.1419972564913001, 0.1151026688059193, 0.10419371017867499, 0.11267995302148308, 0.09852530755249375, 0.10251479412097644, 0.12644476440887276, 0.09787444146961251, 0.20670433432097718, 0.12071987808617786, 0.12570305673443607], [0.11372533891485771, 0.16596085486140585, 0.08454852198769099, 0.3108135100429257, 1.0, 0.15714507279784953, 0.1564390619420225, 0.14736428587088077, 0.11134999049044923, 0.1321940955389035, 0.12187561292771741, 0.12348002933206158, 0.14833941483871446, 0.09631798874615925, 0.0980987540561318, 0.1436453286950677, 0.12287893456170772, 0.19508472556743667, 0.10749873392231485, 0.12393194268595487], [0.2314741491524189, 0.22307999685847696, 0.1379505684323061, 0.1263374647033164, 0.15714507279784953, 1.0, 0.22648814829548725, 0.1583486668753543, 0.16206482319992488, 0.15540320399665422, 0.17094629938763498, 0.14872970174077368, 0.1556874768997161, 0.14873021831483924, 0.15272169825192905, 0.1722298613313393, 0.14490980655786734, 0.1456007743771447, 0.14708929688633973, 0.15996123983839206], [0.2598172539343561, 0.23813738060687747, 0.19160737886075266, 0.12714230080990438, 0.1564390619420225, 0.22648814829548725, 1.0, 0.18703787771627292, 0.23008246297894258, 0.1626500010514273, 0.16537830252418587, 0.1583379137962226, 0.1203161040401923, 0.13733364953838703, 0.15515548212618147, 0.17853373390291366, 0.15898602950495486, 0.13770372472454875, 0.1658495364642009, 0.1561531412800997], [0.14801506905925135, 0.18345536061634418, 0.19268469394470894, 0.15155370197872195, 0.14736428587088077, 0.1583486668753543, 0.18703787771627292, 1.0, 0.1706999682228074, 0.17263639389979518, 0.15479546525828008, 0.1509730144153358, 0.11179520329222015, 0.1258868003313465, 0.14204156606124604, 0.17255844886491797, 0.13309025866850469, 0.14337749930759866, 0.1083749010732948, 0.11603959004950956], [0.20082299077629193, 0.20593147181701021, 0.13726936343946755, 0.10851367651801987, 0.11134999049044923, 0.16206482319992488, 0.23008246297894258, 0.1706999682228074, 1.0, 0.19692885225108595, 0.15906088598164264, 0.12349033970529169, 0.12078470432420148, 0.12778650941443345, 0.13875239178462373, 0.14334088141451015, 0.1252899391776488, 0.15018605984105204, 0.13597863245421982, 0.11998398423662883], [0.14711648003261346, 0.19862415756556845, 0.12500058875688813, 0.1419972564913001, 0.1321940955389035, 0.15540320399665422, 0.1626500010514273, 0.17263639389979518, 0.19692885225108595, 1.0, 0.1727420160966828, 0.13633268993309167, 0.11741931880769288, 0.1403619054127313, 0.14941087744037113, 0.15553191689210172, 0.14989818003645922, 0.13698309109953816, 0.1593744019467681, 0.12006093045348264], [0.16988338471362885, 0.18004029104358282, 0.13750818131966747, 0.1151026688059193, 0.12187561292771741, 0.17094629938763498, 0.16537830252418587, 0.15479546525828008, 0.15906088598164264, 0.1727420160966828, 1.0, 0.14153098497135905, 0.17940468545712115, 0.15800726838049006, 0.12873843233622217, 0.16252386426703588, 0.1529833008111133, 0.10855363202504896, 0.12123164067667078, 0.15142070519636372], [0.16641355155698018, 0.19658892778750045, 0.10403776317216241, 0.10419371017867499, 0.12348002933206158, 0.14872970174077368, 0.1583379137962226, 0.1509730144153358, 0.12349033970529169, 0.13633268993309167, 0.14153098497135905, 1.0, 0.11939244760900213, 0.12563805884611765, 0.14461899943692264, 0.14063181090824903, 0.13817215809238143, 0.13570360141367493, 0.13218226798033345, 0.12284415415497751], [0.13761508760063781, 0.1501010983756415, 0.095311175226343, 0.11267995302148308, 0.14833941483871446, 0.1556874768997161, 0.1203161040401923, 0.11179520329222015, 0.12078470432420148, 0.11741931880769288, 0.17940468545712115, 0.11939244760900213, 1.0, 0.13613553694663266, 0.12139325519683362, 0.1966735299785566, 0.14584750778581504, 0.11193680288880484, 0.11304091734874384, 0.11956116564405209], [0.12533498021514788, 0.1658962869674368, 0.11594193615751275, 0.09852530755249375, 0.09631798874615925, 0.14873021831483924, 0.13733364953838703, 0.1258868003313465, 0.12778650941443345, 0.1403619054127313, 0.15800726838049006, 0.12563805884611765, 0.13613553694663266, 1.0, 0.1359214728188861, 0.15048093319759287, 0.13386830131114075, 0.09528871599892645, 0.12765766631873152, 0.11591273954489288], [0.13375642476756375, 0.15650063928784302, 0.13385294838846867, 0.10251479412097644, 0.0980987540561318, 0.15272169825192905, 0.15515548212618147, 0.14204156606124604, 0.13875239178462373, 0.14941087744037113, 0.12873843233622217, 0.14461899943692264, 0.12139325519683362, 0.1359214728188861, 1.0, 0.16731203707751297, 0.11687351154840862, 0.10504878782901363, 0.11833135173243059, 0.11608419006678673], [0.2051518513751975, 0.1973398464158113, 0.1635908418719078, 0.12644476440887276, 0.1436453286950677, 0.1722298613313393, 0.17853373390291366, 0.17255844886491797, 0.14334088141451015, 0.15553191689210172, 0.16252386426703588, 0.14063181090824903, 0.1966735299785566, 0.15048093319759287, 0.16731203707751297, 1.0, 0.19684607751846103, 0.12794403809150076, 0.14833023662016923, 0.1435580137656738], [0.13975769289536794, 0.159127087305759, 0.11917438130823248, 0.09787444146961251, 0.12287893456170772, 0.14490980655786734, 0.15898602950495486, 0.13309025866850469, 0.1252899391776488, 0.14989818003645922, 0.1529833008111133, 0.13817215809238143, 0.14584750778581504, 0.13386830131114075, 0.11687351154840862, 0.19684607751846103, 1.0, 0.14049775563481773, 0.14922337814566347, 0.162039657011132], [0.1565756880901149, 0.2295044082741317, 0.0920131233012662, 0.20670433432097718, 0.19508472556743667, 0.1456007743771447, 0.13770372472454875, 0.14337749930759866, 0.15018605984105204, 0.13698309109953816, 0.10855363202504896, 0.13570360141367493, 0.11193680288880484, 0.09528871599892645, 0.10504878782901363, 0.12794403809150076, 0.14049775563481773, 1.0, 0.14559502285489923, 0.12426582534955209], [0.18276619378292358, 0.1924589556148997, 0.10955897111685947, 0.12071987808617786, 0.10749873392231485, 0.14708929688633973, 0.1658495364642009, 0.1083749010732948, 0.13597863245421982, 0.1593744019467681, 0.12123164067667078, 0.13218226798033345, 0.11304091734874384, 0.12765766631873152, 0.11833135173243059, 0.14833023662016923, 0.14922337814566347, 0.14559502285489923, 1.0, 0.18117723216899673], [0.17551066232273396, 0.16700881767493364, 0.10149072850365412, 0.12570305673443607, 0.12393194268595487, 0.15996123983839206, 0.1561531412800997, 0.11603959004950956, 0.11998398423662883, 0.12006093045348264, 0.15142070519636372, 0.12284415415497751, 0.11956116564405209, 0.11591273954489288, 0.11608419006678673, 0.1435580137656738, 0.162039657011132, 0.12426582534955209, 0.18117723216899673, 1.0]], "2": [[1.0, 0.24911649184276044, 0.18030270697862005, 0.21459789385945272, 0.11129829621905495, 0.21850270414609527, 0.26957582955700893, 0.12756528362376104, 0.09872689788880577, 0.2343994349400892, 0.1952741871201748, 0.1940623843014771, 0.08132787747184586, 0.1225369790227681, 0.23575244848867874, 0.14703090011674802, 0.13490002483170363, 0.08986233744726822, 0.12053441717424902, 0.18883023538121071], [0.24911649184276044, 1.0, 0.13387591633806067, 0.14981031956012883, 0.18687886607022194, 0.19699323767683394, 0.17482471250014145, 0.16313182172848098, 0.16179403398178727, 0.23846392328099003, 0.18437554885245222, 0.25171551634924677, 0.09218080816689365, 0.1996246881304487, 0.1266811169781184, 0.23236398646893222, 0.09079195661483037, 0.13972505148791098, 0.15356507150839183, 0.18993843748176123], [0.18030270697862005, 0.13387591633806067, 1.0, 0.24942577218332088, 0.1345701318621404, 0.10655282957456415, 0.18860499604565345, 0.16749092499000004, 0.07896227842357248, 0.1862319364605664, 0.14649598520668855, 0.14849979217880513, 0.14640066706359325, 0.09981998495080019, 0.1516816654263215, 0.13643966054633702, 0.09719672300829837, 0.1847022956709294, 0.09853936358329352, 0.1439972467198696], [0.21459789385945272, 0.14981031956012883, 0.24942577218332088, 1.0, 0.20334451635483958, 0.12872645904510982, 0.19077345785384522, 0.20767919108647492, 0.1255455833737614, 0.24699241833883756, 0.10844863373363263, 0.14133495957489461, 0.13186707753847698, 0.11647723701893199, 0.16587100148872086, 0.13487318786618144, 0.09734838110085955, 0.2804372841189011, 0.1280814732316303, 0.1543283258706143], [0.11129829621905495, 0.18687886607022194, 0.1345701318621404, 0.20334451635483958, 1.0, 0.14059066853729063, 0.20624683930707768, 0.2855307047569983, 0.23931253445161854, 0.19924365191919696, 0.21917669055493444, 0.1350169822998784, 0.14324920033984034, 0.2279583251418899, 0.2572861635064602, 0.22987671946373256, 0.15897717597602826, 0.186025541981379, 0.2872201079842629, 0.2992550682901694], [0.21850270414609527, 0.19699323767683394, 0.10655282957456415, 0.12872645904510982, 0.14059066853729063, 1.0, 0.2285308609639343, 0.11989667529847474, 0.11957766728768525, 0.1760966568326277, 0.1780632516410371, 0.226781195281167, 0.12581023964066532, 0.20299114812916005, 0.21983567730349612, 0.12260415015160898, 0.07379756664971311, 0.11915650393757068, 0.13429577805558318, 0.14470809969533951], [0.26957582955700893, 0.17482471250014145, 0.18860499604565345, 0.19077345785384522, 0.20624683930707768, 0.2285308609639343, 1.0, 0.21077725920509824, 0.22334687478255708, 0.2920306557199623, 0.19968223209766178, 0.22375682704104902, 0.1720615396451378, 0.2501275599135734, 0.27329103796273047, 0.18824533513097005, 0.1513333663136931, 0.14619605705409108, 0.16067899266255317, 0.21930827780055676], [0.12756528362376104, 0.16313182172848098, 0.16749092499000004, 0.20767919108647492, 0.2855307047569983, 0.11989667529847474, 0.21077725920509824, 1.0, 0.22696588685012203, 0.22539721804353027, 0.16849563763005249, 0.16105561993489276, 0.15611146559611375, 0.20112779025736818, 0.19888245899548493, 0.20122581063785658, 0.12441872287475136, 0.2902827731435551, 0.24035235565063506, 0.22947107037923292], [0.09872689788880577, 0.16179403398178727, 0.07896227842357248, 0.1255455833737614, 0.23931253445161854, 0.11957766728768525, 0.22334687478255708, 0.22696588685012203, 1.0, 0.18817769314203112, 0.19152359478609193, 0.18131169370674788, 0.18098332924123783, 0.2391460396122322, 0.17394331243533515, 0.2256493097465131, 0.1557452988367138, 0.1761217731273708, 0.22023809211357973, 0.21132803923488644], [0.2343994349400892, 0.23846392328099003, 0.1862319364605664, 0.24699241833883756, 0.19924365191919696, 0.1760966568326277, 0.2920306557199623, 0.22539721804353027, 0.18817769314203112, 1.0, 0.2345832135468953, 0.2642941135379503, 0.1313913327452732, 0.3197414673901536, 0.27452324814856316, 0.23424681047133228, 0.13500107092683938, 0.22720653423657147, 0.13208353920718355, 0.16598728445537797], [0.1952741871201748, 0.18437554885245222, 0.14649598520668855, 0.10844863373363263, 0.21917669055493444, 0.1780632516410371, 0.19968223209766178, 0.16849563763005249, 0.19152359478609193, 0.2345832135468953, 1.0, 0.2526193678049811, 0.10870816579585674, 0.22680771860954171, 0.25898816348590104, 0.2226666762889622, 0.18237150213469291, 0.12849166981573906, 0.21941717231151273, 0.23953392467094073], [0.1940623843014771, 0.25171551634924677, 0.14849979217880513, 0.14133495957489461, 0.1350169822998784, 0.226781195281167, 0.22375682704104902, 0.16105561993489276, 0.18131169370674788, 0.2642941135379503, 0.2526193678049811, 1.0, 0.16236994686025966, 0.24365927573529045, 0.22178381883418993, 0.14529341253202321, 0.11838267327177186, 0.13493288077209384, 0.14208677069879266, 0.18966339390441483], [0.08132787747184586, 0.09218080816689365, 0.14640066706359325, 0.13186707753847698, 0.14324920033984034, 0.12581023964066532, 0.1720615396451378, 0.15611146559611375, 0.18098332924123783, 0.1313913327452732, 0.10870816579585674, 0.16236994686025966, 1.0, 0.13936016390774966, 0.16405627927274585, 0.18289007034712812, 0.14928566778083274, 0.19214816701505663, 0.13237950942406193, 0.1301193182910262], [0.1225369790227681, 0.1996246881304487, 0.09981998495080019, 0.11647723701893199, 0.2279583251418899, 0.20299114812916005, 0.2501275599135734, 0.20112779025736818, 0.2391460396122322, 0.3197414673901536, 0.22680771860954171, 0.24365927573529045, 0.13936016390774966, 1.0, 0.2682230010159453, 0.2144338166924869, 0.1273667091009299, 0.1363264396408124, 0.16946843690921953, 0.19238895266067338], [0.23575244848867874, 0.1266811169781184, 0.1516816654263215, 0.16587100148872086, 0.2572861635064602, 0.21983567730349612, 0.27329103796273047, 0.19888245899548493, 0.17394331243533515, 0.27452324814856316, 0.25898816348590104, 0.22178381883418993, 0.16405627927274585, 0.2682230010159453, 1.0, 0.19105712198632332, 0.20960539778669812, 0.12796715020963514, 0.22732523838207952, 0.2191798918824604], [0.14703090011674802, 0.23236398646893222, 0.13643966054633702, 0.13487318786618144, 0.22987671946373256, 0.12260415015160898, 0.18824533513097005, 0.20122581063785658, 0.2256493097465131, 0.23424681047133228, 0.2226666762889622, 0.14529341253202321, 0.18289007034712812, 0.2144338166924869, 0.19105712198632332, 1.0, 0.24245650207196667, 0.23561656788986413, 0.16420289188971304, 0.23388357982950406], [0.13490002483170363, 0.09079195661483037, 0.09719672300829837, 0.09734838110085955, 0.15897717597602826, 0.07379756664971311, 0.1513333663136931, 0.12441872287475136, 0.1557452988367138, 0.13500107092683938, 0.18237150213469291, 0.11838267327177186, 0.14928566778083274, 0.1273667091009299, 0.20960539778669812, 0.24245650207196667, 1.0, 0.11627196669906184, 0.1393383323414327, 0.21805961592702391], [0.08986233744726822, 0.13972505148791098, 0.1847022956709294, 0.2804372841189011, 0.186025541981379, 0.11915650393757068, 0.14619605705409108, 0.2902827731435551, 0.1761217731273708, 0.22720653423657147, 0.12849166981573906, 0.13493288077209384, 0.19214816701505663, 0.1363264396408124, 0.12796715020963514, 0.23561656788986413, 0.11627196669906184, 1.0, 0.16081569988619498, 0.1785065132822437], [0.12053441717424902, 0.15356507150839183, 0.09853936358329352, 0.1280814732316303, 0.2872201079842629, 0.13429577805558318, 0.16067899266255317, 0.24035235565063506, 0.22023809211357973, 0.13208353920718355, 0.21941717231151273, 0.14208677069879266, 0.13237950942406193, 0.16946843690921953, 0.22732523838207952, 0.16420289188971304, 0.1393383323414327, 0.16081569988619498, 1.0, 0.2791958467908801], [0.18883023538121071, 0.18993843748176123, 0.1439972467198696, 0.1543283258706143, 0.2992550682901694, 0.14470809969533951, 0.21930827780055676, 0.22947107037923292, 0.21132803923488644, 0.16598728445537797, 0.23953392467094073, 0.18966339390441483, 0.1301193182910262, 0.19238895266067338, 0.2191798918824604, 0.23388357982950406, 0.21805961592702391, 0.1785065132822437, 0.2791958467908801, 1.0]]}, "per_layer_inter": {"0": 0.7091282297749965, "1": 0.14920011326832985, "2": 0.18133337173089223}, "O_inter": 0.3465539049247395, "O_intra": 1.0, "Obar": 0.3465539049247395, "inner": -0.6534460950752605}, "phase_stability": "N/A - no oscillator state"}}