{"rung": "R5:no_proj", "scenario": "class", "nexp": 20, "epochs": 50, "seed": 9, "metrics": {"Top1_Acc_Exp/eval_phase/test_stream/Task000/Exp000": 0.0, "Top1_Acc_Exp/eval_phase/test_stream/Task000/Exp001": 0.0, "Top1_Acc_Exp/eval_phase/test_stream/Task000/Exp002": 0.0, "Top1_Acc_Exp/eval_phase/test_stream/Task000/Exp003": 0.0, "Top1_Acc_Exp/eval_phase/test_stream/Task000/Exp004": 0.0, "Top1_Acc_Exp/eval_phase/test_stream/Task000/Exp005": 0.0, "Top1_Acc_Exp/eval_phase/test_stream/Task000/Exp006": 0.0, "Top1_Acc_Exp/eval_phase/test_stream/Task000/Exp007": 0.0, "Top1_Acc_Exp/eval_phase/test_stream/Task000/Exp008": 0.0, "Top1_Acc_Exp/eval_phase/test_stream/Task000/Exp009": 0.0, "Top1_Acc_Exp/eval_phase/test_stream/Task000/Exp010": 0.0, "Top1_Acc_Exp/eval_phase/test_stream/Task000/Exp011": 0.0, "Top1_Acc_Exp/eval_phase/test_stream/Task000/Exp012": 0.0, "Top1_Acc_Exp/eval_phase/test_stream/Task000/Exp013": 0.0, "Top1_Acc_Exp/eval_phase/test_stream/Task000/Exp014": 0.0, "Top1_Acc_Exp/eval_phase/test_stream/Task000/Exp015": 0.0, "Top1_Acc_Exp/eval_phase/test_stream/Task000/Exp016": 0.0, "Top1_Acc_Exp/eval_phase/test_stream/Task000/Exp017": 0.0, "Top1_Acc_Exp/eval_phase/test_stream/Task000/Exp018": 0.0, "Top1_Acc_Exp/eval_phase/test_stream/Task000/Exp019": 0.752, "Top1_Acc_Stream/eval_phase/test_stream/Task000": 0.0376, "StreamForgetting/eval_phase/test_stream": 0.8597894736842104, "StreamBWT/eval_phase/test_stream": -0.8597894736842104, "ExperienceForgetting/eval_phase/test_stream/Task000/Exp000": 0.792, "ExperienceBWT/eval_phase/test_stream/Task000/Exp000": -0.792, "ExperienceForgetting/eval_phase/test_stream/Task000/Exp001": 0.87, "ExperienceBWT/eval_phase/test_stream/Task000/Exp001": -0.87, "ExperienceForgetting/eval_phase/test_stream/Task000/Exp002": 0.842, "ExperienceBWT/eval_phase/test_stream/Task000/Exp002": -0.842, "ExperienceForgetting/eval_phase/test_stream/Task000/Exp003": 0.93, "ExperienceBWT/eval_phase/test_stream/Task000/Exp003": -0.93, "ExperienceForgetting/eval_phase/test_stream/Task000/Exp004": 0.824, "ExperienceBWT/eval_phase/test_stream/Task000/Exp004": -0.824, "ExperienceForgetting/eval_phase/test_stream/Task000/Exp005": 0.92, "ExperienceBWT/eval_phase/test_stream/Task000/Exp005": -0.92, "ExperienceForgetting/eval_phase/test_stream/Task000/Exp006": 0.742, "ExperienceBWT/eval_phase/test_stream/Task000/Exp006": -0.742, "ExperienceForgetting/eval_phase/test_stream/Task000/Exp007": 0.89, "ExperienceBWT/eval_phase/test_stream/Task000/Exp007": -0.89, "ExperienceForgetting/eval_phase/test_stream/Task000/Exp008": 0.892, "ExperienceBWT/eval_phase/test_stream/Task000/Exp008": -0.892, "ExperienceForgetting/eval_phase/test_stream/Task000/Exp009": 0.882, "ExperienceBWT/eval_phase/test_stream/Task000/Exp009": -0.882, "ExperienceForgetting/eval_phase/test_stream/Task000/Exp010": 0.816, "ExperienceBWT/eval_phase/test_stream/Task000/Exp010": -0.816, "ExperienceForgetting/eval_phase/test_stream/Task000/Exp011": 0.864, "ExperienceBWT/eval_phase/test_stream/Task000/Exp011": -0.864, "ExperienceForgetting/eval_phase/test_stream/Task000/Exp012": 0.774, "ExperienceBWT/eval_phase/test_stream/Task000/Exp012": -0.774, "ExperienceForgetting/eval_phase/test_stream/Task000/Exp013": 0.932, "ExperienceBWT/eval_phase/test_stream/Task000/Exp013": -0.932, "ExperienceForgetting/eval_phase/test_stream/Task000/Exp014": 0.864, "ExperienceBWT/eval_phase/test_stream/Task000/Exp014": -0.864, "ExperienceForgetting/eval_phase/test_stream/Task000/Exp015": 0.85, "ExperienceBWT/eval_phase/test_stream/Task000/Exp015": -0.85, "ExperienceForgetting/eval_phase/test_stream/Task000/Exp016": 0.914, "ExperienceBWT/eval_phase/test_stream/Task000/Exp016": -0.914, "ExperienceForgetting/eval_phase/test_stream/Task000/Exp017": 0.876, "ExperienceBWT/eval_phase/test_stream/Task000/Exp017": -0.876, "ExperienceForgetting/eval_phase/test_stream/Task000/Exp018": 0.862, "ExperienceBWT/eval_phase/test_stream/Task000/Exp018": -0.862}, "learning_acc": [0.792, 0.87, 0.842, 0.93, 0.824, 0.92, 0.742, 0.89, 0.892, 0.882, 0.816, 0.864, 0.774, 0.932, 0.864, 0.85, 0.914, 0.876, 0.862, 0.752], "acc_matrix": [[0.792, 0.0, 0.0, 0.0, 0.0, 0.0, 0.0, 0.0, 0.0, 0.0, 0.0, 0.0, 0.0, 0.0, 0.0, 0.0, 0.0, 0.0, 0.0, 0.0], [0.0, 0.87, 0.0, 0.0, 0.0, 0.0, 0.0, 0.0, 0.0, 0.0, 0.0, 0.0, 0.0, 0.0, 0.0, 0.0, 0.0, 0.0, 0.0, 0.0], [0.0, 0.0, 0.842, 0.0, 0.0, 0.0, 0.0, 0.0, 0.0, 0.0, 0.0, 0.0, 0.0, 0.0, 0.0, 0.0, 0.0, 0.0, 0.0, 0.0], [0.0, 0.0, 0.0, 0.93, 0.0, 0.0, 0.0, 0.0, 0.0, 0.0, 0.0, 0.0, 0.0, 0.0, 0.0, 0.0, 0.0, 0.0, 0.0, 0.0], [0.0, 0.0, 0.0, 0.0, 0.824, 0.0, 0.0, 0.0, 0.0, 0.0, 0.0, 0.0, 0.0, 0.0, 0.0, 0.0, 0.0, 0.0, 0.0, 0.0], [0.0, 0.0, 0.0, 0.0, 0.0, 0.92, 0.0, 0.0, 0.0, 0.0, 0.0, 0.0, 0.0, 0.0, 0.0, 0.0, 0.0, 0.0, 0.0, 0.0], [0.0, 0.0, 0.0, 0.0, 0.0, 0.0, 0.742, 0.0, 0.0, 0.0, 0.0, 0.0, 0.0, 0.0, 0.0, 0.0, 0.0, 0.0, 0.0, 0.0], [0.0, 0.0, 0.0, 0.0, 0.0, 0.0, 0.0, 0.89, 0.0, 0.0, 0.0, 0.0, 0.0, 0.0, 0.0, 0.0, 0.0, 0.0, 0.0, 0.0], [0.0, 0.0, 0.0, 0.0, 0.0, 0.0, 0.0, 0.0, 0.892, 0.0, 0.0, 0.0, 0.0, 0.0, 0.0, 0.0, 0.0, 0.0, 0.0, 0.0], [0.0, 0.0, 0.0, 0.0, 0.0, 0.0, 0.0, 0.0, 0.0, 0.882, 0.0, 0.0, 0.0, 0.0, 0.0, 0.0, 0.0, 0.0, 0.0, 0.0], [0.0, 0.0, 0.0, 0.0, 0.0, 0.0, 0.0, 0.0, 0.0, 0.0, 0.816, 0.0, 0.0, 0.0, 0.0, 0.0, 0.0, 0.0, 0.0, 0.0], [0.0, 0.0, 0.0, 0.0, 0.0, 0.0, 0.0, 0.0, 0.0, 0.0, 0.0, 0.864, 0.0, 0.0, 0.0, 0.0, 0.0, 0.0, 0.0, 0.0], [0.0, 0.0, 0.0, 0.0, 0.0, 0.0, 0.0, 0.0, 0.0, 0.0, 0.0, 0.0, 0.774, 0.0, 0.0, 0.0, 0.0, 0.0, 0.0, 0.0], [0.0, 0.0, 0.0, 0.0, 0.0, 0.0, 0.0, 0.0, 0.0, 0.0, 0.0, 0.0, 0.0, 0.932, 0.0, 0.0, 0.0, 0.0, 0.0, 0.0], [0.0, 0.0, 0.0, 0.0, 0.0, 0.0, 0.0, 0.0, 0.0, 0.0, 0.0, 0.0, 0.0, 0.0, 0.864, 0.0, 0.0, 0.0, 0.0, 0.0], [0.0, 0.0, 0.0, 0.0, 0.0, 0.0, 0.0, 0.0, 0.0, 0.0, 0.0, 0.0, 0.0, 0.0, 0.0, 0.85, 0.0, 0.0, 0.0, 0.0], [0.0, 0.0, 0.0, 0.0, 0.0, 0.0, 0.0, 0.0, 0.0, 0.0, 0.0, 0.0, 0.0, 0.0, 0.0, 0.0, 0.914, 0.0, 0.0, 0.0], [0.0, 0.0, 0.0, 0.0, 0.0, 0.0, 0.0, 0.0, 0.0, 0.0, 0.0, 0.0, 0.0, 0.0, 0.0, 0.0, 0.0, 0.876, 0.0, 0.0], [0.0, 0.0, 0.0, 0.0, 0.0, 0.0, 0.0, 0.0, 0.0, 0.0, 0.0, 0.0, 0.0, 0.0, 0.0, 0.0, 0.0, 0.0, 0.862, 0.0], [0.0, 0.0, 0.0, 0.0, 0.0, 0.0, 0.0, 0.0, 0.0, 0.0, 0.0, 0.0, 0.0, 0.0, 0.0, 0.0, 0.0, 0.0, 0.0, 0.752]], "avg_forgetting": 85.97894736842105, "bwt": -85.97894736842105, "selfcheck_ok": true, "h3": {"overlap_summary": {"matrices": {"0": [[1.0, 0.7569751662879074, 0.6532429086377054, 0.6345533910479163, 0.5363199122438987, 0.4618832824210725, 0.5889521963511561, 0.5226036127089594, 0.5148960535150998, 0.46385978140149, 0.4863719891585686, 0.5866551002472997, 0.46737056496002743, 0.5626028935810362, 0.49560071504090664, 0.4772964689444092, 0.49729717595505424, 0.45607472033825003, 0.43749865009198885, 0.442440254434191], [0.7569751662879074, 1.0, 0.786352749597514, 0.7348717075244604, 0.6351308433067722, 0.5997559336208774, 0.651103342312893, 0.6047589153958803, 0.6070632278004479, 0.5573426351535801, 0.6072608010723382, 0.6355557784951053, 0.5637351662563456, 0.5927641747797021, 0.5599463479774783, 0.5300252868359758, 0.5991050391448245, 0.5689297108970767, 0.5387709025961747, 0.5515925532260012], [0.6532429086377054, 0.786352749597514, 1.0, 0.8302294732972787, 0.7334770040647212, 0.7078897773402419, 0.7647823871560847, 0.7430645057995733, 0.7431669582310286, 0.691801167764276, 0.6916947591014976, 0.717953704079334, 0.6764427878309642, 0.6973106107945574, 0.6871600163558484, 0.6379098476378253, 0.6928492680801513, 0.6774451374128425, 0.6302831640265075, 0.6663680991730885], [0.6345533910479163, 0.7348717075244604, 0.8302294732972787, 1.0, 0.7518435254159754, 0.7205608887079064, 0.7406434355349722, 0.7064308947933495, 0.7202147481135206, 0.6954997100793894, 0.7046644538785475, 0.7528650305983569, 0.693028887472317, 0.701932635129414, 0.6785615964823876, 0.6509309097906146, 0.7081765707552324, 0.6448368005688964, 0.6106071422818335, 0.6464240723041754], [0.5363199122438987, 0.6351308433067722, 0.7334770040647212, 0.7518435254159754, 1.0, 0.7300976312598666, 0.7145802228651397, 0.7232720752410744, 0.7330354920977107, 0.7325098376282856, 0.7239748404543828, 0.7157977346401022, 0.6786183753737041, 0.7193281419620489, 0.680124485489698, 0.6759520537195008, 0.690181165713452, 0.6741613615799609, 0.6133074799268118, 0.6352185852359903], [0.4618832824210725, 0.5997559336208774, 0.7078897773402419, 0.7205608887079064, 0.7300976312598666, 1.0, 0.7389213227561273, 0.7563599238772111, 0.721785340144369, 0.7267984308851653, 0.6878240721584797, 0.6676159593860856, 0.7365377168568458, 0.6747478512356722, 0.6916948773875738, 0.6850166271610789, 0.6941407054019624, 0.653152607924798, 0.6328508528305897, 0.6779775724651196], [0.5889521963511561, 0.651103342312893, 0.7647823871560847, 0.7406434355349722, 0.7145802228651397, 0.7389213227561273, 1.0, 0.8324709851901726, 0.758489780193828, 0.7017407477296582, 0.7343204910301557, 0.7479794662427198, 0.7430928369945022, 0.736697932366968, 0.7330215281457654, 0.6748255931364159, 0.7057678682597471, 0.6869662330528683, 0.671212402436634, 0.7175912237508396], [0.5226036127089594, 0.6047589153958803, 0.7430645057995733, 0.7064308947933495, 0.7232720752410744, 0.7563599238772111, 0.8324709851901726, 1.0, 0.848460748342344, 0.8095606112560287, 0.7778718609021801, 0.7717550906878845, 0.792506654758257, 0.7838903243123657, 0.8110614338853721, 0.7540711918205708, 0.7358711011854246, 0.7321129666758043, 0.7023324374515427, 0.7445521319554927], [0.5148960535150998, 0.6070632278004479, 0.7431669582310286, 0.7202147481135206, 0.7330354920977107, 0.721785340144369, 0.758489780193828, 0.848460748342344, 1.0, 0.8288785470013847, 0.7959006062973991, 0.7606361841548092, 0.7598973957523057, 0.7752051228519227, 0.7626335876589839, 0.7505206924309411, 0.7347793583342166, 0.719707046644825, 0.6955401493454939, 0.7269832668320109], [0.46385978140149, 0.5573426351535801, 0.691801167764276, 0.6954997100793894, 0.7325098376282856, 0.7267984308851653, 0.7017407477296582, 0.8095606112560287, 0.8288785470013847, 1.0, 0.7964317068883261, 0.7513628626556405, 0.7816699971691365, 0.7717381425576965, 0.7716595654851776, 0.7488008755198813, 0.7195728838171253, 0.7112419673367172, 0.6840856081263483, 0.7177636817363364], [0.4863719891585686, 0.6072608010723382, 0.6916947591014976, 0.7046644538785475, 0.7239748404543828, 0.6878240721584797, 0.7343204910301557, 0.7778718609021801, 0.7959006062973991, 0.7964317068883261, 1.0, 0.856190920985976, 0.8153787791065048, 0.7819935353226568, 0.7566261704310949, 0.7375874450570175, 0.7536297606702946, 0.7285159573976951, 0.7054767495867889, 0.7305197060920329], [0.5866551002472997, 0.6355557784951053, 0.717953704079334, 0.7528650305983569, 0.7157977346401022, 0.6676159593860856, 0.7479794662427198, 0.7717550906878845, 0.7606361841548092, 0.7513628626556405, 0.856190920985976, 1.0, 0.8065585039234258, 0.7817900375302036, 0.756245284172898, 0.7253518712537935, 0.7520526951294235, 0.6920217875660535, 0.6560471012611236, 0.6979027328947768], [0.46737056496002743, 0.5637351662563456, 0.6764427878309642, 0.693028887472317, 0.6786183753737041, 0.7365377168568458, 0.7430928369945022, 0.792506654758257, 0.7598973957523057, 0.7816699971691365, 0.8153787791065048, 0.8065585039234258, 1.0, 0.8043357630049596, 0.8053462869305286, 0.7578852972561674, 0.7697837327325413, 0.7142366638444436, 0.7288166895130477, 0.7611208544472436], [0.5626028935810362, 0.5927641747797021, 0.6973106107945574, 0.701932635129414, 0.7193281419620489, 0.6747478512356722, 0.736697932366968, 0.7838903243123657, 0.7752051228519227, 0.7717381425576965, 0.7819935353226568, 0.7817900375302036, 0.8043357630049596, 1.0, 0.8511020548795846, 0.7870711866141233, 0.76732439647232, 0.7644491473890238, 0.7691228213961551, 0.7517585144228333], [0.49560071504090664, 0.5599463479774783, 0.6871600163558484, 0.6785615964823876, 0.680124485489698, 0.6916948773875738, 0.7330215281457654, 0.8110614338853721, 0.7626335876589839, 0.7716595654851776, 0.7566261704310949, 0.756245284172898, 0.8053462869305286, 0.8511020548795846, 1.0, 0.8039046713336964, 0.7498120822164889, 0.7448120125921648, 0.7361160717009447, 0.7710375648721741], [0.4772964689444092, 0.5300252868359758, 0.6379098476378253, 0.6509309097906146, 0.6759520537195008, 0.6850166271610789, 0.6748255931364159, 0.7540711918205708, 0.7505206924309411, 0.7488008755198813, 0.7375874450570175, 0.7253518712537935, 0.7578852972561674, 0.7870711866141233, 0.8039046713336964, 1.0, 0.7593679077228362, 0.6961983175225771, 0.6620271776939073, 0.7177755455129933], [0.49729717595505424, 0.5991050391448245, 0.6928492680801513, 0.7081765707552324, 0.690181165713452, 0.6941407054019624, 0.7057678682597471, 0.7358711011854246, 0.7347793583342166, 0.7195728838171253, 0.7536297606702946, 0.7520526951294235, 0.7697837327325413, 0.76732439647232, 0.7498120822164889, 0.7593679077228362, 1.0, 0.7840751724777418, 0.7684379557813704, 0.7459673330275903], [0.45607472033825003, 0.5689297108970767, 0.6774451374128425, 0.6448368005688964, 0.6741613615799609, 0.653152607924798, 0.6869662330528683, 0.7321129666758043, 0.719707046644825, 0.7112419673367172, 0.7285159573976951, 0.6920217875660535, 0.7142366638444436, 0.7644491473890238, 0.7448120125921648, 0.6961983175225771, 0.7840751724777418, 1.0, 0.8256459226668076, 0.7698410560283151], [0.43749865009198885, 0.5387709025961747, 0.6302831640265075, 0.6106071422818335, 0.6133074799268118, 0.6328508528305897, 0.671212402436634, 0.7023324374515427, 0.6955401493454939, 0.6840856081263483, 0.7054767495867889, 0.6560471012611236, 0.7288166895130477, 0.7691228213961551, 0.7361160717009447, 0.6620271776939073, 0.7684379557813704, 0.8256459226668076, 1.0, 0.8096757477168949], [0.442440254434191, 0.5515925532260012, 0.6663680991730885, 0.6464240723041754, 0.6352185852359903, 0.6779775724651196, 0.7175912237508396, 0.7445521319554927, 0.7269832668320109, 0.7177636817363364, 0.7305197060920329, 0.6979027328947768, 0.7611208544472436, 0.7517585144228333, 0.7710375648721741, 0.7177755455129933, 0.7459673330275903, 0.7698410560283151, 0.8096757477168949, 1.0]], "1": [[1.0, 0.2819296226171506, 0.15450834222598264, 0.13475908728876007, 0.18078609267437556, 0.1680485466818418, 0.22628726382975473, 0.22080027445168976, 0.18667420193643958, 0.17725082113738985, 0.23899710693994283, 0.1857918222328021, 0.18688603466386322, 0.22875223833465735, 0.13843805993237604, 0.1666556710249455, 0.10330113277833775, 0.22530757671968893, 0.20336693417681137, 0.1583745610523257], [0.2819296226171506, 1.0, 0.16191896127445443, 0.11852648733846752, 0.16507090133389876, 0.15333121429683547, 0.18236953875783693, 0.18499564913845892, 0.14765524124482776, 0.17250756246393803, 0.18450175187691442, 0.17160062007428875, 0.17462475920478499, 0.18032793403208341, 0.12293475297117452, 0.14486768634433378, 0.11293129612624478, 0.1830009344422295, 0.18023406058067534, 0.1357826818969504], [0.15450834222598264, 0.16191896127445443, 1.0, 0.13562395590488163, 0.1522201670662422, 0.14021462585646002, 0.155064976027288, 0.18777488612031332, 0.117976681666384, 0.14060775392666439, 0.13322845268678654, 0.14620405890817714, 0.12480019777593163, 0.16899146232420686, 0.1192906471970987, 0.10733709505093263, 0.09761507583230745, 0.14479885896747852, 0.14353522955582057, 0.14187842255379074], [0.13475908728876007, 0.11852648733846752, 0.13562395590488163, 1.0, 0.1088565289891179, 0.10337926481481441, 0.12495656482596076, 0.12615396540713686, 0.08965260599652722, 0.11830094511489847, 0.11203672954124783, 0.10148623197653965, 0.1031897280289943, 0.09711441292745149, 0.0919849355152872, 0.08393984874893555, 0.056095474963078075, 0.09578826741682776, 0.10270695927197966, 0.09508968075579978], [0.18078609267437556, 0.16507090133389876, 0.1522201670662422, 0.1088565289891179, 1.0, 0.1917696554139001, 0.19421425224418776, 0.146146049513637, 0.14805453440430189, 0.15494064166226285, 0.17353386249028208, 0.1762436214756589, 0.1717900950910241, 0.18349725894684152, 0.0916801419828958, 0.12493906220552752, 0.11367572772503914, 0.1570895167259897, 0.15996110887920778, 0.1304187442939636], [0.1680485466818418, 0.15333121429683547, 0.14021462585646002, 0.10337926481481441, 0.1917696554139001, 1.0, 0.14713689543398062, 0.16006419622469784, 0.1263305829477802, 0.12233819147723296, 0.1591665277373487, 0.14180054003957684, 0.1633969659414774, 0.13382471790984138, 0.1083991228057252, 0.0956564740413366, 0.1333424243831493, 0.12615486225189532, 0.12719173051802307, 0.11504837393543439], [0.22628726382975473, 0.18236953875783693, 0.155064976027288, 0.12495656482596076, 0.19421425224418776, 0.14713689543398062, 1.0, 0.18639190459957514, 0.15149599949541348, 0.143394744732601, 0.16888924869105235, 0.16977788763050888, 0.17630894884486747, 0.15858467806851065, 0.11593125748070746, 0.14317081977911802, 0.11642606363178234, 0.1574841859024463, 0.16500661181722878, 0.13330500186556474], [0.22080027445168976, 0.18499564913845892, 0.18777488612031332, 0.12615396540713686, 0.146146049513637, 0.16006419622469784, 0.18639190459957514, 1.0, 0.19904553719294615, 0.16365747548505552, 0.165739484398277, 0.17936578925335628, 0.16275969999420753, 0.18083628335543772, 0.10759226084397072, 0.1363338269574121, 0.1306560453862691, 0.14116551778466424, 0.15354611592530845, 0.13480549702546785], [0.18667420193643958, 0.14765524124482776, 0.117976681666384, 0.08965260599652722, 0.14805453440430189, 0.1263305829477802, 0.15149599949541348, 0.19904553719294615, 1.0, 0.15563321246292172, 0.1464443668091473, 0.16613800676394946, 0.12919011123913537, 0.1725734234421901, 0.0905466085302289, 0.15163748882893682, 0.10685833887013475, 0.15464372329144505, 0.1391998828129079, 0.11638965949942334], [0.17725082113738985, 0.17250756246393803, 0.14060775392666439, 0.11830094511489847, 0.15494064166226285, 0.12233819147723296, 0.143394744732601, 0.16365747548505552, 0.15563321246292172, 1.0, 0.18623069011399343, 0.14999297112186336, 0.1391722554419989, 0.16058661711674532, 0.09440007446139362, 0.1284476476548484, 0.09976850030329695, 0.13100691313580334, 0.13599769737651646, 0.12748746146970216], [0.23899710693994283, 0.18450175187691442, 0.13322845268678654, 0.11203672954124783, 0.17353386249028208, 0.1591665277373487, 0.16888924869105235, 0.165739484398277, 0.1464443668091473, 0.18623069011399343, 1.0, 0.19841523845898232, 0.1750894625371854, 0.16464088145610967, 0.10337580082707952, 0.1219900490528081, 0.10237131634393398, 0.13127073961178834, 0.1734990204489725, 0.12481803916350137], [0.1857918222328021, 0.17160062007428875, 0.14620405890817714, 0.10148623197653965, 0.1762436214756589, 0.14180054003957684, 0.16977788763050888, 0.17936578925335628, 0.16613800676394946, 0.14999297112186336, 0.19841523845898232, 1.0, 0.1833402253108649, 0.17184906230564614, 0.1161027033383494, 0.12307491032518827, 0.12412313266593561, 0.16552320586303845, 0.13331877138981413, 0.14592994101326556], [0.18688603466386322, 0.17462475920478499, 0.12480019777593163, 0.1031897280289943, 0.1717900950910241, 0.1633969659414774, 0.17630894884486747, 0.16275969999420753, 0.12919011123913537, 0.1391722554419989, 0.1750894625371854, 0.1833402253108649, 1.0, 0.1668076008164756, 0.10045198113949078, 0.11145729089007209, 0.10532064220737415, 0.1286025353478589, 0.1304621712616771, 0.13796045542790866], [0.22875223833465735, 0.18032793403208341, 0.16899146232420686, 0.09711441292745149, 0.18349725894684152, 0.13382471790984138, 0.15858467806851065, 0.18083628335543772, 0.1725734234421901, 0.16058661711674532, 0.16464088145610967, 0.17184906230564614, 0.1668076008164756, 1.0, 0.11678977594273869, 0.14180500075179195, 0.1166886116241328, 0.16867153446277053, 0.17943648123910935, 0.13103980559359021], [0.13843805993237604, 0.12293475297117452, 0.1192906471970987, 0.0919849355152872, 0.0916801419828958, 0.1083991228057252, 0.11593125748070746, 0.10759226084397072, 0.0905466085302289, 0.09440007446139362, 0.10337580082707952, 0.1161027033383494, 0.10045198113949078, 0.11678977594273869, 1.0, 0.0935607050099733, 0.09725245780202084, 0.10613979386680433, 0.12574738908302482, 0.10515961459376057], [0.1666556710249455, 0.14486768634433378, 0.10733709505093263, 0.08393984874893555, 0.12493906220552752, 0.0956564740413366, 0.14317081977911802, 0.1363338269574121, 0.15163748882893682, 0.1284476476548484, 0.1219900490528081, 0.12307491032518827, 0.11145729089007209, 0.14180500075179195, 0.0935607050099733, 1.0, 0.11491229736612926, 0.12834223584226112, 0.1483757925056127, 0.11353983966939965], [0.10330113277833775, 0.11293129612624478, 0.09761507583230745, 0.056095474963078075, 0.11367572772503914, 0.1333424243831493, 0.11642606363178234, 0.1306560453862691, 0.10685833887013475, 0.09976850030329695, 0.10237131634393398, 0.12412313266593561, 0.10532064220737415, 0.1166886116241328, 0.09725245780202084, 0.11491229736612926, 1.0, 0.10692156496931585, 0.1442524450421474, 0.11385709594463497], [0.22530757671968893, 0.1830009344422295, 0.14479885896747852, 0.09578826741682776, 0.1570895167259897, 0.12615486225189532, 0.1574841859024463, 0.14116551778466424, 0.15464372329144505, 0.13100691313580334, 0.13127073961178834, 0.16552320586303845, 0.1286025353478589, 0.16867153446277053, 0.10613979386680433, 0.12834223584226112, 0.10692156496931585, 1.0, 0.17187647910855128, 0.13231880276796246], [0.20336693417681137, 0.18023406058067534, 0.14353522955582057, 0.10270695927197966, 0.15996110887920778, 0.12719173051802307, 0.16500661181722878, 0.15354611592530845, 0.1391998828129079, 0.13599769737651646, 0.1734990204489725, 0.13331877138981413, 0.1304621712616771, 0.17943648123910935, 0.12574738908302482, 0.1483757925056127, 0.1442524450421474, 0.17187647910855128, 1.0, 0.13913180918090337], [0.1583745610523257, 0.1357826818969504, 0.14187842255379074, 0.09508968075579978, 0.1304187442939636, 0.11504837393543439, 0.13330500186556474, 0.13480549702546785, 0.11638965949942334, 0.12748746146970216, 0.12481803916350137, 0.14592994101326556, 0.13796045542790866, 0.13103980559359021, 0.10515961459376057, 0.11353983966939965, 0.11385709594463497, 0.13231880276796246, 0.13913180918090337, 1.0]], "2": [[1.0, 0.3692715249130235, 0.13865309850525442, 0.25696929112036365, 0.15982231582970535, 0.17042278825784943, 0.1884208949213928, 0.1389028650156603, 0.24681270835671554, 0.15113464923349462, 0.18093556403224315, 0.18627611119726956, 0.13094563489586153, 0.2579553519711537, 0.1807480037235591, 0.21898512172755732, 0.1896660063637738, 0.2885754391667934, 0.20322812641268914, 0.14387425980202617], [0.3692715249130235, 1.0, 0.09992343500769958, 0.38834470410713084, 0.09831529391042947, 0.3159141264868008, 0.1986634454398057, 0.09644634208109443, 0.27539380055897505, 0.28230712683089887, 0.3570316732578324, 0.16692183141192188, 0.24990442947501026, 0.24770857440431412, 0.19245351877438766, 0.2254398805467874, 0.25268140392599553, 0.2834313813848951, 0.2246834895800713, 0.09930994633360074], [0.13865309850525442, 0.09992343500769958, 1.0, 0.12781807561915248, 0.17386267250862655, 0.10265059586317382, 0.09737367956545348, 0.1594254001739695, 0.12461558173367122, 0.13279253022071202, 0.10181861171831477, 0.10295432261567769, 0.08984624908741762, 0.1772998907144392, 0.10419073174343525, 0.1440901102050827, 0.12091355083928129, 0.15175526689704608, 0.10745265667880585, 0.10294592658170681], [0.25696929112036365, 0.38834470410713084, 0.12781807561915248, 1.0, 0.22014840229024982, 0.19990472329497752, 0.11703493055746987, 0.1743077883985817, 0.2006777587019368, 0.24695862462821358, 0.2169699249512937, 0.1835690070793138, 0.18326282002339755, 0.2861851169036451, 0.16824743432904676, 0.190086196207873, 0.24025619189320957, 0.2650150772760316, 0.20539007034661583, 0.17010786157440713], [0.15982231582970535, 0.09831529391042947, 0.17386267250862655, 0.22014840229024982, 1.0, 0.1532665437246093, 0.1568644432436274, 0.1966250235529083, 0.13087058566093945, 0.20207215921697283, 0.12761149145796213, 0.11888197937891988, 0.09469313636066565, 0.17991733684082242, 0.1462581605252113, 0.20095404641934322, 0.24390716926783998, 0.2005915243821483, 0.28910200633630223, 0.1328578434385515], [0.17042278825784943, 0.3159141264868008, 0.10265059586317382, 0.19990472329497752, 0.1532665437246093, 1.0, 0.12300911234649865, 0.1597528004567203, 0.2703318952904588, 0.3091436877214286, 0.4253792736963581, 0.08387983679524097, 0.3327670928003386, 0.17271090063921504, 0.2723983489511261, 0.1913490608044709, 0.24715989619632264, 0.15384989232505983, 0.2670389868015654, 0.12067770184160831], [0.1884208949213928, 0.1986634454398057, 0.09737367956545348, 0.11703493055746987, 0.1568644432436274, 0.12300911234649865, 1.0, 0.14822378600029204, 0.2180453618841902, 0.18670241411318358, 0.20742957950359767, 0.10327986784556488, 0.11700815571041706, 0.17039137346984456, 0.13964403858875413, 0.1372230898248901, 0.20516728395540446, 0.15957723958213008, 0.2584965499164727, 0.21855659597382837], [0.1389028650156603, 0.09644634208109443, 0.1594254001739695, 0.1743077883985817, 0.1966250235529083, 0.1597528004567203, 0.14822378600029204, 1.0, 0.13738031746444085, 0.14364281608134874, 0.1290749243017631, 0.10159209900017825, 0.14203963397750127, 0.14216173933544884, 0.14064830308938236, 0.20647496226939102, 0.2578975991722421, 0.18786411613893533, 0.1763723644730567, 0.11970656101927708], [0.24681270835671554, 0.27539380055897505, 0.12461558173367122, 0.2006777587019368, 0.13087058566093945, 0.2703318952904588, 0.2180453618841902, 0.13738031746444085, 1.0, 0.2640348737775293, 0.29866925330121613, 0.14836406987567635, 0.19584444599829717, 0.23090021123816767, 0.23600330545132317, 0.20807189647903204, 0.21260366644230058, 0.24564472481437685, 0.20546072666738233, 0.12606894980725875], [0.15113464923349462, 0.28230712683089887, 0.13279253022071202, 0.24695862462821358, 0.20207215921697283, 0.3091436877214286, 0.18670241411318358, 0.14364281608134874, 0.2640348737775293, 1.0, 0.3019706905831234, 0.12941529733407392, 0.19815376431578946, 0.22923173257187687, 0.22055231381274484, 0.21555064541824512, 0.29165562807001827, 0.22948367309276996, 0.32518739170106037, 0.08808456425248458], [0.18093556403224315, 0.3570316732578324, 0.10181861171831477, 0.2169699249512937, 0.12761149145796213, 0.4253792736963581, 0.20742957950359767, 0.1290749243017631, 0.29866925330121613, 0.3019706905831234, 1.0, 0.09803014951844817, 0.3359580757557721, 0.2919668772267741, 0.2615336947398782, 0.1464258178724565, 0.20202323025606495, 0.16827251156724624, 0.2982744859864175, 0.13555713940361186], [0.18627611119726956, 0.16692183141192188, 0.10295432261567769, 0.1835690070793138, 0.11888197937891988, 0.08387983679524097, 0.10327986784556488, 0.10159209900017825, 0.14836406987567635, 0.12941529733407392, 0.09803014951844817, 1.0, 0.08732298777714463, 0.2370820178263457, 0.1413574800285174, 0.2377773662545332, 0.16931904249096416, 0.21055963394839247, 0.10568067940960149, 0.1260459880608884], [0.13094563489586153, 0.24990442947501026, 0.08984624908741762, 0.18326282002339755, 0.09469313636066565, 0.3327670928003386, 0.11700815571041706, 0.14203963397750127, 0.19584444599829717, 0.19815376431578946, 0.3359580757557721, 0.08732298777714463, 1.0, 0.19493035451748203, 0.19861458578816027, 0.19118888440897494, 0.21209485168222927, 0.1239891008095511, 0.18056028462523138, 0.11158298834568882], [0.2579553519711537, 0.24770857440431412, 0.1772998907144392, 0.2861851169036451, 0.17991733684082242, 0.17271090063921504, 0.17039137346984456, 0.14216173933544884, 0.23090021123816767, 0.22923173257187687, 0.2919668772267741, 0.2370820178263457, 0.19493035451748203, 1.0, 0.2821094877070007, 0.20156476000551657, 0.1669346796332115, 0.27718849808907214, 0.21515231757992226, 0.14293342488156938], [0.1807480037235591, 0.19245351877438766, 0.10419073174343525, 0.16824743432904676, 0.1462581605252113, 0.2723983489511261, 0.13964403858875413, 0.14064830308938236, 0.23600330545132317, 0.22055231381274484, 0.2615336947398782, 0.1413574800285174, 0.19861458578816027, 0.2821094877070007, 1.0, 0.2092127139003903, 0.1565114338797103, 0.1716493654119519, 0.1991915908463239, 0.07151063234098398], [0.21898512172755732, 0.2254398805467874, 0.1440901102050827, 0.190086196207873, 0.20095404641934322, 0.1913490608044709, 0.1372230898248901, 0.20647496226939102, 0.20807189647903204, 0.21555064541824512, 0.1464258178724565, 0.2377773662545332, 0.19118888440897494, 0.20156476000551657, 0.2092127139003903, 1.0, 0.3641212359302795, 0.3244585570993998, 0.2412677652953347, 0.1100144716322704], [0.1896660063637738, 0.25268140392599553, 0.12091355083928129, 0.24025619189320957, 0.24390716926783998, 0.24715989619632264, 0.20516728395540446, 0.2578975991722421, 0.21260366644230058, 0.29165562807001827, 0.20202323025606495, 0.16931904249096416, 0.21209485168222927, 0.1669346796332115, 0.1565114338797103, 0.3641212359302795, 1.0, 0.3373386625982724, 0.3188734650372972, 0.167023180554067], [0.2885754391667934, 0.2834313813848951, 0.15175526689704608, 0.2650150772760316, 0.2005915243821483, 0.15384989232505983, 0.15957723958213008, 0.18786411613893533, 0.24564472481437685, 0.22948367309276996, 0.16827251156724624, 0.21055963394839247, 0.1239891008095511, 0.27718849808907214, 0.1716493654119519, 0.3244585570993998, 0.3373386625982724, 1.0, 0.24527590970886273, 0.1048705444679615], [0.20322812641268914, 0.2246834895800713, 0.10745265667880585, 0.20539007034661583, 0.28910200633630223, 0.2670389868015654, 0.2584965499164727, 0.1763723644730567, 0.20546072666738233, 0.32518739170106037, 0.2982744859864175, 0.10568067940960149, 0.18056028462523138, 0.21515231757992226, 0.1991915908463239, 0.2412677652953347, 0.3188734650372972, 0.24527590970886273, 1.0, 0.19901084278817133], [0.14387425980202617, 0.09930994633360074, 0.10294592658170681, 0.17010786157440713, 0.1328578434385515, 0.12067770184160831, 0.21855659597382837, 0.11970656101927708, 0.12606894980725875, 0.08808456425248458, 0.13555713940361186, 0.1260459880608884, 0.11158298834568882, 0.14293342488156938, 0.07151063234098398, 0.1100144716322704, 0.167023180554067, 0.1048705444679615, 0.19901084278817133, 1.0]]}, "per_layer_inter": {"0": 0.6992282270714913, "1": 0.14394436442617578, "2": 0.19304335916865123}, "O_inter": 0.3454053168887728, "O_intra": 1.0, "Obar": 0.3454053168887728, "inner": -0.6545946831112273}, "phase_stability": "N/A - no oscillator state"}}