{"rung": "R5:no_proj", "scenario": "class", "nexp": 20, "epochs": 50, "seed": 0, "metrics": {"Top1_Acc_Exp/eval_phase/test_stream/Task000/Exp000": 0.0, "Top1_Acc_Exp/eval_phase/test_stream/Task000/Exp001": 0.0, "Top1_Acc_Exp/eval_phase/test_stream/Task000/Exp002": 0.0, "Top1_Acc_Exp/eval_phase/test_stream/Task000/Exp003": 0.0, "Top1_Acc_Exp/eval_phase/test_stream/Task000/Exp004": 0.0, "Top1_Acc_Exp/eval_phase/test_stream/Task000/Exp005": 0.0, "Top1_Acc_Exp/eval_phase/test_stream/Task000/Exp006": 0.0, "Top1_Acc_Exp/eval_phase/test_stream/Task000/Exp007": 0.0, "Top1_Acc_Exp/eval_phase/test_stream/Task000/Exp008": 0.0, "Top1_Acc_Exp/eval_phase/test_stream/Task000/Exp009": 0.0, "Top1_Acc_Exp/eval_phase/test_stream/Task000/Exp010": 0.0, "Top1_Acc_Exp/eval_phase/test_stream/Task000/Exp011": 0.0, "Top1_Acc_Exp/eval_phase/test_stream/Task000/Exp012": 0.0, "Top1_Acc_Exp/eval_phase/test_stream/Task000/Exp013": 0.0, "Top1_Acc_Exp/eval_phase/test_stream/Task000/Exp014": 0.0, "Top1_Acc_Exp/eval_phase/test_stream/Task000/Exp015": 0.0, "Top1_Acc_Exp/eval_phase/test_stream/Task000/Exp016": 0.0, "Top1_Acc_Exp/eval_phase/test_stream/Task000/Exp017": 0.0, "Top1_Acc_Exp/eval_phase/test_stream/Task000/Exp018": 0.0, "Top1_Acc_Exp/eval_phase/test_stream/Task000/Exp019": 0.878, "Top1_Acc_Stream/eval_phase/test_stream/Task000": 0.0439, "StreamForgetting/eval_phase/test_stream": 0.8367368421052631, "StreamBWT/eval_phase/test_stream": -0.8367368421052631, "ExperienceForgetting/eval_phase/test_stream/Task000/Exp000": 0.786, "ExperienceBWT/eval_phase/test_stream/Task000/Exp000": -0.786, "ExperienceForgetting/eval_phase/test_stream/Task000/Exp001": 0.902, "ExperienceBWT/eval_phase/test_stream/Task000/Exp001": -0.902, "ExperienceForgetting/eval_phase/test_stream/Task000/Exp002": 0.79, "ExperienceBWT/eval_phase/test_stream/Task000/Exp002": -0.79, "ExperienceForgetting/eval_phase/test_stream/Task000/Exp003": 0.886, "ExperienceBWT/eval_phase/test_stream/Task000/Exp003": -0.886, "ExperienceForgetting/eval_phase/test_stream/Task000/Exp004": 0.798, "ExperienceBWT/eval_phase/test_stream/Task000/Exp004": -0.798, "ExperienceForgetting/eval_phase/test_stream/Task000/Exp005": 0.824, "ExperienceBWT/eval_phase/test_stream/Task000/Exp005": -0.824, "ExperienceForgetting/eval_phase/test_stream/Task000/Exp006": 0.824, "ExperienceBWT/eval_phase/test_stream/Task000/Exp006": -0.824, "ExperienceForgetting/eval_phase/test_stream/Task000/Exp007": 0.874, "ExperienceBWT/eval_phase/test_stream/Task000/Exp007": -0.874, "ExperienceForgetting/eval_phase/test_stream/Task000/Exp008": 0.81, "ExperienceBWT/eval_phase/test_stream/Task000/Exp008": -0.81, "ExperienceForgetting/eval_phase/test_stream/Task000/Exp009": 0.868, "ExperienceBWT/eval_phase/test_stream/Task000/Exp009": -0.868, "ExperienceForgetting/eval_phase/test_stream/Task000/Exp010": 0.856, "ExperienceBWT/eval_phase/test_stream/Task000/Exp010": -0.856, "ExperienceForgetting/eval_phase/test_stream/Task000/Exp011": 0.758, "ExperienceBWT/eval_phase/test_stream/Task000/Exp011": -0.758, "ExperienceForgetting/eval_phase/test_stream/Task000/Exp012": 0.774, "ExperienceBWT/eval_phase/test_stream/Task000/Exp012": -0.774, "ExperienceForgetting/eval_phase/test_stream/Task000/Exp013": 0.902, "ExperienceBWT/eval_phase/test_stream/Task000/Exp013": -0.902, "ExperienceForgetting/eval_phase/test_stream/Task000/Exp014": 0.842, "ExperienceBWT/eval_phase/test_stream/Task000/Exp014": -0.842, "ExperienceForgetting/eval_phase/test_stream/Task000/Exp015": 0.86, "ExperienceBWT/eval_phase/test_stream/Task000/Exp015": -0.86, "ExperienceForgetting/eval_phase/test_stream/Task000/Exp016": 0.89, "ExperienceBWT/eval_phase/test_stream/Task000/Exp016": -0.89, "ExperienceForgetting/eval_phase/test_stream/Task000/Exp017": 0.864, "ExperienceBWT/eval_phase/test_stream/Task000/Exp017": -0.864, "ExperienceForgetting/eval_phase/test_stream/Task000/Exp018": 0.79, "ExperienceBWT/eval_phase/test_stream/Task000/Exp018": -0.79}, "learning_acc": [0.786, 0.902, 0.79, 0.886, 0.798, 0.824, 0.824, 0.874, 0.81, 0.868, 0.856, 0.758, 0.774, 0.902, 0.842, 0.86, 0.89, 0.864, 0.79, 0.878], "acc_matrix": [[0.786, 0.0, 0.0, 0.0, 0.0, 0.0, 0.0, 0.0, 0.0, 0.0, 0.0, 0.0, 0.0, 0.0, 0.0, 0.0, 0.0, 0.0, 0.0, 0.0], [0.0, 0.902, 0.0, 0.0, 0.0, 0.0, 0.0, 0.0, 0.0, 0.0, 0.0, 0.0, 0.0, 0.0, 0.0, 0.0, 0.0, 0.0, 0.0, 0.0], [0.0, 0.0, 0.79, 0.0, 0.0, 0.0, 0.0, 0.0, 0.0, 0.0, 0.0, 0.0, 0.0, 0.0, 0.0, 0.0, 0.0, 0.0, 0.0, 0.0], [0.0, 0.0, 0.0, 0.886, 0.0, 0.0, 0.0, 0.0, 0.0, 0.0, 0.0, 0.0, 0.0, 0.0, 0.0, 0.0, 0.0, 0.0, 0.0, 0.0], [0.0, 0.0, 0.0, 0.0, 0.798, 0.0, 0.0, 0.0, 0.0, 0.0, 0.0, 0.0, 0.0, 0.0, 0.0, 0.0, 0.0, 0.0, 0.0, 0.0], [0.0, 0.0, 0.0, 0.0, 0.0, 0.824, 0.0, 0.0, 0.0, 0.0, 0.0, 0.0, 0.0, 0.0, 0.0, 0.0, 0.0, 0.0, 0.0, 0.0], [0.0, 0.0, 0.0, 0.0, 0.0, 0.0, 0.824, 0.0, 0.0, 0.0, 0.0, 0.0, 0.0, 0.0, 0.0, 0.0, 0.0, 0.0, 0.0, 0.0], [0.0, 0.0, 0.0, 0.0, 0.0, 0.0, 0.0, 0.874, 0.0, 0.0, 0.0, 0.0, 0.0, 0.0, 0.0, 0.0, 0.0, 0.0, 0.0, 0.0], [0.0, 0.0, 0.0, 0.0, 0.0, 0.0, 0.0, 0.0, 0.81, 0.0, 0.0, 0.0, 0.0, 0.0, 0.0, 0.0, 0.0, 0.0, 0.0, 0.0], [0.0, 0.0, 0.0, 0.0, 0.0, 0.0, 0.0, 0.0, 0.0, 0.868, 0.0, 0.0, 0.0, 0.0, 0.0, 0.0, 0.0, 0.0, 0.0, 0.0], [0.0, 0.0, 0.0, 0.0, 0.0, 0.0, 0.0, 0.0, 0.0, 0.0, 0.856, 0.0, 0.0, 0.0, 0.0, 0.0, 0.0, 0.0, 0.0, 0.0], [0.0, 0.0, 0.0, 0.0, 0.0, 0.0, 0.0, 0.0, 0.0, 0.0, 0.0, 0.758, 0.0, 0.0, 0.0, 0.0, 0.0, 0.0, 0.0, 0.0], [0.0, 0.0, 0.0, 0.0, 0.0, 0.0, 0.0, 0.0, 0.0, 0.0, 0.0, 0.0, 0.774, 0.0, 0.0, 0.0, 0.0, 0.0, 0.0, 0.0], [0.0, 0.0, 0.0, 0.0, 0.0, 0.0, 0.0, 0.0, 0.0, 0.0, 0.0, 0.0, 0.0, 0.902, 0.0, 0.0, 0.0, 0.0, 0.0, 0.0], [0.0, 0.0, 0.0, 0.0, 0.0, 0.0, 0.0, 0.0, 0.0, 0.0, 0.0, 0.0, 0.0, 0.0, 0.842, 0.0, 0.0, 0.0, 0.0, 0.0], [0.0, 0.0, 0.0, 0.0, 0.0, 0.0, 0.0, 0.0, 0.0, 0.0, 0.0, 0.0, 0.0, 0.0, 0.0, 0.86, 0.0, 0.0, 0.0, 0.0], [0.0, 0.0, 0.0, 0.0, 0.0, 0.0, 0.0, 0.0, 0.0, 0.0, 0.0, 0.0, 0.0, 0.0, 0.0, 0.0, 0.89, 0.0, 0.0, 0.0], [0.0, 0.0, 0.0, 0.0, 0.0, 0.0, 0.0, 0.0, 0.0, 0.0, 0.0, 0.0, 0.0, 0.0, 0.0, 0.0, 0.0, 0.864, 0.0, 0.0], [0.0, 0.0, 0.0, 0.0, 0.0, 0.0, 0.0, 0.0, 0.0, 0.0, 0.0, 0.0, 0.0, 0.0, 0.0, 0.0, 0.0, 0.0, 0.79, 0.0], [0.0, 0.0, 0.0, 0.0, 0.0, 0.0, 0.0, 0.0, 0.0, 0.0, 0.0, 0.0, 0.0, 0.0, 0.0, 0.0, 0.0, 0.0, 0.0, 0.878]], "avg_forgetting": 83.67368421052633, "bwt": -83.67368421052633, "selfcheck_ok": true, "h3": {"overlap_summary": {"matrices": {"0": [[1.0, 0.8359062876469157, 0.7327566662079313, 0.7214762680833463, 0.674283252072385, 0.6896910480732446, 0.7245961723976817, 0.7124816692862379, 0.7476021024901129, 0.6787592321437469, 0.6362182890381679, 0.6692696507096362, 0.6443773645756282, 0.642788389321429, 0.6763043555777808, 0.6570534742912687, 0.665761178234311, 0.6537269481923036, 0.6602034092659136, 0.6468245935619065], [0.8359062876469157, 1.0, 0.7946564677642568, 0.8025897932885984, 0.6792618677058418, 0.6851944568431939, 0.7384792128375253, 0.7353398727358751, 0.7187908030109119, 0.6491761692292678, 0.6485186721241437, 0.7389155830313023, 0.7044835897479058, 0.6935588157886242, 0.6792166566341664, 0.6720622947105431, 0.6797815390374635, 0.6312643206595541, 0.6462565429503222, 0.647282360750854], [0.7327566662079313, 0.7946564677642568, 1.0, 0.8443187934755895, 0.779116296208474, 0.7640077667887942, 0.7889942256883603, 0.740950998859388, 0.7603121345678084, 0.6698656926907874, 0.6685300774520245, 0.7096377358780264, 0.6937953682958357, 0.71056590996659, 0.7566417175465487, 0.7026401444126539, 0.7174816258321832, 0.6576607952025929, 0.652074548339868, 0.6820102984560807], [0.7214762680833463, 0.8025897932885984, 0.8443187934755895, 1.0, 0.8062277138737955, 0.7740741781807388, 0.7691944734736543, 0.736280327422899, 0.7491612077609379, 0.6887720118099101, 0.6801436401047004, 0.7402515238056043, 0.712843732561542, 0.7462046316497736, 0.7621055090247548, 0.7359262814091954, 0.7285152677548722, 0.6884187883376011, 0.7004748482442037, 0.7053323733085191], [0.674283252072385, 0.6792618677058418, 0.779116296208474, 0.8062277138737955, 1.0, 0.842939451715176, 0.8058850971986071, 0.7058836124414725, 0.7518525099236645, 0.7460389549098789, 0.7233536200669616, 0.7434786094328487, 0.7235233160677643, 0.7401264817492189, 0.7680888853417889, 0.7613375508163478, 0.7196609533077846, 0.6881570211330927, 0.6806436331427713, 0.6929181359062806], [0.6896910480732446, 0.6851944568431939, 0.7640077667887942, 0.7740741781807388, 0.842939451715176, 1.0, 0.857166277225191, 0.7565906104294136, 0.7821374427487605, 0.7569653511384018, 0.7336768847200864, 0.7285428873786086, 0.7355635648781886, 0.7536680231551638, 0.7514405265290771, 0.7339205044804555, 0.7352216370003489, 0.717667480833024, 0.725448000447126, 0.7357257481079682], [0.7245961723976817, 0.7384792128375253, 0.7889942256883603, 0.7691944734736543, 0.8058850971986071, 0.857166277225191, 1.0, 0.7875734024476434, 0.7865949825544569, 0.7613981745022688, 0.7606986128542267, 0.7575761267879948, 0.7571246683819868, 0.7637626953991848, 0.7675520186382051, 0.750077338269397, 0.7605069690343133, 0.693727556553542, 0.7192570015280023, 0.7189187134913521], [0.7124816692862379, 0.7353398727358751, 0.740950998859388, 0.736280327422899, 0.7058836124414725, 0.7565906104294136, 0.7875734024476434, 1.0, 0.812263667634504, 0.7176726007684537, 0.7272805190804539, 0.7346443464645971, 0.70693335200608, 0.7407209439042484, 0.7611368159277293, 0.7366338731197843, 0.7745546783699314, 0.6818292525764068, 0.6614379279711504, 0.7074808325926316], [0.7476021024901129, 0.7187908030109119, 0.7603121345678084, 0.7491612077609379, 0.7518525099236645, 0.7821374427487605, 0.7865949825544569, 0.812263667634504, 1.0, 0.8205099099685372, 0.7822957062526854, 0.7611737965746893, 0.685501623489248, 0.757780292555613, 0.8253173896179766, 0.8040085982139852, 0.7541176454028281, 0.7289614069775885, 0.7134792071029332, 0.7495529222519134], [0.6787592321437469, 0.6491761692292678, 0.6698656926907874, 0.6887720118099101, 0.7460389549098789, 0.7569653511384018, 0.7613981745022688, 0.7176726007684537, 0.8205099099685372, 1.0, 0.8310364013726145, 0.7101199237430436, 0.6984977811456613, 0.7488516511612346, 0.7678581773601014, 0.7619356767753747, 0.7119318289360007, 0.6991770136522142, 0.6861663811302668, 0.7033797733905813], [0.6362182890381679, 0.6485186721241437, 0.6685300774520245, 0.6801436401047004, 0.7233536200669616, 0.7336768847200864, 0.7606986128542267, 0.7272805190804539, 0.7822957062526854, 0.8310364013726145, 1.0, 0.7267523090069771, 0.6957840985955766, 0.7430808189375862, 0.7763615974762075, 0.7667047266371755, 0.7227604618636283, 0.6873909919220315, 0.6555376506968229, 0.6951495177480164], [0.6692696507096362, 0.7389155830313023, 0.7096377358780264, 0.7402515238056043, 0.7434786094328487, 0.7285428873786086, 0.7575761267879948, 0.7346443464645971, 0.7611737965746893, 0.7101199237430436, 0.7267523090069771, 1.0, 0.7713327558459593, 0.8000446362311405, 0.7705276869244654, 0.778345999759633, 0.7377841569490974, 0.6622747087921624, 0.6739093686944249, 0.6703184645893443], [0.6443773645756282, 0.7044835897479058, 0.6937953682958357, 0.712843732561542, 0.7235233160677643, 0.7355635648781886, 0.7571246683819868, 0.70693335200608, 0.685501623489248, 0.6984977811456613, 0.6957840985955766, 0.7713327558459593, 1.0, 0.7939559835464648, 0.7242146809219351, 0.6910499104818091, 0.7195182145058178, 0.6566753862478791, 0.6529180937447243, 0.6909149637340366], [0.642788389321429, 0.6935588157886242, 0.71056590996659, 0.7462046316497736, 0.7401264817492189, 0.7536680231551638, 0.7637626953991848, 0.7407209439042484, 0.757780292555613, 0.7488516511612346, 0.7430808189375862, 0.8000446362311405, 0.7939559835464648, 1.0, 0.8369794836240574, 0.7995792149231528, 0.7734075642853786, 0.705060876215997, 0.727438901323079, 0.7398208019207698], [0.6763043555777808, 0.6792166566341664, 0.7566417175465487, 0.7621055090247548, 0.7680888853417889, 0.7514405265290771, 0.7675520186382051, 0.7611368159277293, 0.8253173896179766, 0.7678581773601014, 0.7763615974762075, 0.7705276869244654, 0.7242146809219351, 0.8369794836240574, 1.0, 0.8551566324242843, 0.7888869222455469, 0.7371752516611361, 0.7169127778379345, 0.7406270079459264], [0.6570534742912687, 0.6720622947105431, 0.7026401444126539, 0.7359262814091954, 0.7613375508163478, 0.7339205044804555, 0.750077338269397, 0.7366338731197843, 0.8040085982139852, 0.7619356767753747, 0.7667047266371755, 0.778345999759633, 0.6910499104818091, 0.7995792149231528, 0.8551566324242843, 1.0, 0.8238529199124955, 0.7390483712512729, 0.738516297573501, 0.7497329162090509], [0.665761178234311, 0.6797815390374635, 0.7174816258321832, 0.7285152677548722, 0.7196609533077846, 0.7352216370003489, 0.7605069690343133, 0.7745546783699314, 0.7541176454028281, 0.7119318289360007, 0.7227604618636283, 0.7377841569490974, 0.7195182145058178, 0.7734075642853786, 0.7888869222455469, 0.8238529199124955, 1.0, 0.7808497294872486, 0.7468294611597842, 0.7458396487773995], [0.6537269481923036, 0.6312643206595541, 0.6576607952025929, 0.6884187883376011, 0.6881570211330927, 0.717667480833024, 0.693727556553542, 0.6818292525764068, 0.7289614069775885, 0.6991770136522142, 0.6873909919220315, 0.6622747087921624, 0.6566753862478791, 0.705060876215997, 0.7371752516611361, 0.7390483712512729, 0.7808497294872486, 1.0, 0.7807280002134671, 0.7467398951506343], [0.6602034092659136, 0.6462565429503222, 0.652074548339868, 0.7004748482442037, 0.6806436331427713, 0.725448000447126, 0.7192570015280023, 0.6614379279711504, 0.7134792071029332, 0.6861663811302668, 0.6555376506968229, 0.6739093686944249, 0.6529180937447243, 0.727438901323079, 0.7169127778379345, 0.738516297573501, 0.7468294611597842, 0.7807280002134671, 1.0, 0.7851624050777419], [0.6468245935619065, 0.647282360750854, 0.6820102984560807, 0.7053323733085191, 0.6929181359062806, 0.7357257481079682, 0.7189187134913521, 0.7074808325926316, 0.7495529222519134, 0.7033797733905813, 0.6951495177480164, 0.6703184645893443, 0.6909149637340366, 0.7398208019207698, 0.7406270079459264, 0.7497329162090509, 0.7458396487773995, 0.7467398951506343, 0.7851624050777419, 1.0]], "1": [[1.0, 0.4031836199175666, 0.20023901869227104, 0.1667774296484173, 0.20351808524378476, 0.1653721142149477, 0.21643357599579255, 0.23798867205702479, 0.19363333572859504, 0.21979880449778136, 0.17491738222382888, 0.20071118979492064, 0.20025964735459253, 0.22458867295866664, 0.17771060832657146, 0.1655712370397717, 0.2026551942702665, 0.16182582629238496, 0.24657369935088272, 0.21324968879820436], [0.4031836199175666, 1.0, 0.18550780191343064, 0.17468206058589728, 0.16934528017125464, 0.20965191683343096, 0.1647048800327171, 0.20545871062232965, 0.1679985210007265, 0.1820493152806247, 0.20366169889241417, 0.17189103670867717, 0.15537717999100736, 0.1861737062406855, 0.1789851438219456, 0.15645919257884708, 0.1539003599603445, 0.14444938539437202, 0.2101444324784717, 0.19649015159377028], [0.20023901869227104, 0.18550780191343064, 1.0, 0.17707116363718034, 0.19329446225215377, 0.14242804120512548, 0.15112021374313672, 0.15106015707715048, 0.13253732946554442, 0.15879723356154102, 0.1545166823339879, 0.14517478603665993, 0.13093628591225304, 0.14730042350279468, 0.17135191035951414, 0.14707454798719638, 0.11935287537891859, 0.10638695283767442, 0.11493349861402159, 0.11532379486235805], [0.1667774296484173, 0.17468206058589728, 0.17707116363718034, 1.0, 0.1651602199835107, 0.16174220648432033, 0.13719327730368455, 0.1522184564709917, 0.1199390779162552, 0.15076474587549102, 0.16832988299050683, 0.15913843211546536, 0.10953380754392415, 0.1506825340914264, 0.17345233286986853, 0.15384953771060528, 0.13838766752400591, 0.13726379061035726, 0.12662593471147418, 0.09624226922745266], [0.20351808524378476, 0.16934528017125464, 0.19329446225215377, 0.1651602199835107, 1.0, 0.1461026472836773, 0.15391894948767976, 0.15546480273681887, 0.1330096700733366, 0.17329548213600723, 0.17290826467698062, 0.16206304601371294, 0.13232750607784022, 0.17061715097378014, 0.19126711631124843, 0.16536837788519024, 0.1561255746044669, 0.12947921729288325, 0.15371463041612454, 0.10881690558706025], [0.1653721142149477, 0.20965191683343096, 0.14242804120512548, 0.16174220648432033, 0.1461026472836773, 1.0, 0.14735249745026877, 0.1290788613446675, 0.13752079009954452, 0.14777740145194856, 0.16750067607186553, 0.13283137298971612, 0.14224041196503331, 0.1398774916360869, 0.14873208049739295, 0.11476829067786226, 0.12312949168493274, 0.1037731021145534, 0.12241783099037051, 0.1237597040104438], [0.21643357599579255, 0.1647048800327171, 0.15112021374313672, 0.13719327730368455, 0.15391894948767976, 0.14735249745026877, 1.0, 0.15905636786450753, 0.12362648651029493, 0.15552100254254625, 0.1683257660868792, 0.1503759173003123, 0.15481128592253038, 0.1680303291089405, 0.16612051930171753, 0.1396112698087734, 0.15122013806739754, 0.133338040155211, 0.12772840067515545, 0.13735687686502815], [0.23798867205702479, 0.20545871062232965, 0.15106015707715048, 0.1522184564709917, 0.15546480273681887, 0.1290788613446675, 0.15905636786450753, 1.0, 0.1460979505335684, 0.19942337768171187, 0.17284025663601194, 0.16323229400038775, 0.13343466231224008, 0.1624389045508731, 0.1594886168872885, 0.13389312102781933, 0.14962913996299643, 0.16986753007557495, 0.1429743816901751, 0.2193250357904369], [0.19363333572859504, 0.1679985210007265, 0.13253732946554442, 0.1199390779162552, 0.1330096700733366, 0.13752079009954452, 0.12362648651029493, 0.1460979505335684, 1.0, 0.15084847686512332, 0.14606029224740183, 0.13853303975440917, 0.1294067239031271, 0.14870017081966014, 0.1417858451949972, 0.12455094949836176, 0.15490563001445912, 0.10865813514975041, 0.08566414520695978, 0.09365486154602665], [0.21979880449778136, 0.1820493152806247, 0.15879723356154102, 0.15076474587549102, 0.17329548213600723, 0.14777740145194856, 0.15552100254254625, 0.19942337768171187, 0.15084847686512332, 1.0, 0.2066361532457481, 0.16060820940188308, 0.15310429013357807, 0.19786185033269246, 0.18797692118001608, 0.17567972980119453, 0.12904351100141892, 0.13061512934342823, 0.1283908079485173, 0.16219877030576588], [0.17491738222382888, 0.20366169889241417, 0.1545166823339879, 0.16832988299050683, 0.17290826467698062, 0.16750067607186553, 0.1683257660868792, 0.17284025663601194, 0.14606029224740183, 0.2066361532457481, 1.0, 0.14081005573969219, 0.12980882717086306, 0.1902370057524129, 0.16384586565973852, 0.16959056838445832, 0.1528407545458905, 0.1202740165719135, 0.1429507344518639, 0.13933503441616718], [0.20071118979492064, 0.17189103670867717, 0.14517478603665993, 0.15913843211546536, 0.16206304601371294, 0.13283137298971612, 0.1503759173003123, 0.16323229400038775, 0.13853303975440917, 0.16060820940188308, 0.14081005573969219, 1.0, 0.12298791057790384, 0.22635324739682583, 0.18690867944194672, 0.13614664690301687, 0.13473719531508213, 0.12518806188843484, 0.1277445616702405, 0.10432591592880236], [0.20025964735459253, 0.15537717999100736, 0.13093628591225304, 0.10953380754392415, 0.13232750607784022, 0.14224041196503331, 0.15481128592253038, 0.13343466231224008, 0.1294067239031271, 0.15310429013357807, 0.12980882717086306, 0.12298791057790384, 1.0, 0.16150671943247213, 0.13611402549290993, 0.11941219276391045, 0.12051833933739511, 0.09392923889707236, 0.092141540627891, 0.09643964089043633], [0.22458867295866664, 0.1861737062406855, 0.14730042350279468, 0.1506825340914264, 0.17061715097378014, 0.1398774916360869, 0.1680303291089405, 0.1624389045508731, 0.14870017081966014, 0.19786185033269246, 0.1902370057524129, 0.22635324739682583, 0.16150671943247213, 1.0, 0.2917257323166142, 0.19751290425129991, 0.14525632378680609, 0.13952226369126577, 0.1359582212524953, 0.12001181833483156], [0.17771060832657146, 0.1789851438219456, 0.17135191035951414, 0.17345233286986853, 0.19126711631124843, 0.14873208049739295, 0.16612051930171753, 0.1594886168872885, 0.1417858451949972, 0.18797692118001608, 0.16384586565973852, 0.18690867944194672, 0.13611402549290993, 0.2917257323166142, 1.0, 0.20095212173568003, 0.13475979845615538, 0.14754983168737182, 0.13882007042313987, 0.128191513231194], [0.1655712370397717, 0.15645919257884708, 0.14707454798719638, 0.15384953771060528, 0.16536837788519024, 0.11476829067786226, 0.1396112698087734, 0.13389312102781933, 0.12455094949836176, 0.17567972980119453, 0.16959056838445832, 0.13614664690301687, 0.11941219276391045, 0.19751290425129991, 0.20095212173568003, 1.0, 0.18516426144967138, 0.14046250467957633, 0.11454527170132908, 0.1015861365044302], [0.2026551942702665, 0.1539003599603445, 0.11935287537891859, 0.13838766752400591, 0.1561255746044669, 0.12312949168493274, 0.15122013806739754, 0.14962913996299643, 0.15490563001445912, 0.12904351100141892, 0.1528407545458905, 0.13473719531508213, 0.12051833933739511, 0.14525632378680609, 0.13475979845615538, 0.18516426144967138, 1.0, 0.1326429019409376, 0.11558189496553038, 0.09237319903566381], [0.16182582629238496, 0.14444938539437202, 0.10638695283767442, 0.13726379061035726, 0.12947921729288325, 0.1037731021145534, 0.133338040155211, 0.16986753007557495, 0.10865813514975041, 0.13061512934342823, 0.1202740165719135, 0.12518806188843484, 0.09392923889707236, 0.13952226369126577, 0.14754983168737182, 0.14046250467957633, 0.1326429019409376, 1.0, 0.16072503342468938, 0.11848820137178054], [0.24657369935088272, 0.2101444324784717, 0.11493349861402159, 0.12662593471147418, 0.15371463041612454, 0.12241783099037051, 0.12772840067515545, 0.1429743816901751, 0.08566414520695978, 0.1283908079485173, 0.1429507344518639, 0.1277445616702405, 0.092141540627891, 0.1359582212524953, 0.13882007042313987, 0.11454527170132908, 0.11558189496553038, 0.16072503342468938, 1.0, 0.13089598177970244], [0.21324968879820436, 0.19649015159377028, 0.11532379486235805, 0.09624226922745266, 0.10881690558706025, 0.1237597040104438, 0.13735687686502815, 0.2193250357904369, 0.09365486154602665, 0.16219877030576588, 0.13933503441616718, 0.10432591592880236, 0.09643964089043633, 0.12001181833483156, 0.128191513231194, 0.1015861365044302, 0.09237319903566381, 0.11848820137178054, 0.13089598177970244, 1.0]], "2": [[1.0, 0.209493611217128, 0.3874313773257949, 0.14677418219685384, 0.12145740293697158, 0.21406320109415009, 0.15789922903827666, 0.18140435902060895, 0.19669667005965674, 0.1276602098576458, 0.10989497788071055, 0.15518927374618718, 0.10870493284418788, 0.17107677321147244, 0.1974171340824862, 0.06915236533643465, 0.2514796018065527, 0.14509000191766036, 0.16180484603578676, 0.22893693030673817], [0.209493611217128, 1.0, 0.16408963771782828, 0.18663541594921088, 0.2108524758507555, 0.12438193739315055, 0.23633062151373355, 0.15104346639517097, 0.12497852280753835, 0.17417316067489502, 0.2737093498912837, 0.12923926005574252, 0.10858323106871848, 0.20577733508663698, 0.12044569140974391, 0.19653402722130076, 0.1834101039148787, 0.15662596767200218, 0.2673283415529466, 0.24420460442854675], [0.3874313773257949, 0.16408963771782828, 1.0, 0.18895489576720298, 0.25669384788973076, 0.26553023101329104, 0.07975304931016493, 0.1805177791041001, 0.24548514984350903, 0.19795600979917907, 0.1254105594301756, 0.12666624161692785, 0.08353189975849663, 0.19314072867140974, 0.3266425665806546, 0.1556617125894302, 0.3210648016373658, 0.1958168974538305, 0.16864393446585987, 0.2220452499317839], [0.14677418219685384, 0.18663541594921088, 0.18895489576720298, 1.0, 0.148055048344101, 0.12070330711592774, 0.09779520735946227, 0.17290872245827585, 0.19643216215801831, 0.1722199390038214, 0.16669425916335132, 0.11248643111816423, 0.0952988996084891, 0.15855425129708536, 0.27452482526911154, 0.18785033625848147, 0.15208429969256113, 0.16112632837197968, 0.13920145736710912, 0.18852534013287975], [0.12145740293697158, 0.2108524758507555, 0.25669384788973076, 0.148055048344101, 1.0, 0.10325504075119778, 0.11119127253447615, 0.1597299647666219, 0.15233215431935831, 0.13226508181298965, 0.2335276920785128, 0.06492071620650244, 0.12107947402068264, 0.19784187794674932, 0.23658656237830603, 0.24175814447212116, 0.22942831627620877, 0.17576234339092708, 0.14844193569436703, 0.22685092971958606], [0.21406320109415009, 0.12438193739315055, 0.26553023101329104, 0.12070330711592774, 0.10325504075119778, 1.0, 0.07967399168405996, 0.1102816011089296, 0.11508818802584145, 0.16096311265780996, 0.07100688699402005, 0.1160614778578717, 0.08125224029241358, 0.16971456750477606, 0.18662430549312056, 0.10990983735976838, 0.17479493881872837, 0.1363854372545213, 0.16041946841147298, 0.16299482761332795], [0.15789922903827666, 0.23633062151373355, 0.07975304931016493, 0.09779520735946227, 0.11119127253447615, 0.07967399168405996, 1.0, 0.19469518237535455, 0.08141306341584244, 0.10749590952867638, 0.15504468337841995, 0.11130065234021114, 0.08445412521097037, 0.13462993949830798, 0.08314663667327084, 0.08766776702015351, 0.17309315864047142, 0.12842053039657458, 0.20235183649862593, 0.17728757294889338], [0.18140435902060895, 0.15104346639517097, 0.1805177791041001, 0.17290872245827585, 0.1597299647666219, 0.1102816011089296, 0.19469518237535455, 1.0, 0.2348433080382086, 0.16076694897882898, 0.1733161216100465, 0.1050392317521734, 0.1352136777967043, 0.14243369859647717, 0.21847788249040348, 0.14830194581170916, 0.16332969631712435, 0.21741673284261365, 0.17409968833338565, 0.18085094372263572], [0.19669667005965674, 0.12497852280753835, 0.24548514984350903, 0.19643216215801831, 0.15233215431935831, 0.11508818802584145, 0.08141306341584244, 0.2348433080382086, 1.0, 0.1983406460782848, 0.23487247122381533, 0.07312625872679372, 0.1027321480566887, 0.08451641780596209, 0.22111477690668038, 0.16331008720323303, 0.22455511540129686, 0.18439900348157923, 0.11003271564481655, 0.1078088919032226], [0.1276602098576458, 0.17417316067489502, 0.19795600979917907, 0.1722199390038214, 0.13226508181298965, 0.16096311265780996, 0.10749590952867638, 0.16076694897882898, 0.1983406460782848, 1.0, 0.1981105749664193, 0.12465175622042093, 0.09008648895160037, 0.16099709402261805, 0.17046386042022418, 0.2664577566023182, 0.1409086079977601, 0.13726962219709213, 0.14012142220522458, 0.13144866810369535], [0.10989497788071055, 0.2737093498912837, 0.1254105594301756, 0.16669425916335132, 0.2335276920785128, 0.07100688699402005, 0.15504468337841995, 0.1733161216100465, 0.23487247122381533, 0.1981105749664193, 1.0, 0.10875904307825643, 0.12189037775259592, 0.16280368340828372, 0.17920247828716612, 0.18190216109322774, 0.13323932802995275, 0.15648059423888788, 0.16486270392937644, 0.1514308290829713], [0.15518927374618718, 0.12923926005574252, 0.12666624161692785, 0.11248643111816423, 0.06492071620650244, 0.1160614778578717, 0.11130065234021114, 0.1050392317521734, 0.07312625872679372, 0.12465175622042093, 0.10875904307825643, 1.0, 0.12419042028992967, 0.21281726685592928, 0.11789644075867214, 0.09528931417318709, 0.09357470333187859, 0.06792247040333833, 0.1562204269410141, 0.08523363712841439], [0.10870493284418788, 0.10858323106871848, 0.08353189975849663, 0.0952988996084891, 0.12107947402068264, 0.08125224029241358, 0.08445412521097037, 0.1352136777967043, 0.1027321480566887, 0.09008648895160037, 0.12189037775259592, 0.12419042028992967, 1.0, 0.14269018629158653, 0.10470072862896877, 0.10327479762628884, 0.09756431504238626, 0.12162582774141649, 0.10508690070065481, 0.09141709345722987], [0.17107677321147244, 0.20577733508663698, 0.19314072867140974, 0.15855425129708536, 0.19784187794674932, 0.16971456750477606, 0.13462993949830798, 0.14243369859647717, 0.08451641780596209, 0.16099709402261805, 0.16280368340828372, 0.21281726685592928, 0.14269018629158653, 1.0, 0.230757491889045, 0.2016735353726309, 0.13429621125433935, 0.1498529606904731, 0.1867543359086829, 0.23410256654302167], [0.1974171340824862, 0.12044569140974391, 0.3266425665806546, 0.27452482526911154, 0.23658656237830603, 0.18662430549312056, 0.08314663667327084, 0.21847788249040348, 0.22111477690668038, 0.17046386042022418, 0.17920247828716612, 0.11789644075867214, 0.10470072862896877, 0.230757491889045, 1.0, 0.21386486734610766, 0.24798045002372107, 0.18998709126689053, 0.13729113593309, 0.20417780742878053], [0.06915236533643465, 0.19653402722130076, 0.1556617125894302, 0.18785033625848147, 0.24175814447212116, 0.10990983735976838, 0.08766776702015351, 0.14830194581170916, 0.16331008720323303, 0.2664577566023182, 0.18190216109322774, 0.09528931417318709, 0.10327479762628884, 0.2016735353726309, 0.21386486734610766, 1.0, 0.15463393216272742, 0.1377803718093466, 0.13889552947579784, 0.20445301274803865], [0.2514796018065527, 0.1834101039148787, 0.3210648016373658, 0.15208429969256113, 0.22942831627620877, 0.17479493881872837, 0.17309315864047142, 0.16332969631712435, 0.22455511540129686, 0.1409086079977601, 0.13323932802995275, 0.09357470333187859, 0.09756431504238626, 0.13429621125433935, 0.24798045002372107, 0.15463393216272742, 1.0, 0.20874973034310876, 0.22920873990307436, 0.2116996245142995], [0.14509000191766036, 0.15662596767200218, 0.1958168974538305, 0.16112632837197968, 0.17576234339092708, 0.1363854372545213, 0.12842053039657458, 0.21741673284261365, 0.18439900348157923, 0.13726962219709213, 0.15648059423888788, 0.06792247040333833, 0.12162582774141649, 0.1498529606904731, 0.18998709126689053, 0.1377803718093466, 0.20874973034310876, 1.0, 0.19805303365499535, 0.2818207660145736], [0.16180484603578676, 0.2673283415529466, 0.16864393446585987, 0.13920145736710912, 0.14844193569436703, 0.16041946841147298, 0.20235183649862593, 0.17409968833338565, 0.11003271564481655, 0.14012142220522458, 0.16486270392937644, 0.1562204269410141, 0.10508690070065481, 0.1867543359086829, 0.13729113593309, 0.13889552947579784, 0.22920873990307436, 0.19805303365499535, 1.0, 0.15252691604733556], [0.22893693030673817, 0.24420460442854675, 0.2220452499317839, 0.18852534013287975, 0.22685092971958606, 0.16299482761332795, 0.17728757294889338, 0.18085094372263572, 0.1078088919032226, 0.13144866810369535, 0.1514308290829713, 0.08523363712841439, 0.09141709345722987, 0.23410256654302167, 0.20417780742878053, 0.20445301274803865, 0.2116996245142995, 0.2818207660145736, 0.15252691604733556, 1.0]]}, "per_layer_inter": {"0": 0.730556448534929, "1": 0.155188876488293, "2": 0.16324810602360057}, "O_inter": 0.3496644770156075, "O_intra": 1.0, "Obar": 0.3496644770156075, "inner": -0.6503355229843926}, "phase_stability": "N/A - no oscillator state"}}