{"rung": "R6", "scenario": "class", "nexp": 10, "epochs": 50, "seed": 6, "metrics": {"Top1_Acc_Exp/eval_phase/test_stream/Task000/Exp000": 0.0, "Top1_Acc_Exp/eval_phase/test_stream/Task000/Exp001": 0.0, "Top1_Acc_Exp/eval_phase/test_stream/Task000/Exp002": 0.0, "Top1_Acc_Exp/eval_phase/test_stream/Task000/Exp003": 0.0, "Top1_Acc_Exp/eval_phase/test_stream/Task000/Exp004": 0.0, "Top1_Acc_Exp/eval_phase/test_stream/Task000/Exp005": 0.0, "Top1_Acc_Exp/eval_phase/test_stream/Task000/Exp006": 0.0, "Top1_Acc_Exp/eval_phase/test_stream/Task000/Exp007": 0.0, "Top1_Acc_Exp/eval_phase/test_stream/Task000/Exp008": 0.0, "Top1_Acc_Exp/eval_phase/test_stream/Task000/Exp009": 0.823, "Top1_Acc_Stream/eval_phase/test_stream/Task000": 0.0823, "StreamForgetting/eval_phase/test_stream": 0.782888888888889, "StreamBWT/eval_phase/test_stream": -0.782888888888889, "ExperienceForgetting/eval_phase/test_stream/Task000/Exp000": 0.779, "ExperienceBWT/eval_phase/test_stream/Task000/Exp000": -0.779, "ExperienceForgetting/eval_phase/test_stream/Task000/Exp001": 0.78, "ExperienceBWT/eval_phase/test_stream/Task000/Exp001": -0.78, "ExperienceForgetting/eval_phase/test_stream/Task000/Exp002": 0.768, "ExperienceBWT/eval_phase/test_stream/Task000/Exp002": -0.768, "ExperienceForgetting/eval_phase/test_stream/Task000/Exp003": 0.76, "ExperienceBWT/eval_phase/test_stream/Task000/Exp003": -0.76, "ExperienceForgetting/eval_phase/test_stream/Task000/Exp004": 0.823, "ExperienceBWT/eval_phase/test_stream/Task000/Exp004": -0.823, "ExperienceForgetting/eval_phase/test_stream/Task000/Exp005": 0.829, "ExperienceBWT/eval_phase/test_stream/Task000/Exp005": -0.829, "ExperienceForgetting/eval_phase/test_stream/Task000/Exp006": 0.703, "ExperienceBWT/eval_phase/test_stream/Task000/Exp006": -0.703, "ExperienceForgetting/eval_phase/test_stream/Task000/Exp007": 0.778, "ExperienceBWT/eval_phase/test_stream/Task000/Exp007": -0.778, "ExperienceForgetting/eval_phase/test_stream/Task000/Exp008": 0.826, "ExperienceBWT/eval_phase/test_stream/Task000/Exp008": -0.826}, "learning_acc": [0.779, 0.78, 0.768, 0.76, 0.823, 0.829, 0.703, 0.778, 0.826, 0.823], "acc_matrix": [[0.779, 0.0, 0.0, 0.0, 0.0, 0.0, 0.0, 0.0, 0.0, 0.0], [0.0, 0.78, 0.0, 0.0, 0.0, 0.0, 0.0, 0.0, 0.0, 0.0], [0.0, 0.0, 0.768, 0.0, 0.0, 0.0, 0.0, 0.0, 0.0, 0.0], [0.0, 0.0, 0.0, 0.76, 0.0, 0.0, 0.0, 0.0, 0.0, 0.0], [0.0, 0.0, 0.0, 0.0, 0.823, 0.0, 0.0, 0.0, 0.0, 0.0], [0.0, 0.0, 0.0, 0.0, 0.0, 0.829, 0.0, 0.0, 0.0, 0.0], [0.0, 0.0, 0.0, 0.0, 0.0, 0.0, 0.703, 0.0, 0.0, 0.0], [0.0, 0.0, 0.0, 0.0, 0.0, 0.0, 0.0, 0.778, 0.0, 0.0], [0.0, 0.0, 0.0, 0.0, 0.0, 0.0, 0.0, 0.0, 0.826, 0.0], [0.0, 0.0, 0.0, 0.0, 0.0, 0.0, 0.0, 0.0, 0.0, 0.823]], "avg_forgetting": 78.28888888888889, "bwt": -78.28888888888889, "selfcheck_ok": true, "h3": {"overlap_summary": {"matrices": {"0": [[1.0, 0.8420094478930868, 0.7609353763674024, 0.6912149335509241, 0.6962362947480814, 0.6870864865152625, 0.6815845019262637, 0.6487865885891736, 0.6517097497543867, 0.6033602057256467], [0.8420094478930868, 1.0, 0.9002784588636917, 0.8607012632160775, 0.8476948248791979, 0.8251244146483431, 0.8328245244576599, 0.8007095105122082, 0.8156453012985221, 0.773985740396035], [0.7609353763674024, 0.9002784588636917, 1.0, 0.9065049009288111, 0.8697746665763206, 0.8591398297763571, 0.853555274913272, 0.8384408258304941, 0.8465471636646136, 0.8239612199293983], [0.6912149335509241, 0.8607012632160775, 0.9065049009288111, 1.0, 0.9282408762795518, 0.9013157250917015, 0.9001568418122059, 0.8794040146616825, 0.890259981170843, 0.868650647833491], [0.6962362947480814, 0.8476948248791979, 0.8697746665763206, 0.9282408762795518, 1.0, 0.9325087082205021, 0.9147046197589656, 0.8918807065332243, 0.8925411076776406, 0.8908341795967855], [0.6870864865152625, 0.8251244146483431, 0.8591398297763571, 0.9013157250917015, 0.9325087082205021, 1.0, 0.9152995496499967, 0.8761810692861269, 0.8944035507213265, 0.8788004513708457], [0.6815845019262637, 0.8328245244576599, 0.853555274913272, 0.9001568418122059, 0.9147046197589656, 0.9152995496499967, 1.0, 0.9227122585417377, 0.9080432258892872, 0.8952162032580647], [0.6487865885891736, 0.8007095105122082, 0.8384408258304941, 0.8794040146616825, 0.8918807065332243, 0.8761810692861269, 0.9227122585417377, 1.0, 0.9262717321821351, 0.9183020772754256], [0.6517097497543867, 0.8156453012985221, 0.8465471636646136, 0.890259981170843, 0.8925411076776406, 0.8944035507213265, 0.9080432258892872, 0.9262717321821351, 1.0, 0.9340662719015491], [0.6033602057256467, 0.773985740396035, 0.8239612199293983, 0.868650647833491, 0.8908341795967855, 0.8788004513708457, 0.8952162032580647, 0.9183020772754256, 0.9340662719015491, 1.0]], "1": [[1.0, 0.2808951066271693, 0.22810064959382573, 0.20687018750773326, 0.2242841559717121, 0.18456289837245068, 0.21415655426960534, 0.1932366220914967, 0.1732832107752017, 0.17864713372900692], [0.2808951066271693, 1.0, 0.3582388168847995, 0.23133636906382504, 0.2338763216381914, 0.2405558891226028, 0.1973881326577367, 0.21743232317679298, 0.1855161428492293, 0.21529499602003938], [0.22810064959382573, 0.3582388168847995, 1.0, 0.35667258988199224, 0.24350313193499035, 0.22019474568456301, 0.2109870062875254, 0.21306319176820174, 0.18167953151300997, 0.19651348094784674], [0.20687018750773326, 0.23133636906382504, 0.35667258988199224, 1.0, 0.2904546973450972, 0.21038534142963697, 0.23260774666561634, 0.22694856624976995, 0.22081582101999, 0.18887438609517584], [0.2242841559717121, 0.2338763216381914, 0.24350313193499035, 0.2904546973450972, 1.0, 0.28482549934952367, 0.25745390823179437, 0.24338264323092354, 0.18496124998190774, 0.2021317925475046], [0.18456289837245068, 0.2405558891226028, 0.22019474568456301, 0.21038534142963697, 0.28482549934952367, 1.0, 0.26837881518089635, 0.19380711885813975, 0.18748243996588584, 0.18008644749756733], [0.21415655426960534, 0.1973881326577367, 0.2109870062875254, 0.23260774666561634, 0.25745390823179437, 0.26837881518089635, 1.0, 0.28899176016614886, 0.24359975981807094, 0.17950500613733958], [0.1932366220914967, 0.21743232317679298, 0.21306319176820174, 0.22694856624976995, 0.24338264323092354, 0.19380711885813975, 0.28899176016614886, 1.0, 0.40280125300966546, 0.29759856299685], [0.1732832107752017, 0.1855161428492293, 0.18167953151300997, 0.22081582101999, 0.18496124998190774, 0.18748243996588584, 0.24359975981807094, 0.40280125300966546, 1.0, 0.31568110227346746], [0.17864713372900692, 0.21529499602003938, 0.19651348094784674, 0.18887438609517584, 0.2021317925475046, 0.18008644749756733, 0.17950500613733958, 0.29759856299685, 0.31568110227346746, 1.0]], "2": [[1.0, 0.33151595996816585, 0.2590105896556812, 0.22185946777399854, 0.31815507232967083, 0.33011182632784447, 0.25274259548165307, 0.27002655443862655, 0.30740215198819876, 0.2715241175074594], [0.33151595996816585, 1.0, 0.24447991821677853, 0.32688218703588695, 0.36259740135634977, 0.285563067950929, 0.2694542497605223, 0.2877616975859922, 0.3192963254619299, 0.27988052737757635], [0.2590105896556812, 0.24447991821677853, 1.0, 0.2223268837987886, 0.2322542608767029, 0.2629298533555539, 0.20811019807161524, 0.28265129970942743, 0.25371765707265326, 0.34930205974175776], [0.22185946777399854, 0.32688218703588695, 0.2223268837987886, 1.0, 0.3246335635448423, 0.32687696493877, 0.33199457369190166, 0.29197565670224607, 0.3269244967237822, 0.2820161192284803], [0.31815507232967083, 0.36259740135634977, 0.2322542608767029, 0.3246335635448423, 1.0, 0.3451150809425557, 0.2327273416331082, 0.28666719202231633, 0.31844828225250627, 0.295849601471903], [0.33011182632784447, 0.285563067950929, 0.2629298533555539, 0.32687696493877, 0.3451150809425557, 1.0, 0.341062956364212, 0.2679130814857647, 0.35358548000728635, 0.3383903233123516], [0.25274259548165307, 0.2694542497605223, 0.20811019807161524, 0.33199457369190166, 0.2327273416331082, 0.341062956364212, 1.0, 0.2752802565070073, 0.3086448865428548, 0.2359480619083633], [0.27002655443862655, 0.2877616975859922, 0.28265129970942743, 0.29197565670224607, 0.28666719202231633, 0.2679130814857647, 0.2752802565070073, 1.0, 0.33837283480280556, 0.24893863096480576], [0.30740215198819876, 0.3192963254619299, 0.25371765707265326, 0.3269244967237822, 0.31844828225250627, 0.35358548000728635, 0.3086448865428548, 0.33837283480280556, 1.0, 0.32609924540786617], [0.2715241175074594, 0.27988052737757635, 0.34930205974175776, 0.2820161192284803, 0.295849601471903, 0.3383903233123516, 0.2359480619083633, 0.24893863096480576, 0.32609924540786617, 1.0]]}, "per_layer_inter": {"0": 0.8417245623038738, "1": 0.23304584680934493, "2": 0.2921560122955443}, "O_inter": 0.4556421404695877, "O_intra": 1.0, "Obar": 0.4556421404695877, "inner": -0.5443578595304124}, "phase_stability": {"0": {"layer": 0, "S_matrix": [[1.0, 0.31673018609629255, 0.24752926763021646, 0.2176819343652234, 0.20541728759053698, 0.1831191373073534, 0.17537026935542022, 0.1550951869356742, 0.14472630262190694, 0.13507699623350464], [0.31673018609629255, 1.0, 0.30023550020828166, 0.25652211088196425, 0.24377117497679446, 0.2064771178065544, 0.21383106969428803, 0.19374422925619997, 0.18678140301762855, 0.16712540654129948], [0.24752926763021646, 0.30023550020828166, 1.0, 0.3754180205391965, 0.2882302540271746, 0.26053167852607806, 0.226237011444551, 0.21611889532916187, 0.20145529806813506, 0.18332809058177435], [0.2176819343652234, 0.25652211088196425, 0.3754180205391965, 1.0, 0.3910517658253494, 0.3286944771274012, 0.26528675395803186, 0.25203175908627345, 0.224222671604154, 0.2065774763862454], [0.20541728759053698, 0.24377117497679446, 0.2882302540271746, 0.3910517658253494, 1.0, 0.3942542595637554, 0.2870414181505236, 0.28325580259044264, 0.25008973232448894, 0.2242171453076342], [0.1831191373073534, 0.2064771178065544, 0.26053167852607806, 0.3286944771274012, 0.3942542595637554, 1.0, 0.33810051419277853, 0.2867761597376856, 0.2489824138198078, 0.2414933085393102], [0.17537026935542022, 0.21383106969428803, 0.226237011444551, 0.26528675395803186, 0.2870414181505236, 0.33810051419277853, 1.0, 0.3558745741683005, 0.292015822271775, 0.2731202868341305], [0.1550951869356742, 0.19374422925619997, 0.21611889532916187, 0.25203175908627345, 0.28325580259044264, 0.2867761597376856, 0.3558745741683005, 1.0, 0.3256894401536992, 0.30615119572749216], [0.14472630262190694, 0.18678140301762855, 0.20145529806813506, 0.224222671604154, 0.25008973232448894, 0.2489824138198078, 0.292015822271775, 0.3256894401536992, 1.0, 0.3349942407638279], [0.13507699623350464, 0.16712540654129948, 0.18332809058177435, 0.2065774763862454, 0.2242171453076342, 0.2414933085393102, 0.2731202868341305, 0.30615119572749216, 0.3349942407638279, 1.0]], "mean_cross_task_stability": 0.253566112159296, "score": "ami"}, "1": {"layer": 1, "S_matrix": [[1.0, 0.11803077810814888, 0.05229480875701638, 0.025574644838533996, 0.021717435515009036, 0.014803902002465534, 0.008619497215861254, 0.004699768323716975, 0.0049938893160485125, 0.004321999960286046], [0.11803077810814888, 1.0, 0.14265923982109346, 0.07313994726337629, 0.059536492970685105, 0.04067648917469401, 0.03044904931669883, 0.01932304814653157, 0.017166584160011742, 0.013106957664529479], [0.05229480875701638, 0.14265923982109346, 1.0, 0.16174567264696138, 0.10860446616803364, 0.07492077236883646, 0.057118612509596135, 0.037528150098812336, 0.02948622976139317, 0.024064122905500786], [0.025574644838533996, 0.07313994726337629, 0.16174567264696138, 1.0, 0.17912000250327306, 0.10240754830849606, 0.07783407018302549, 0.055402463685128585, 0.04663384127765662, 0.036845202909816056], [0.021717435515009036, 0.059536492970685105, 0.10860446616803364, 0.17912000250327306, 1.0, 0.17630380425618788, 0.1039113673778433, 0.07435690591283522, 0.06007484051402433, 0.043368353647895735], [0.014803902002465534, 0.04067648917469401, 0.07492077236883646, 0.10240754830849606, 0.17630380425618788, 1.0, 0.1613559141051415, 0.08546349545879997, 0.07857088872428317, 0.0563785489726836], [0.008619497215861254, 0.03044904931669883, 0.057118612509596135, 0.07783407018302549, 0.1039113673778433, 0.1613559141051415, 1.0, 0.1704917193696877, 0.11656562955312326, 0.0837952365617382], [0.004699768323716975, 0.01932304814653157, 0.037528150098812336, 0.055402463685128585, 0.07435690591283522, 0.08546349545879997, 0.1704917193696877, 1.0, 0.18301950352890928, 0.11940673278558747], [0.0049938893160485125, 0.017166584160011742, 0.02948622976139317, 0.04663384127765662, 0.06007484051402433, 0.07857088872428317, 0.11656562955312326, 0.18301950352890928, 1.0, 0.18452485531449228], [0.004321999960286046, 0.013106957664529479, 0.024064122905500786, 0.036845202909816056, 0.043368353647895735, 0.0563785489726836, 0.0837952365617382, 0.11940673278558747, 0.18452485531449228, 1.0]], "mean_cross_task_stability": 0.074231410754766, "score": "ami"}, "2": {"layer": 2, "S_matrix": [[1.0, 0.020798120811000485, 0.002547096826696975, 0.007131078408098628, 0.006924877229913144, 0.011326196017828093, 0.011941870034043643, 0.004308125306121293, 0.009211646456991055, 0.004238136163161291], [0.020798120811000485, 1.0, 0.01860974059445791, 0.0029307550004530596, 0.003150482424992166, 0.007291256809218539, 0.0011323234312035392, 0.002311413911590326, 0.003521395772692941, 0.005272246793206796], [0.002547096826696975, 0.01860974059445791, 1.0, 0.03060158758340359, 0.019019553612612112, 0.003595656391526229, 0.0028058808413601206, 0.006271191314136236, 0.004384379450312368, 0.0032704073980915353], [0.007131078408098628, 0.0029307550004530596, 0.03060158758340359, 1.0, 0.06647489919644223, 0.004864273065327061, 0.007801469126134911, 0.004248546809118276, 0.002953831085601737, 0.004006536106939599], [0.006924877229913144, 0.003150482424992166, 0.019019553612612112, 0.06647489919644223, 1.0, 0.016355383550410565, 0.012542237322352268, 0.00708481353230569, 0.003631298212858918, 0.004485906930779951], [0.011326196017828093, 0.007291256809218539, 0.003595656391526229, 0.004864273065327061, 0.016355383550410565, 1.0, 0.053787135275455, 0.019063330486815522, 0.015350573496362133, 0.007507530073052238], [0.011941870034043643, 0.0011323234312035392, 0.0028058808413601206, 0.007801469126134911, 0.012542237322352268, 0.053787135275455, 1.0, 0.04072105920159412, 0.020578192662371445, 0.008407847234468033], [0.004308125306121293, 0.002311413911590326, 0.006271191314136236, 0.004248546809118276, 0.00708481353230569, 0.019063330486815522, 0.04072105920159412, 1.0, 0.057057000656114756, 0.00993686963611349], [0.009211646456991055, 0.003521395772692941, 0.004384379450312368, 0.002953831085601737, 0.003631298212858918, 0.015350573496362133, 0.020578192662371445, 0.057057000656114756, 1.0, 0.04592706131739647], [0.004238136163161291, 0.005272246793206796, 0.0032704073980915353, 0.004006536106939599, 0.004485906930779951, 0.007507530073052238, 0.008407847234468033, 0.00993686963611349, 0.04592706131739647, 1.0]], "mean_cross_task_stability": 0.01345291585691392, "score": "ami"}}}}