{"rung": "R6", "scenario": "class", "nexp": 10, "epochs": 50, "seed": 9, "metrics": {"Top1_Acc_Exp/eval_phase/test_stream/Task000/Exp000": 0.0, "Top1_Acc_Exp/eval_phase/test_stream/Task000/Exp001": 0.0, "Top1_Acc_Exp/eval_phase/test_stream/Task000/Exp002": 0.0, "Top1_Acc_Exp/eval_phase/test_stream/Task000/Exp003": 0.0, "Top1_Acc_Exp/eval_phase/test_stream/Task000/Exp004": 0.0, "Top1_Acc_Exp/eval_phase/test_stream/Task000/Exp005": 0.0, "Top1_Acc_Exp/eval_phase/test_stream/Task000/Exp006": 0.0, "Top1_Acc_Exp/eval_phase/test_stream/Task000/Exp007": 0.0, "Top1_Acc_Exp/eval_phase/test_stream/Task000/Exp008": 0.0, "Top1_Acc_Exp/eval_phase/test_stream/Task000/Exp009": 0.715, "Top1_Acc_Stream/eval_phase/test_stream/Task000": 0.0715, "StreamForgetting/eval_phase/test_stream": 0.7743333333333333, "StreamBWT/eval_phase/test_stream": -0.7743333333333333, "ExperienceForgetting/eval_phase/test_stream/Task000/Exp000": 0.671, "ExperienceBWT/eval_phase/test_stream/Task000/Exp000": -0.671, "ExperienceForgetting/eval_phase/test_stream/Task000/Exp001": 0.754, "ExperienceBWT/eval_phase/test_stream/Task000/Exp001": -0.754, "ExperienceForgetting/eval_phase/test_stream/Task000/Exp002": 0.775, "ExperienceBWT/eval_phase/test_stream/Task000/Exp002": -0.775, "ExperienceForgetting/eval_phase/test_stream/Task000/Exp003": 0.759, "ExperienceBWT/eval_phase/test_stream/Task000/Exp003": -0.759, "ExperienceForgetting/eval_phase/test_stream/Task000/Exp004": 0.834, "ExperienceBWT/eval_phase/test_stream/Task000/Exp004": -0.834, "ExperienceForgetting/eval_phase/test_stream/Task000/Exp005": 0.732, "ExperienceBWT/eval_phase/test_stream/Task000/Exp005": -0.732, "ExperienceForgetting/eval_phase/test_stream/Task000/Exp006": 0.813, "ExperienceBWT/eval_phase/test_stream/Task000/Exp006": -0.813, "ExperienceForgetting/eval_phase/test_stream/Task000/Exp007": 0.789, "ExperienceBWT/eval_phase/test_stream/Task000/Exp007": -0.789, "ExperienceForgetting/eval_phase/test_stream/Task000/Exp008": 0.842, "ExperienceBWT/eval_phase/test_stream/Task000/Exp008": -0.842}, "learning_acc": [0.671, 0.754, 0.775, 0.759, 0.834, 0.732, 0.813, 0.789, 0.842, 0.715], "acc_matrix": [[0.671, 0.0, 0.0, 0.0, 0.0, 0.0, 0.0, 0.0, 0.0, 0.0], [0.0, 0.754, 0.0, 0.0, 0.0, 0.0, 0.0, 0.0, 0.0, 0.0], [0.0, 0.0, 0.775, 0.0, 0.0, 0.0, 0.0, 0.0, 0.0, 0.0], [0.0, 0.0, 0.0, 0.759, 0.0, 0.0, 0.0, 0.0, 0.0, 0.0], [0.0, 0.0, 0.0, 0.0, 0.834, 0.0, 0.0, 0.0, 0.0, 0.0], [0.0, 0.0, 0.0, 0.0, 0.0, 0.732, 0.0, 0.0, 0.0, 0.0], [0.0, 0.0, 0.0, 0.0, 0.0, 0.0, 0.813, 0.0, 0.0, 0.0], [0.0, 0.0, 0.0, 0.0, 0.0, 0.0, 0.0, 0.789, 0.0, 0.0], [0.0, 0.0, 0.0, 0.0, 0.0, 0.0, 0.0, 0.0, 0.842, 0.0], [0.0, 0.0, 0.0, 0.0, 0.0, 0.0, 0.0, 0.0, 0.0, 0.715]], "avg_forgetting": 77.43333333333334, "bwt": -77.43333333333334, "selfcheck_ok": true, "h3": {"overlap_summary": {"matrices": {"0": [[1.0, 0.747598688774785, 0.6840358652093247, 0.6394498593415598, 0.6314709213817185, 0.6192259221052485, 0.5620086101500364, 0.580027263726113, 0.5859825399732135, 0.5605609060842986], [0.747598688774785, 1.0, 0.8758736979063109, 0.8248801143069764, 0.7846562608730647, 0.7683119325764555, 0.7430478523833471, 0.7337101746467137, 0.7243691419285776, 0.7133636170682351], [0.6840358652093247, 0.8758736979063109, 1.0, 0.8912135026484119, 0.8167448999798399, 0.8183221751851377, 0.8024615939505481, 0.7885515558652593, 0.7959650071392709, 0.7781865013672589], [0.6394498593415598, 0.8248801143069764, 0.8912135026484119, 1.0, 0.8900659414080622, 0.8915746206145202, 0.8775584758736061, 0.8675896609442264, 0.8684626566856715, 0.8588862592567116], [0.6314709213817185, 0.7846562608730647, 0.8167448999798399, 0.8900659414080622, 1.0, 0.9046061111644178, 0.8552642560237169, 0.8480220795749956, 0.8222675942615442, 0.8011903481896541], [0.6192259221052485, 0.7683119325764555, 0.8183221751851377, 0.8915746206145202, 0.9046061111644178, 1.0, 0.9010808970472407, 0.8897145264460506, 0.8644611806819401, 0.8415097630895936], [0.5620086101500364, 0.7430478523833471, 0.8024615939505481, 0.8775584758736061, 0.8552642560237169, 0.9010808970472407, 1.0, 0.9168783003270794, 0.8669037794922136, 0.8754823931500471], [0.580027263726113, 0.7337101746467137, 0.7885515558652593, 0.8675896609442264, 0.8480220795749956, 0.8897145264460506, 0.9168783003270794, 1.0, 0.9040029894279967, 0.893281541023529], [0.5859825399732135, 0.7243691419285776, 0.7959650071392709, 0.8684626566856715, 0.8222675942615442, 0.8644611806819401, 0.8669037794922136, 0.9040029894279967, 1.0, 0.9109246618790526], [0.5605609060842986, 0.7133636170682351, 0.7781865013672589, 0.8588862592567116, 0.8011903481896541, 0.8415097630895936, 0.8754823931500471, 0.893281541023529, 0.9109246618790526, 1.0]], "1": [[1.0, 0.1710997327334998, 0.18108044336172935, 0.17543385453313393, 0.1260774357676306, 0.16765782260771958, 0.16616045886679273, 0.1511772232716498, 0.14227699032694327, 0.14613054709433962], [0.1710997327334998, 1.0, 0.27533817966366275, 0.16869665978366577, 0.1233697137876524, 0.1855968717856478, 0.14577492291848285, 0.14209482144566912, 0.14736074477877006, 0.1407437029914175], [0.18108044336172935, 0.27533817966366275, 1.0, 0.2555056138397721, 0.15985820030653977, 0.2180525960382412, 0.17483265467742712, 0.16023697166337508, 0.1471159797908254, 0.14690943707965035], [0.17543385453313393, 0.16869665978366577, 0.2555056138397721, 1.0, 0.22591318936019258, 0.19363619299509713, 0.2040479531733209, 0.18846684592612178, 0.18159179576819084, 0.20288526024339623], [0.1260774357676306, 0.1233697137876524, 0.15985820030653977, 0.22591318936019258, 1.0, 0.24871804610563375, 0.21072533025584966, 0.17426674158511182, 0.1815627006435044, 0.17206242233792785], [0.16765782260771958, 0.1855968717856478, 0.2180525960382412, 0.19363619299509713, 0.24871804610563375, 1.0, 0.26569102782152276, 0.19605853195991071, 0.18392254541787453, 0.19640586210507366], [0.16616045886679273, 0.14577492291848285, 0.17483265467742712, 0.2040479531733209, 0.21072533025584966, 0.26569102782152276, 1.0, 0.25215351245593715, 0.2589612801992525, 0.20182142597272432], [0.1511772232716498, 0.14209482144566912, 0.16023697166337508, 0.18846684592612178, 0.17426674158511182, 0.19605853195991071, 0.25215351245593715, 1.0, 0.3407351317051818, 0.20631616234948563], [0.14227699032694327, 0.14736074477877006, 0.1471159797908254, 0.18159179576819084, 0.1815627006435044, 0.18392254541787453, 0.2589612801992525, 0.3407351317051818, 1.0, 0.2747332464251367], [0.14613054709433962, 0.1407437029914175, 0.14690943707965035, 0.20288526024339623, 0.17206242233792785, 0.19640586210507366, 0.20182142597272432, 0.20631616234948563, 0.2747332464251367, 1.0]], "2": [[1.0, 0.302278599287682, 0.26639207263429343, 0.20692619070174417, 0.2706098940366011, 0.2678776360212648, 0.2766866730963603, 0.2646279908209854, 0.31505555824922826, 0.2175410810181852], [0.302278599287682, 1.0, 0.31463056293810304, 0.2738671140260523, 0.2665045054050491, 0.21669193865225103, 0.24079686495523528, 0.24396743565815562, 0.3163235117830283, 0.2869504142387007], [0.26639207263429343, 0.31463056293810304, 1.0, 0.3328962893216026, 0.31479720793917243, 0.2943013721848773, 0.2695173708268132, 0.23826528577047443, 0.2555176960433494, 0.28569956736258934], [0.20692619070174417, 0.2738671140260523, 0.3328962893216026, 1.0, 0.2805442522313975, 0.2646849630914726, 0.2970589089380178, 0.25451925294776745, 0.2319274681141281, 0.26603701526045487], [0.2706098940366011, 0.2665045054050491, 0.31479720793917243, 0.2805442522313975, 1.0, 0.3473871686568227, 0.25000040158606684, 0.2753407976890437, 0.2906829967857061, 0.2678506202427305], [0.2678776360212648, 0.21669193865225103, 0.2943013721848773, 0.2646849630914726, 0.3473871686568227, 1.0, 0.3096575785146693, 0.3286826583415967, 0.2837556239148778, 0.25809077197865554], [0.2766866730963603, 0.24079686495523528, 0.2695173708268132, 0.2970589089380178, 0.25000040158606684, 0.3096575785146693, 1.0, 0.3019303924757827, 0.3400367116465962, 0.20212451034481677], [0.2646279908209854, 0.24396743565815562, 0.23826528577047443, 0.25451925294776745, 0.2753407976890437, 0.3286826583415967, 0.3019303924757827, 1.0, 0.34325923580323736, 0.22135599099878778], [0.31505555824922826, 0.3163235117830283, 0.2555176960433494, 0.2319274681141281, 0.2906829967857061, 0.2837556239148778, 0.3400367116465962, 0.34325923580323736, 1.0, 0.26775078073224307], [0.2175410810181852, 0.2869504142387007, 0.28569956736258934, 0.26603701526045487, 0.2678506202427305, 0.25809077197865554, 0.20212451034481677, 0.22135599099878778, 0.26775078073224307, 1.0]]}, "per_layer_inter": {"0": 0.795994369802968, "1": 0.19065015075379302, "2": 0.2760311318503704}, "O_inter": 0.4208918841357105, "O_intra": 1.0, "Obar": 0.4208918841357105, "inner": -0.5791081158642895}, "phase_stability": {"0": {"layer": 0, "S_matrix": [[1.0, 0.33132561093552854, 0.26005398491060616, 0.20846432681343413, 0.18770854736132966, 0.1744875169786425, 0.16423323559140698, 0.15189038449382197, 0.14019765668153822, 0.13221140058209035], [0.33132561093552854, 1.0, 0.32538955439283135, 0.26913658041532174, 0.2425700152551982, 0.2143472895576891, 0.19912430238357687, 0.19392814777750775, 0.17781538994620064, 0.1631696873063691], [0.26005398491060616, 0.32538955439283135, 1.0, 0.346339698864963, 0.2750407835872333, 0.23250027139758475, 0.24805237703044528, 0.20311836983257398, 0.19148594972561625, 0.1831039688577258], [0.20846432681343413, 0.26913658041532174, 0.346339698864963, 1.0, 0.41723142953735737, 0.2928472887239458, 0.31177374893567245, 0.24585306050560118, 0.24401479653167754, 0.23053686332000337], [0.18770854736132966, 0.2425700152551982, 0.2750407835872333, 0.41723142953735737, 1.0, 0.3294235265352712, 0.312493713902928, 0.27036714540903956, 0.2573293073570904, 0.25180703298643736], [0.1744875169786425, 0.2143472895576891, 0.23250027139758475, 0.2928472887239458, 0.3294235265352712, 1.0, 0.34154616465793014, 0.3044519716737084, 0.26528287753522184, 0.24027984210677478], [0.16423323559140698, 0.19912430238357687, 0.24805237703044528, 0.31177374893567245, 0.312493713902928, 0.34154616465793014, 1.0, 0.347830372036845, 0.33376247863639297, 0.29846145365304727], [0.15189038449382197, 0.19392814777750775, 0.20311836983257398, 0.24585306050560118, 0.27036714540903956, 0.3044519716737084, 0.347830372036845, 1.0, 0.35593367831602335, 0.31366242554212914], [0.14019765668153822, 0.17781538994620064, 0.19148594972561625, 0.24401479653167754, 0.2573293073570904, 0.26528287753522184, 0.33376247863639297, 0.35593367831602335, 1.0, 0.38144439455367996], [0.13221140058209035, 0.1631696873063691, 0.1831039688577258, 0.23053686332000337, 0.25180703298643736, 0.24027984210677478, 0.29846145365304727, 0.31366242554212914, 0.38144439455367996, 1.0]], "mean_cross_task_stability": 0.25693396940302254, "score": "ami"}, "1": {"layer": 1, "S_matrix": [[1.0, 0.09283262430402761, 0.05277128070753716, 0.02960964807797435, 0.02038619726679568, 0.013141627856225328, 0.009050230970100586, 0.004695657543227705, 0.007260400983236805, 0.003392377930862464], [0.09283262430402761, 1.0, 0.14583140734548827, 0.07945137148951731, 0.04926349377159531, 0.03190101547015539, 0.02163398708902195, 0.01337497963456796, 0.013622072510014105, 0.006658468619820361], [0.05277128070753716, 0.14583140734548827, 1.0, 0.13767070162215422, 0.07718098009646207, 0.05356694690046312, 0.038018422991602935, 0.026639267991241243, 0.02338285525044281, 0.01107341443176746], [0.02960964807797435, 0.07945137148951731, 0.13767070162215422, 1.0, 0.17218470647506368, 0.10146014913221015, 0.07672402217687212, 0.05035334162105897, 0.047781774314683556, 0.027263582593717094], [0.02038619726679568, 0.04926349377159531, 0.07718098009646207, 0.17218470647506368, 1.0, 0.15530126863021687, 0.09717575064998053, 0.0580168400651118, 0.057198774346146064, 0.038299249583406705], [0.013141627856225328, 0.03190101547015539, 0.05356694690046312, 0.10146014913221015, 0.15530126863021687, 1.0, 0.17045466459867992, 0.09030227264134433, 0.07314805776426167, 0.04655947420677145], [0.009050230970100586, 0.02163398708902195, 0.038018422991602935, 0.07672402217687212, 0.09717575064998053, 0.17045466459867992, 1.0, 0.15934073919701452, 0.1092746599430173, 0.07848033270905393], [0.004695657543227705, 0.01337497963456796, 0.026639267991241243, 0.05035334162105897, 0.0580168400651118, 0.09030227264134433, 0.15934073919701452, 1.0, 0.18491949109873812, 0.10413025195146], [0.007260400983236805, 0.013622072510014105, 0.02338285525044281, 0.047781774314683556, 0.057198774346146064, 0.07314805776426167, 0.1092746599430173, 0.18491949109873812, 1.0, 0.15679745560351485], [0.003392377930862464, 0.006658468619820361, 0.01107341443176746, 0.027263582593717094, 0.038299249583406705, 0.04655947420677145, 0.07848033270905393, 0.10413025195146, 0.15679745560351485, 1.0]], "mean_cross_task_stability": 0.06705725089236947, "score": "ami"}, "2": {"layer": 2, "S_matrix": [[1.0, 0.02249372605681657, 0.0035820952997539126, 0.0016882281793469656, 0.0012379900708614539, 0.0014825180991964028, 0.0022651213200479492, 0.0017798391031211137, 0.0015650031929080241, 0.002110310212684376], [0.02249372605681657, 1.0, 0.011593196931583588, 0.00033259662394801917, 0.0009895990083410831, 0.0009163672708920044, 0.0010023978864362039, 0.0010327204699226047, 0.0011638553923854864, 0.001580848277295081], [0.0035820952997539126, 0.011593196931583588, 1.0, 0.01641601229551547, 0.006702342524393853, 0.005157470279993162, 0.0021505274940742986, 0.0023962111788769403, 0.0015612283364635233, 0.001954592658378165], [0.0016882281793469656, 0.00033259662394801917, 0.01641601229551547, 1.0, 0.04020328423162849, 0.01784057720485574, 0.013581418956148618, 0.009828569346986067, 0.002914188001679184, 0.002089606644152508], [0.0012379900708614539, 0.0009895990083410831, 0.006702342524393853, 0.04020328423162849, 1.0, 0.05067101933940068, 0.015315326321147628, 0.005320936942338024, 0.007599744693874116, 0.002297523054872477], [0.0014825180991964028, 0.0009163672708920044, 0.005157470279993162, 0.01784057720485574, 0.05067101933940068, 1.0, 0.04419350443661929, 0.015580888924640188, 0.009964275101425587, 0.0027118014188946007], [0.0022651213200479492, 0.0010023978864362039, 0.0021505274940742986, 0.013581418956148618, 0.015315326321147628, 0.04419350443661929, 1.0, 0.049879062569237284, 0.018246095275264898, 0.009130347192883841], [0.0017798391031211137, 0.0010327204699226047, 0.0023962111788769403, 0.009828569346986067, 0.005320936942338024, 0.015580888924640188, 0.049879062569237284, 1.0, 0.0574545945310249, 0.01782030373120211], [0.0015650031929080241, 0.0011638553923854864, 0.0015612283364635233, 0.002914188001679184, 0.007599744693874116, 0.009964275101425587, 0.018246095275264898, 0.0574545945310249, 1.0, 0.027259956105300995], [0.002110310212684376, 0.001580848277295081, 0.001954592658378165, 0.002089606644152508, 0.002297523054872477, 0.0027118014188946007, 0.009130347192883841, 0.01782030373120211, 0.027259956105300995, 1.0]], "mean_cross_task_stability": 0.011401284937484744, "score": "ami"}}}}