{"rung": "R6", "scenario": "class", "nexp": 20, "epochs": 50, "seed": 5, "metrics": {"Top1_Acc_Exp/eval_phase/test_stream/Task000/Exp000": 0.0, "Top1_Acc_Exp/eval_phase/test_stream/Task000/Exp001": 0.0, "Top1_Acc_Exp/eval_phase/test_stream/Task000/Exp002": 0.0, "Top1_Acc_Exp/eval_phase/test_stream/Task000/Exp003": 0.0, "Top1_Acc_Exp/eval_phase/test_stream/Task000/Exp004": 0.0, "Top1_Acc_Exp/eval_phase/test_stream/Task000/Exp005": 0.0, "Top1_Acc_Exp/eval_phase/test_stream/Task000/Exp006": 0.0, "Top1_Acc_Exp/eval_phase/test_stream/Task000/Exp007": 0.0, "Top1_Acc_Exp/eval_phase/test_stream/Task000/Exp008": 0.0, "Top1_Acc_Exp/eval_phase/test_stream/Task000/Exp009": 0.0, "Top1_Acc_Exp/eval_phase/test_stream/Task000/Exp010": 0.0, "Top1_Acc_Exp/eval_phase/test_stream/Task000/Exp011": 0.0, "Top1_Acc_Exp/eval_phase/test_stream/Task000/Exp012": 0.0, "Top1_Acc_Exp/eval_phase/test_stream/Task000/Exp013": 0.0, "Top1_Acc_Exp/eval_phase/test_stream/Task000/Exp014": 0.0, "Top1_Acc_Exp/eval_phase/test_stream/Task000/Exp015": 0.0, "Top1_Acc_Exp/eval_phase/test_stream/Task000/Exp016": 0.0, "Top1_Acc_Exp/eval_phase/test_stream/Task000/Exp017": 0.0, "Top1_Acc_Exp/eval_phase/test_stream/Task000/Exp018": 0.0, "Top1_Acc_Exp/eval_phase/test_stream/Task000/Exp019": 0.872, "Top1_Acc_Stream/eval_phase/test_stream/Task000": 0.0436, "StreamForgetting/eval_phase/test_stream": 0.8453684210526314, "StreamBWT/eval_phase/test_stream": -0.8453684210526314, "ExperienceForgetting/eval_phase/test_stream/Task000/Exp000": 0.786, "ExperienceBWT/eval_phase/test_stream/Task000/Exp000": -0.786, "ExperienceForgetting/eval_phase/test_stream/Task000/Exp001": 0.838, "ExperienceBWT/eval_phase/test_stream/Task000/Exp001": -0.838, "ExperienceForgetting/eval_phase/test_stream/Task000/Exp002": 0.816, "ExperienceBWT/eval_phase/test_stream/Task000/Exp002": -0.816, "ExperienceForgetting/eval_phase/test_stream/Task000/Exp003": 0.812, "ExperienceBWT/eval_phase/test_stream/Task000/Exp003": -0.812, "ExperienceForgetting/eval_phase/test_stream/Task000/Exp004": 0.882, "ExperienceBWT/eval_phase/test_stream/Task000/Exp004": -0.882, "ExperienceForgetting/eval_phase/test_stream/Task000/Exp005": 0.862, "ExperienceBWT/eval_phase/test_stream/Task000/Exp005": -0.862, "ExperienceForgetting/eval_phase/test_stream/Task000/Exp006": 0.76, "ExperienceBWT/eval_phase/test_stream/Task000/Exp006": -0.76, "ExperienceForgetting/eval_phase/test_stream/Task000/Exp007": 0.786, "ExperienceBWT/eval_phase/test_stream/Task000/Exp007": -0.786, "ExperienceForgetting/eval_phase/test_stream/Task000/Exp008": 0.87, "ExperienceBWT/eval_phase/test_stream/Task000/Exp008": -0.87, "ExperienceForgetting/eval_phase/test_stream/Task000/Exp009": 0.78, "ExperienceBWT/eval_phase/test_stream/Task000/Exp009": -0.78, "ExperienceForgetting/eval_phase/test_stream/Task000/Exp010": 0.904, "ExperienceBWT/eval_phase/test_stream/Task000/Exp010": -0.904, "ExperienceForgetting/eval_phase/test_stream/Task000/Exp011": 0.896, "ExperienceBWT/eval_phase/test_stream/Task000/Exp011": -0.896, "ExperienceForgetting/eval_phase/test_stream/Task000/Exp012": 0.92, "ExperienceBWT/eval_phase/test_stream/Task000/Exp012": -0.92, "ExperienceForgetting/eval_phase/test_stream/Task000/Exp013": 0.798, "ExperienceBWT/eval_phase/test_stream/Task000/Exp013": -0.798, "ExperienceForgetting/eval_phase/test_stream/Task000/Exp014": 0.892, "ExperienceBWT/eval_phase/test_stream/Task000/Exp014": -0.892, "ExperienceForgetting/eval_phase/test_stream/Task000/Exp015": 0.872, "ExperienceBWT/eval_phase/test_stream/Task000/Exp015": -0.872, "ExperienceForgetting/eval_phase/test_stream/Task000/Exp016": 0.824, "ExperienceBWT/eval_phase/test_stream/Task000/Exp016": -0.824, "ExperienceForgetting/eval_phase/test_stream/Task000/Exp017": 0.87, "ExperienceBWT/eval_phase/test_stream/Task000/Exp017": -0.87, "ExperienceForgetting/eval_phase/test_stream/Task000/Exp018": 0.894, "ExperienceBWT/eval_phase/test_stream/Task000/Exp018": -0.894}, "learning_acc": [0.786, 0.838, 0.816, 0.812, 0.882, 0.862, 0.76, 0.786, 0.87, 0.78, 0.904, 0.896, 0.92, 0.798, 0.892, 0.872, 0.824, 0.87, 0.894, 0.872], "acc_matrix": [[0.786, 0.0, 0.0, 0.0, 0.0, 0.0, 0.0, 0.0, 0.0, 0.0, 0.0, 0.0, 0.0, 0.0, 0.0, 0.0, 0.0, 0.0, 0.0, 0.0], [0.0, 0.838, 0.0, 0.0, 0.0, 0.0, 0.0, 0.0, 0.0, 0.0, 0.0, 0.0, 0.0, 0.0, 0.0, 0.0, 0.0, 0.0, 0.0, 0.0], [0.0, 0.0, 0.816, 0.0, 0.0, 0.0, 0.0, 0.0, 0.0, 0.0, 0.0, 0.0, 0.0, 0.0, 0.0, 0.0, 0.0, 0.0, 0.0, 0.0], [0.0, 0.0, 0.0, 0.812, 0.0, 0.0, 0.0, 0.0, 0.0, 0.0, 0.0, 0.0, 0.0, 0.0, 0.0, 0.0, 0.0, 0.0, 0.0, 0.0], [0.0, 0.0, 0.0, 0.0, 0.882, 0.0, 0.0, 0.0, 0.0, 0.0, 0.0, 0.0, 0.0, 0.0, 0.0, 0.0, 0.0, 0.0, 0.0, 0.0], [0.0, 0.0, 0.0, 0.0, 0.0, 0.862, 0.0, 0.0, 0.0, 0.0, 0.0, 0.0, 0.0, 0.0, 0.0, 0.0, 0.0, 0.0, 0.0, 0.0], [0.0, 0.0, 0.0, 0.0, 0.0, 0.0, 0.76, 0.0, 0.0, 0.0, 0.0, 0.0, 0.0, 0.0, 0.0, 0.0, 0.0, 0.0, 0.0, 0.0], [0.0, 0.0, 0.0, 0.0, 0.0, 0.0, 0.0, 0.786, 0.0, 0.0, 0.0, 0.0, 0.0, 0.0, 0.0, 0.0, 0.0, 0.0, 0.0, 0.0], [0.0, 0.0, 0.0, 0.0, 0.0, 0.0, 0.0, 0.0, 0.87, 0.0, 0.0, 0.0, 0.0, 0.0, 0.0, 0.0, 0.0, 0.0, 0.0, 0.0], [0.0, 0.0, 0.0, 0.0, 0.0, 0.0, 0.0, 0.0, 0.0, 0.78, 0.0, 0.0, 0.0, 0.0, 0.0, 0.0, 0.0, 0.0, 0.0, 0.0], [0.0, 0.0, 0.0, 0.0, 0.0, 0.0, 0.0, 0.0, 0.0, 0.0, 0.904, 0.0, 0.0, 0.0, 0.0, 0.0, 0.0, 0.0, 0.0, 0.0], [0.0, 0.0, 0.0, 0.0, 0.0, 0.0, 0.0, 0.0, 0.0, 0.0, 0.0, 0.896, 0.0, 0.0, 0.0, 0.0, 0.0, 0.0, 0.0, 0.0], [0.0, 0.0, 0.0, 0.0, 0.0, 0.0, 0.0, 0.0, 0.0, 0.0, 0.0, 0.0, 0.92, 0.0, 0.0, 0.0, 0.0, 0.0, 0.0, 0.0], [0.0, 0.0, 0.0, 0.0, 0.0, 0.0, 0.0, 0.0, 0.0, 0.0, 0.0, 0.0, 0.0, 0.798, 0.0, 0.0, 0.0, 0.0, 0.0, 0.0], [0.0, 0.0, 0.0, 0.0, 0.0, 0.0, 0.0, 0.0, 0.0, 0.0, 0.0, 0.0, 0.0, 0.0, 0.892, 0.0, 0.0, 0.0, 0.0, 0.0], [0.0, 0.0, 0.0, 0.0, 0.0, 0.0, 0.0, 0.0, 0.0, 0.0, 0.0, 0.0, 0.0, 0.0, 0.0, 0.872, 0.0, 0.0, 0.0, 0.0], [0.0, 0.0, 0.0, 0.0, 0.0, 0.0, 0.0, 0.0, 0.0, 0.0, 0.0, 0.0, 0.0, 0.0, 0.0, 0.0, 0.824, 0.0, 0.0, 0.0], [0.0, 0.0, 0.0, 0.0, 0.0, 0.0, 0.0, 0.0, 0.0, 0.0, 0.0, 0.0, 0.0, 0.0, 0.0, 0.0, 0.0, 0.87, 0.0, 0.0], [0.0, 0.0, 0.0, 0.0, 0.0, 0.0, 0.0, 0.0, 0.0, 0.0, 0.0, 0.0, 0.0, 0.0, 0.0, 0.0, 0.0, 0.0, 0.894, 0.0], [0.0, 0.0, 0.0, 0.0, 0.0, 0.0, 0.0, 0.0, 0.0, 0.0, 0.0, 0.0, 0.0, 0.0, 0.0, 0.0, 0.0, 0.0, 0.0, 0.872]], "avg_forgetting": 84.53684210526315, "bwt": -84.53684210526315, "selfcheck_ok": true, "h3": {"overlap_summary": {"matrices": {"0": [[1.0, 0.6837895824480829, 0.5772786987942797, 0.5763429908622331, 0.5243887141961713, 0.49157121564940476, 0.5019061658992738, 0.44169372536505874, 0.4949663731245949, 0.4887649054159175, 0.4828102539788706, 0.4918191246975947, 0.4839886715215487, 0.4902706081952327, 0.48429337221535046, 0.48390744015537923, 0.4764561589609186, 0.477268297182772, 0.46257549406137727, 0.4601793804000837], [0.6837895824480829, 1.0, 0.7040366174941315, 0.6913579592909427, 0.6731836520460657, 0.6089666286512421, 0.611629623368545, 0.533880898849397, 0.586378515761435, 0.6196987966982641, 0.6104616386845179, 0.6494298856295752, 0.6204075165860962, 0.6487681185566215, 0.6366639524348666, 0.6292746701943261, 0.5796229018381432, 0.5926711137519174, 0.5896326971991536, 0.6023194620546947], [0.5772786987942797, 0.7040366174941315, 1.0, 0.7717560852484431, 0.7671947373119712, 0.7206875593224584, 0.6481064721274812, 0.6755611276357182, 0.7069917939757653, 0.6888883928365933, 0.6271118665446043, 0.6448500720269227, 0.6492030999910097, 0.6644447206875432, 0.6610482207093162, 0.6412367221476044, 0.6464626602135355, 0.6477777130645305, 0.6744680458907247, 0.661840417942127], [0.5763429908622331, 0.6913579592909427, 0.7717560852484431, 1.0, 0.7824619823566528, 0.7008840266249109, 0.6838357501185675, 0.6046059471408949, 0.660971396037336, 0.6752559720328326, 0.6451706723481957, 0.6669044969046022, 0.644108598196636, 0.661865521626742, 0.6599930171601259, 0.6642355231761597, 0.6499355443296478, 0.6410324502406312, 0.6937665267873387, 0.6810469301263465], [0.5243887141961713, 0.6731836520460657, 0.7671947373119712, 0.7824619823566528, 1.0, 0.7820866157145338, 0.7002182709461934, 0.639597045589774, 0.7610392827238123, 0.7415844224310683, 0.7069665895736352, 0.70897386621718, 0.6740597483825016, 0.7106506820427201, 0.7120639166181133, 0.7295086468554877, 0.7010065398762602, 0.6841474909150705, 0.7270810344895934, 0.7146512110250439], [0.49157121564940476, 0.6089666286512421, 0.7206875593224584, 0.7008840266249109, 0.7820866157145338, 1.0, 0.7868608667691145, 0.752104093375898, 0.7248279223073907, 0.6750469309750918, 0.6844249090979813, 0.6586848969670587, 0.6833039328035585, 0.7023320731417021, 0.6994193448991705, 0.6942877662993344, 0.7082457483263256, 0.6790713323747671, 0.6481023842534241, 0.6517871080623578], [0.5019061658992738, 0.611629623368545, 0.6481064721274812, 0.6838357501185675, 0.7002182709461934, 0.7868608667691145, 1.0, 0.7741438439576658, 0.7137130669725362, 0.6577355282133442, 0.697551749360044, 0.6834992597228207, 0.6816014854969558, 0.6640777523119412, 0.6717595233745323, 0.6862016481138767, 0.6723882233458071, 0.6471767757721456, 0.6742360207413315, 0.6746838962872675], [0.44169372536505874, 0.533880898849397, 0.6755611276357182, 0.6046059471408949, 0.639597045589774, 0.752104093375898, 0.7741438439576658, 1.0, 0.7576661032688565, 0.6986786155553563, 0.6733641981259822, 0.6633655944282548, 0.6810798410231723, 0.6576142859388847, 0.6888398148150832, 0.6475448676355767, 0.6783746749249802, 0.701849316171261, 0.6265134818269743, 0.6491517134943929], [0.4949663731245949, 0.586378515761435, 0.7069917939757653, 0.660971396037336, 0.7610392827238123, 0.7248279223073907, 0.7137130669725362, 0.7576661032688565, 1.0, 0.8090728090383885, 0.7454709597379083, 0.7409524751100651, 0.6911557131160365, 0.7007902435122504, 0.7094871611402195, 0.7290217048672858, 0.7494552198910335, 0.720280984285157, 0.7415227916341334, 0.7265469696240655], [0.4887649054159175, 0.6196987966982641, 0.6888883928365933, 0.6752559720328326, 0.7415844224310683, 0.6750469309750918, 0.6577355282133442, 0.6986786155553563, 0.8090728090383885, 1.0, 0.8138441394500937, 0.8240730611086772, 0.8046024418670841, 0.8032750910516675, 0.7988191130879121, 0.7694018153167468, 0.755472751941937, 0.7786493209560161, 0.7915864407975699, 0.8214875759089406], [0.4828102539788706, 0.6104616386845179, 0.6271118665446043, 0.6451706723481957, 0.7069665895736352, 0.6844249090979813, 0.697551749360044, 0.6733641981259822, 0.7454709597379083, 0.8138441394500937, 1.0, 0.8487269596551547, 0.7829756058182161, 0.8038630994484971, 0.7957277218318055, 0.761190532650442, 0.7623946551157652, 0.7427215330525776, 0.7188292271837293, 0.76390895585908], [0.4918191246975947, 0.6494298856295752, 0.6448500720269227, 0.6669044969046022, 0.70897386621718, 0.6586848969670587, 0.6834992597228207, 0.6633655944282548, 0.7409524751100651, 0.8240730611086772, 0.8487269596551547, 1.0, 0.8610830723184163, 0.8308773881604484, 0.8105481883681165, 0.8025565721981195, 0.7621935983178868, 0.7688908721994395, 0.7481575037919037, 0.7868462395829194], [0.4839886715215487, 0.6204075165860962, 0.6492030999910097, 0.644108598196636, 0.6740597483825016, 0.6833039328035585, 0.6816014854969558, 0.6810798410231723, 0.6911557131160365, 0.8046024418670841, 0.7829756058182161, 0.8610830723184163, 1.0, 0.8236280169179137, 0.7900498307786926, 0.7644532262211691, 0.7188451167733206, 0.7561720036750496, 0.7421114943863436, 0.780941702529167], [0.4902706081952327, 0.6487681185566215, 0.6644447206875432, 0.661865521626742, 0.7106506820427201, 0.7023320731417021, 0.6640777523119412, 0.6576142859388847, 0.7007902435122504, 0.8032750910516675, 0.8038630994484971, 0.8308773881604484, 0.8236280169179137, 1.0, 0.8842208857648216, 0.8378210655950912, 0.7901329192098737, 0.8011594108209315, 0.7584541972727884, 0.8062922602183702], [0.48429337221535046, 0.6366639524348666, 0.6610482207093162, 0.6599930171601259, 0.7120639166181133, 0.6994193448991705, 0.6717595233745323, 0.6888398148150832, 0.7094871611402195, 0.7988191130879121, 0.7957277218318055, 0.8105481883681165, 0.7900498307786926, 0.8842208857648216, 1.0, 0.8588520827928768, 0.8003479767735949, 0.8115200878042886, 0.7244737974266809, 0.7961112211974443], [0.48390744015537923, 0.6292746701943261, 0.6412367221476044, 0.6642355231761597, 0.7295086468554877, 0.6942877662993344, 0.6862016481138767, 0.6475448676355767, 0.7290217048672858, 0.7694018153167468, 0.761190532650442, 0.8025565721981195, 0.7644532262211691, 0.8378210655950912, 0.8588520827928768, 1.0, 0.8159314324683639, 0.7958111059619818, 0.7348388984530407, 0.7704536856543983], [0.4764561589609186, 0.5796229018381432, 0.6464626602135355, 0.6499355443296478, 0.7010065398762602, 0.7082457483263256, 0.6723882233458071, 0.6783746749249802, 0.7494552198910335, 0.755472751941937, 0.7623946551157652, 0.7621935983178868, 0.7188451167733206, 0.7901329192098737, 0.8003479767735949, 0.8159314324683639, 1.0, 0.8452018643638348, 0.7776755273945961, 0.7671815019765661], [0.477268297182772, 0.5926711137519174, 0.6477777130645305, 0.6410324502406312, 0.6841474909150705, 0.6790713323747671, 0.6471767757721456, 0.701849316171261, 0.720280984285157, 0.7786493209560161, 0.7427215330525776, 0.7688908721994395, 0.7561720036750496, 0.8011594108209315, 0.8115200878042886, 0.7958111059619818, 0.8452018643638348, 1.0, 0.7774456324871885, 0.7974310654440516], [0.46257549406137727, 0.5896326971991536, 0.6744680458907247, 0.6937665267873387, 0.7270810344895934, 0.6481023842534241, 0.6742360207413315, 0.6265134818269743, 0.7415227916341334, 0.7915864407975699, 0.7188292271837293, 0.7481575037919037, 0.7421114943863436, 0.7584541972727884, 0.7244737974266809, 0.7348388984530407, 0.7776755273945961, 0.7774456324871885, 1.0, 0.8829421058183913], [0.4601793804000837, 0.6023194620546947, 0.661840417942127, 0.6810469301263465, 0.7146512110250439, 0.6517871080623578, 0.6746838962872675, 0.6491517134943929, 0.7265469696240655, 0.8214875759089406, 0.76390895585908, 0.7868462395829194, 0.780941702529167, 0.8062922602183702, 0.7961112211974443, 0.7704536856543983, 0.7671815019765661, 0.7974310654440516, 0.8829421058183913, 1.0]], "1": [[1.0, 0.16892141492561996, 0.14729340743972802, 0.1103765701383265, 0.137592334355823, 0.12863650227731935, 0.05551163769225923, 0.07712651303384727, 0.11957063013084557, 0.11039943869176248, 0.1270506287657647, 0.10300967692810219, 0.07968168358667727, 0.07291743415559447, 0.08607197104270081, 0.12017755754575542, 0.14260219683863629, 0.09177738676075971, 0.11368739527679467, 0.0756409490973876], [0.16892141492561996, 1.0, 0.13415924619262637, 0.14530907259331616, 0.11721985837456417, 0.20351336389388372, 0.08331503695321264, 0.0749425172363944, 0.10890246478668567, 0.14022193357489704, 0.14270883650422148, 0.13163734159077609, 0.08894451497496395, 0.07963385281484743, 0.10624038632457623, 0.132409992061619, 0.13873111419232656, 0.08035922451090635, 0.1224095604723319, 0.08483197373435869], [0.14729340743972802, 0.13415924619262637, 1.0, 0.10686195066024091, 0.12631751153769558, 0.14014092118244706, 0.07303755939311164, 0.09628340815209713, 0.13730628994157484, 0.1537377791021762, 0.09623568782971258, 0.11735665988252506, 0.08690704670728963, 0.08698286595141283, 0.1155799070341312, 0.10122822596036507, 0.11691164028752941, 0.08096462143612024, 0.0992297107957916, 0.09148036726146938], [0.1103765701383265, 0.14530907259331616, 0.10686195066024091, 1.0, 0.14155149768145325, 0.14660201415361204, 0.09584188550883185, 0.09787185505128151, 0.09059652890521182, 0.10625081359446414, 0.11495384443547647, 0.12889600198707912, 0.07777980152650447, 0.0822246735827002, 0.09870229017129746, 0.10986468471627514, 0.11594108923107924, 0.09993326533772848, 0.09873978046556944, 0.0909012544585635], [0.137592334355823, 0.11721985837456417, 0.12631751153769558, 0.14155149768145325, 1.0, 0.14283284095161786, 0.12109015629110002, 0.08638445300213246, 0.09556462689347316, 0.10457909854802815, 0.13206513659709315, 0.13965699652984498, 0.081833059152243, 0.09792010212818264, 0.1371344720081367, 0.1196117274056733, 0.12551416143100907, 0.11077730883371925, 0.14627182028318428, 0.1023384920586471], [0.12863650227731935, 0.20351336389388372, 0.14014092118244706, 0.14660201415361204, 0.14283284095161786, 1.0, 0.0696400195618727, 0.09071665773031519, 0.1009502649887071, 0.23063940735507066, 0.04980276797268196, 0.11882839769807452, 0.07766647699001697, 0.08542816078809842, 0.09082745293898639, 0.1450133206383341, 0.08810824980661779, 0.06736713105435752, 0.1206748991945839, 0.09518493289489967], [0.05551163769225923, 0.08331503695321264, 0.07303755939311164, 0.09584188550883185, 0.12109015629110002, 0.0696400195618727, 1.0, 0.12497854398514655, 0.0538134702714502, 0.06576961797969708, 0.1132651244745701, 0.09017774649708374, 0.04564801242230125, 0.05388130921977031, 0.09346241201789143, 0.07024612299484982, 0.08343056362158568, 0.0596979946616486, 0.12570929797096064, 0.13773842584443954], [0.07712651303384727, 0.0749425172363944, 0.09628340815209713, 0.09787185505128151, 0.08638445300213246, 0.09071665773031519, 0.12497854398514655, 1.0, 0.08664557509278314, 0.10745041234359452, 0.08267192970912364, 0.08653219877301607, 0.06317733485219841, 0.0635074358275853, 0.08211277814599431, 0.11081974433678922, 0.07996338884186639, 0.09244907679195313, 0.06644773924768828, 0.06186574646250921], [0.11957063013084557, 0.10890246478668567, 0.13730628994157484, 0.09059652890521182, 0.09556462689347316, 0.1009502649887071, 0.0538134702714502, 0.08664557509278314, 1.0, 0.15297994586516667, 0.10846992614489713, 0.09254462541906726, 0.09093172014485877, 0.07848058147228869, 0.10739728324871146, 0.08359501850262717, 0.12673308103941697, 0.08543793917802585, 0.08802161304738315, 0.07737288415120024], [0.11039943869176248, 0.14022193357489704, 0.1537377791021762, 0.10625081359446414, 0.10457909854802815, 0.23063940735507066, 0.06576961797969708, 0.10745041234359452, 0.15297994586516667, 1.0, 0.11403368848323947, 0.18164815157132716, 0.09002421939620542, 0.08505048020725443, 0.10871115755858388, 0.1262748635499845, 0.0962638600570639, 0.08605036335425299, 0.09723663344690425, 0.08913258826620764], [0.1270506287657647, 0.14270883650422148, 0.09623568782971258, 0.11495384443547647, 0.13206513659709315, 0.04980276797268196, 0.1132651244745701, 0.08267192970912364, 0.10846992614489713, 0.11403368848323947, 1.0, 0.16018448515480743, 0.07401067428190229, 0.0806266836847238, 0.13951997343853495, 0.11656292368751145, 0.1735842083948528, 0.09594770902779136, 0.11453020883174553, 0.08467419161539443], [0.10300967692810219, 0.13163734159077609, 0.11735665988252506, 0.12889600198707912, 0.13965699652984498, 0.11882839769807452, 0.09017774649708374, 0.08653219877301607, 0.09254462541906726, 0.18164815157132716, 0.16018448515480743, 1.0, 0.06017733409256583, 0.07304236522529294, 0.10484110328290946, 0.2032580409219826, 0.08396926695662695, 0.0871979971123192, 0.10356539577965924, 0.07178653592649735], [0.07968168358667727, 0.08894451497496395, 0.08690704670728963, 0.07777980152650447, 0.081833059152243, 0.07766647699001697, 0.04564801242230125, 0.06317733485219841, 0.09093172014485877, 0.09002421939620542, 0.07401067428190229, 0.06017733409256583, 1.0, 0.1875132554524687, 0.0972283033182046, 0.07065504808418231, 0.07427797351827652, 0.07014458684000915, 0.0631260387754381, 0.05906564654475002], [0.07291743415559447, 0.07963385281484743, 0.08698286595141283, 0.0822246735827002, 0.09792010212818264, 0.08542816078809842, 0.05388130921977031, 0.0635074358275853, 0.07848058147228869, 0.08505048020725443, 0.0806266836847238, 0.07304236522529294, 0.1875132554524687, 1.0, 0.16062137101256174, 0.07718703547901576, 0.06728546169011096, 0.07499438677552396, 0.10840849021381617, 0.08543153280724626], [0.08607197104270081, 0.10624038632457623, 0.1155799070341312, 0.09870229017129746, 0.1371344720081367, 0.09082745293898639, 0.09346241201789143, 0.08211277814599431, 0.10739728324871146, 0.10871115755858388, 0.13951997343853495, 0.10484110328290946, 0.0972283033182046, 0.16062137101256174, 1.0, 0.1255122390355226, 0.13473391446806626, 0.1135275023031097, 0.14188531694503692, 0.12555080570663502], [0.12017755754575542, 0.132409992061619, 0.10122822596036507, 0.10986468471627514, 0.1196117274056733, 0.1450133206383341, 0.07024612299484982, 0.11081974433678922, 0.08359501850262717, 0.1262748635499845, 0.11656292368751145, 0.2032580409219826, 0.07065504808418231, 0.07718703547901576, 0.1255122390355226, 1.0, 0.1375138686567625, 0.1204857388769036, 0.1133775432174329, 0.07809909914278661], [0.14260219683863629, 0.13873111419232656, 0.11691164028752941, 0.11594108923107924, 0.12551416143100907, 0.08810824980661779, 0.08343056362158568, 0.07996338884186639, 0.12673308103941697, 0.0962638600570639, 0.1735842083948528, 0.08396926695662695, 0.07427797351827652, 0.06728546169011096, 0.13473391446806626, 0.1375138686567625, 1.0, 0.19882173802889883, 0.14325631175268452, 0.09718277767124801], [0.09177738676075971, 0.08035922451090635, 0.08096462143612024, 0.09993326533772848, 0.11077730883371925, 0.06736713105435752, 0.0596979946616486, 0.09244907679195313, 0.08543793917802585, 0.08605036335425299, 0.09594770902779136, 0.0871979971123192, 0.07014458684000915, 0.07499438677552396, 0.1135275023031097, 0.1204857388769036, 0.19882173802889883, 1.0, 0.16110016059866172, 0.07954600646582247], [0.11368739527679467, 0.1224095604723319, 0.0992297107957916, 0.09873978046556944, 0.14627182028318428, 0.1206748991945839, 0.12570929797096064, 0.06644773924768828, 0.08802161304738315, 0.09723663344690425, 0.11453020883174553, 0.10356539577965924, 0.0631260387754381, 0.10840849021381617, 0.14188531694503692, 0.1133775432174329, 0.14325631175268452, 0.16110016059866172, 1.0, 0.22055493682064403], [0.0756409490973876, 0.08483197373435869, 0.09148036726146938, 0.0909012544585635, 0.1023384920586471, 0.09518493289489967, 0.13773842584443954, 0.06186574646250921, 0.07737288415120024, 0.08913258826620764, 0.08467419161539443, 0.07178653592649735, 0.05906564654475002, 0.08543153280724626, 0.12555080570663502, 0.07809909914278661, 0.09718277767124801, 0.07954600646582247, 0.22055493682064403, 1.0]], "2": [[1.0, 0.1611274630507588, 0.22119524718203354, 0.18160935070466927, 0.13601632264414307, 0.0879831564460108, 0.09598453460309747, 0.11820688575999345, 0.11431217033659746, 0.18176011779485635, 0.16704803366814364, 0.26306666534453826, 0.11873804279985337, 0.12716870487389748, 0.14551938177699636, 0.16003279280578697, 0.14172090299356432, 0.06896568995554096, 0.22244009924095187, 0.1453771445635693], [0.1611274630507588, 1.0, 0.19620651562006325, 0.1712944108205749, 0.19716781978930317, 0.16820381021340422, 0.13448694671531797, 0.1071868460796281, 0.20652236696661552, 0.22703939049646008, 0.177085385394414, 0.18874349058245954, 0.21931670094742864, 0.2253423948769727, 0.12198471771801293, 0.1906812119640866, 0.15283372849917795, 0.1566614260777427, 0.18309889761497422, 0.18146300689246894], [0.22119524718203354, 0.19620651562006325, 1.0, 0.1687110426885364, 0.18249428600004758, 0.1358932626229145, 0.11414229528574282, 0.1469349220878567, 0.15854769490022946, 0.272253509442668, 0.1918870241891171, 0.18613886918779127, 0.15956481215634608, 0.15262324890330076, 0.11521762334272966, 0.1414930760321062, 0.124127013385315, 0.07971773218247977, 0.22167466196876381, 0.19644040140673913], [0.18160935070466927, 0.1712944108205749, 0.1687110426885364, 1.0, 0.1290560831917537, 0.28466447216715995, 0.14016258097420345, 0.2052856766163585, 0.123596626296016, 0.1730628149823175, 0.20024304046464864, 0.21643336013565304, 0.2654750504013237, 0.13340684020156732, 0.14756940577856656, 0.23709701755593685, 0.13767472442292547, 0.12617918751776228, 0.2993382922352455, 0.14930505301176367], [0.13601632264414307, 0.19716781978930317, 0.18249428600004758, 0.1290560831917537, 1.0, 0.18694912850129364, 0.08128924937117761, 0.13832568916064744, 0.2231718830958422, 0.1903891745028151, 0.2252729479389822, 0.14360356716441774, 0.23290323842338198, 0.1532045799359082, 0.1391339920959912, 0.21421525678379957, 0.1874992398809885, 0.18920682772350897, 0.18664240103892615, 0.10527271363911705], [0.0879831564460108, 0.16820381021340422, 0.1358932626229145, 0.28466447216715995, 0.18694912850129364, 1.0, 0.24090998641392408, 0.1968195657898172, 0.22927484899018524, 0.15883608343261502, 0.16656397552852445, 0.19825383163410684, 0.3406719076134997, 0.19084385835202888, 0.18309928130439035, 0.26822088782355663, 0.14602448403432977, 0.21059415786741728, 0.15166925425295835, 0.08755725950525478], [0.09598453460309747, 0.13448694671531797, 0.11414229528574282, 0.14016258097420345, 0.08128924937117761, 0.24090998641392408, 1.0, 0.22955689283239217, 0.1288961531065269, 0.08673353107504793, 0.16011111538740186, 0.1674144489879051, 0.23434937719769328, 0.11799413314828144, 0.10388020274299428, 0.10297362143406155, 0.13530387437546598, 0.11271195846316114, 0.10599929191280984, 0.09389100574611399], [0.11820688575999345, 0.1071868460796281, 0.1469349220878567, 0.2052856766163585, 0.13832568916064744, 0.1968195657898172, 0.22955689283239217, 1.0, 0.11405418894474491, 0.16474703839147042, 0.19263025918276208, 0.18428691540988756, 0.27102407011226565, 0.11708684283818928, 0.23200531683694542, 0.1579849729438175, 0.13279681310784944, 0.17271673832477769, 0.11630372039554787, 0.10943715553056582], [0.11431217033659746, 0.20652236696661552, 0.15854769490022946, 0.123596626296016, 0.2231718830958422, 0.22927484899018524, 0.1288961531065269, 0.11405418894474491, 1.0, 0.2360827272507619, 0.12118240397994742, 0.17473503506604263, 0.33272937908654715, 0.1753069960268011, 0.1318216747655371, 0.2304182803161544, 0.11931073876443421, 0.16730018560957327, 0.17785422448783894, 0.13126620459690813], [0.18176011779485635, 0.22703939049646008, 0.272253509442668, 0.1730628149823175, 0.1903891745028151, 0.15883608343261502, 0.08673353107504793, 0.16474703839147042, 0.2360827272507619, 1.0, 0.15588600130711605, 0.22069089198471634, 0.19751767752057559, 0.22890331377751671, 0.19202322384746878, 0.20221950384386372, 0.12604975387037967, 0.13999010172726206, 0.1689198012915519, 0.1847225733710873], [0.16704803366814364, 0.177085385394414, 0.1918870241891171, 0.20024304046464864, 0.2252729479389822, 0.16656397552852445, 0.16011111538740186, 0.19263025918276208, 0.12118240397994742, 0.15588600130711605, 1.0, 0.17170274531601015, 0.17773491871898503, 0.1728114001287219, 0.12241602134784044, 0.15679934396823172, 0.22472044660422474, 0.16865628557096582, 0.10525748327472839, 0.19761968986578174], [0.26306666534453826, 0.18874349058245954, 0.18613886918779127, 0.21643336013565304, 0.14360356716441774, 0.19825383163410684, 0.1674144489879051, 0.18428691540988756, 0.17473503506604263, 0.22069089198471634, 0.17170274531601015, 1.0, 0.17601426419253516, 0.22285876340851604, 0.13771573592833572, 0.23539632209672437, 0.13853649147418637, 0.15442716470467216, 0.20505742029251867, 0.14460823255954022], [0.11873804279985337, 0.21931670094742864, 0.15956481215634608, 0.2654750504013237, 0.23290323842338198, 0.3406719076134997, 0.23434937719769328, 0.27102407011226565, 0.33272937908654715, 0.19751767752057559, 0.17773491871898503, 0.17601426419253516, 1.0, 0.26167539628390246, 0.19344770338935355, 0.34246431455859655, 0.11730418018726438, 0.16600864119945608, 0.23760257217616246, 0.15500934336973543], [0.12716870487389748, 0.2253423948769727, 0.15262324890330076, 0.13340684020156732, 0.1532045799359082, 0.19084385835202888, 0.11799413314828144, 0.11708684283818928, 0.1753069960268011, 0.22890331377751671, 0.1728114001287219, 0.22285876340851604, 0.26167539628390246, 1.0, 0.23304210315587906, 0.24663678774677045, 0.1154616569899691, 0.1439443383910374, 0.09570656400135331, 0.1703795065418453], [0.14551938177699636, 0.12198471771801293, 0.11521762334272966, 0.14756940577856656, 0.1391339920959912, 0.18309928130439035, 0.10388020274299428, 0.23200531683694542, 0.1318216747655371, 0.19202322384746878, 0.12241602134784044, 0.13771573592833572, 0.19344770338935355, 0.23304210315587906, 1.0, 0.17815167248180477, 0.20003338966320525, 0.1468414656378514, 0.07466263219219824, 0.1493703918942955], [0.16003279280578697, 0.1906812119640866, 0.1414930760321062, 0.23709701755593685, 0.21421525678379957, 0.26822088782355663, 0.10297362143406155, 0.1579849729438175, 0.2304182803161544, 0.20221950384386372, 0.15679934396823172, 0.23539632209672437, 0.34246431455859655, 0.24663678774677045, 0.17815167248180477, 1.0, 0.14661321140707004, 0.2194627119843058, 0.231912298626248, 0.12693465792642125], [0.14172090299356432, 0.15283372849917795, 0.124127013385315, 0.13767472442292547, 0.1874992398809885, 0.14602448403432977, 0.13530387437546598, 0.13279681310784944, 0.11931073876443421, 0.12604975387037967, 0.22472044660422474, 0.13853649147418637, 0.11730418018726438, 0.1154616569899691, 0.20003338966320525, 0.14661321140707004, 1.0, 0.20348944552266837, 0.13950867446454515, 0.1334780531802796], [0.06896568995554096, 0.1566614260777427, 0.07971773218247977, 0.12617918751776228, 0.18920682772350897, 0.21059415786741728, 0.11271195846316114, 0.17271673832477769, 0.16730018560957327, 0.13999010172726206, 0.16865628557096582, 0.15442716470467216, 0.16600864119945608, 0.1439443383910374, 0.1468414656378514, 0.2194627119843058, 0.20348944552266837, 1.0, 0.08710470680906206, 0.11743185114632301], [0.22244009924095187, 0.18309889761497422, 0.22167466196876381, 0.2993382922352455, 0.18664240103892615, 0.15166925425295835, 0.10599929191280984, 0.11630372039554787, 0.17785422448783894, 0.1689198012915519, 0.10525748327472839, 0.20505742029251867, 0.23760257217616246, 0.09570656400135331, 0.07466263219219824, 0.231912298626248, 0.13950867446454515, 0.08710470680906206, 1.0, 0.15057959083683262], [0.1453771445635693, 0.18146300689246894, 0.19644040140673913, 0.14930505301176367, 0.10527271363911705, 0.08755725950525478, 0.09389100574611399, 0.10943715553056582, 0.13126620459690813, 0.1847225733710873, 0.19761968986578174, 0.14460823255954022, 0.15500934336973543, 0.1703795065418453, 0.1493703918942955, 0.12693465792642125, 0.1334780531802796, 0.11743185114632301, 0.15057959083683262, 1.0]]}, "per_layer_inter": {"0": 0.6948856129695146, "1": 0.10612416031172545, "2": 0.17054122983940587}, "O_inter": 0.32385033437354865, "O_intra": 1.0, "Obar": 0.32385033437354865, "inner": -0.6761496656264514}, "phase_stability": {"0": {"layer": 0, "S_matrix": [[1.0, 0.2887483630626482, 0.23123661178820984, 0.18679840931397437, 0.17722549219228745, 0.14946394498778418, 0.1339329044545603, 0.12366295299187147, 0.12985721819226306, 0.126083537061436, 0.11496391822002645, 0.11960540624929211, 0.11218310924339261, 0.0924406792196833, 0.08903670460797419, 0.08701973947836655, 0.08100700506610997, 0.0788210278914778, 0.0783923866681846, 0.07737869196882345], [0.2887483630626482, 1.0, 0.31625468226996545, 0.25359286826817323, 0.2445252866482486, 0.1971168384155626, 0.16250560912689124, 0.1455318601060832, 0.14311223492842262, 0.15068822478350904, 0.13431517924804925, 0.13441974557310526, 0.12804899784591964, 0.11594797750682055, 0.10930822540469659, 0.10423909327037284, 0.0997317697280074, 0.09239162038206616, 0.08728350945606869, 0.08806033503185652], [0.23123661178820984, 0.31625468226996545, 1.0, 0.2808416036344561, 0.27104674053806443, 0.2161670999095655, 0.19233264515869994, 0.18027037833104503, 0.17505508359963914, 0.16921903100968608, 0.15417255569183538, 0.13902150430753402, 0.13877839512087597, 0.1187594758458217, 0.10993040748423699, 0.1138412693423342, 0.10277598670651122, 0.09506698913488926, 0.09231929570614436, 0.09459631279986107], [0.18679840931397437, 0.25359286826817323, 0.2808416036344561, 1.0, 0.3539772001731525, 0.2528580689666167, 0.22212519069808062, 0.1934798081686232, 0.18023841686725742, 0.16824582278162714, 0.1556007586801325, 0.15260600210575956, 0.14735448189717118, 0.13170895079951864, 0.11883904683242946, 0.11576231235664254, 0.11033112990550223, 0.11051330095724407, 0.10879496094806994, 0.10809153635717046], [0.17722549219228745, 0.2445252866482486, 0.27104674053806443, 0.3539772001731525, 1.0, 0.38463893809668687, 0.2791294564637153, 0.22571846778738752, 0.19970960235470142, 0.1907523979267918, 0.18893752389565838, 0.16900137060699472, 0.16421199154051452, 0.15452248772630162, 0.1491336776590492, 0.12979546475971823, 0.12999700469453604, 0.12004992050274514, 0.1195700079670557, 0.12149927020394345], [0.14946394498778418, 0.1971168384155626, 0.2161670999095655, 0.2528580689666167, 0.38463893809668687, 1.0, 0.39089785211943706, 0.2843761193908688, 0.23102842000190402, 0.20467123597062284, 0.20466998191635838, 0.180924533941632, 0.17201588454189212, 0.15946866054347925, 0.15427258128732263, 0.13954934665604735, 0.13656252841508618, 0.1294388666994921, 0.13020369343213628, 0.13610771335104804], [0.1339329044545603, 0.16250560912689124, 0.19233264515869994, 0.22212519069808062, 0.2791294564637153, 0.39089785211943706, 1.0, 0.3586879805550268, 0.2951933501511746, 0.2320925783999012, 0.21564648108787754, 0.19523917330249957, 0.19220789727178542, 0.17674972762092678, 0.16421727038634018, 0.14695797482846013, 0.140884162399882, 0.13299595635531672, 0.11711499619441203, 0.12495324934485115], [0.12366295299187147, 0.1455318601060832, 0.18027037833104503, 0.1934798081686232, 0.22571846778738752, 0.2843761193908688, 0.3586879805550268, 1.0, 0.34715599431233585, 0.2615776012694512, 0.2246836314697566, 0.21700459556287752, 0.20938717586679179, 0.1898376441823991, 0.170343739904874, 0.15771856431449358, 0.1480715403084312, 0.13909888225818673, 0.12452448733509767, 0.130285583681625], [0.12985721819226306, 0.14311223492842262, 0.17505508359963914, 0.18023841686725742, 0.19970960235470142, 0.23102842000190402, 0.2951933501511746, 0.34715599431233585, 1.0, 0.3336363968455858, 0.2544444698129703, 0.23397538198378254, 0.2236886120570449, 0.19386965136988651, 0.18737132194676095, 0.18399356130498018, 0.15407749018845454, 0.1446560565482806, 0.13669545416355502, 0.13465226427885382], [0.126083537061436, 0.15068822478350904, 0.16921903100968608, 0.16824582278162714, 0.1907523979267918, 0.20467123597062284, 0.2320925783999012, 0.2615776012694512, 0.3336363968455858, 1.0, 0.3043568075543351, 0.2744821460014861, 0.25475563879419993, 0.2275566917157149, 0.20064199134363697, 0.1975517346873986, 0.16306437621562112, 0.16836389341534408, 0.140805167734892, 0.14008703040528186], [0.11496391822002645, 0.13431517924804925, 0.15417255569183538, 0.1556007586801325, 0.18893752389565838, 0.20466998191635838, 0.21564648108787754, 0.2246836314697566, 0.2544444698129703, 0.3043568075543351, 1.0, 0.32573781136307844, 0.3078522102930944, 0.23538753629690226, 0.21681835369271985, 0.20750824308353152, 0.17610791517686508, 0.17465986454670146, 0.15677349026009596, 0.15562567827102552], [0.11960540624929211, 0.13441974557310526, 0.13902150430753402, 0.15260600210575956, 0.16900137060699472, 0.180924533941632, 0.19523917330249957, 0.21700459556287752, 0.23397538198378254, 0.2744821460014861, 0.32573781136307844, 1.0, 0.4094784788775013, 0.28533675071204917, 0.22932581529627977, 0.21447565574764, 0.2005863066111065, 0.19110442699307145, 0.1811810551798335, 0.1687918396897725], [0.11218310924339261, 0.12804899784591964, 0.13877839512087597, 0.14735448189717118, 0.16421199154051452, 0.17201588454189212, 0.19220789727178542, 0.20938717586679179, 0.2236886120570449, 0.25475563879419993, 0.3078522102930944, 0.4094784788775013, 1.0, 0.31609994997309493, 0.2530724919456515, 0.2511556980627759, 0.1967566637951374, 0.20584654665070357, 0.1873755988373186, 0.1728122409223307], [0.0924406792196833, 0.11594797750682055, 0.1187594758458217, 0.13170895079951864, 0.15452248772630162, 0.15946866054347925, 0.17674972762092678, 0.1898376441823991, 0.19386965136988651, 0.2275566917157149, 0.23538753629690226, 0.28533675071204917, 0.31609994997309493, 1.0, 0.3779258897947768, 0.28528943438977267, 0.24930476648563668, 0.2237262740345098, 0.19358742983364483, 0.18191637867452243], [0.08903670460797419, 0.10930822540469659, 0.10993040748423699, 0.11883904683242946, 0.1491336776590492, 0.15427258128732263, 0.16421727038634018, 0.170343739904874, 0.18737132194676095, 0.20064199134363697, 0.21681835369271985, 0.22932581529627977, 0.2530724919456515, 0.3779258897947768, 1.0, 0.3411913422831961, 0.2769161487876914, 0.234033406555785, 0.22294642226385575, 0.20839983403094287], [0.08701973947836655, 0.10423909327037284, 0.1138412693423342, 0.11576231235664254, 0.12979546475971823, 0.13954934665604735, 0.14695797482846013, 0.15771856431449358, 0.18399356130498018, 0.1975517346873986, 0.20750824308353152, 0.21447565574764, 0.2511556980627759, 0.28528943438977267, 0.3411913422831961, 1.0, 0.31283149528194115, 0.2882712093194264, 0.23717449412490332, 0.22218429308170295], [0.08100700506610997, 0.0997317697280074, 0.10277598670651122, 0.11033112990550223, 0.12999700469453604, 0.13656252841508618, 0.140884162399882, 0.1480715403084312, 0.15407749018845454, 0.16306437621562112, 0.17610791517686508, 0.2005863066111065, 0.1967566637951374, 0.24930476648563668, 0.2769161487876914, 0.31283149528194115, 1.0, 0.34951922718704015, 0.2941170764285835, 0.27341237093356036], [0.0788210278914778, 0.09239162038206616, 0.09506698913488926, 0.11051330095724407, 0.12004992050274514, 0.1294388666994921, 0.13299595635531672, 0.13909888225818673, 0.1446560565482806, 0.16836389341534408, 0.17465986454670146, 0.19110442699307145, 0.20584654665070357, 0.2237262740345098, 0.234033406555785, 0.2882712093194264, 0.34951922718704015, 1.0, 0.3107676247077409, 0.2684812550665772], [0.0783923866681846, 0.08728350945606869, 0.09231929570614436, 0.10879496094806994, 0.1195700079670557, 0.13020369343213628, 0.11711499619441203, 0.12452448733509767, 0.13669545416355502, 0.140805167734892, 0.15677349026009596, 0.1811810551798335, 0.1873755988373186, 0.19358742983364483, 0.22294642226385575, 0.23717449412490332, 0.2941170764285835, 0.3107676247077409, 1.0, 0.41367889565746946], [0.07737869196882345, 0.08806033503185652, 0.09459631279986107, 0.10809153635717046, 0.12149927020394345, 0.13610771335104804, 0.12495324934485115, 0.130285583681625, 0.13465226427885382, 0.14008703040528186, 0.15562567827102552, 0.1687918396897725, 0.1728122409223307, 0.18191637867452243, 0.20839983403094287, 0.22218429308170295, 0.27341237093356036, 0.2684812550665772, 0.41367889565746946, 1.0]], "mean_cross_task_stability": 0.18995479574661006, "score": "ami"}, "1": {"layer": 1, "S_matrix": [[1.0, 0.08684431178350825, 0.02786464483725055, 0.0066381581331270995, 0.007153306592236528, 0.005124359360785143, 0.013634299529807112, 0.004509507273576927, 0.004722095119031771, 0.00466741224449599, 0.007221301895412649, 0.004755493505707091, 0.0025823133086349385, 0.002425552367746953, 0.0021664952387507475, 0.0031014390543522593, 0.003883544963853342, 0.002563337039679757, 0.006276081964851179, 0.004760204878151326], [0.08684431178350825, 1.0, 0.09434969129937129, 0.022786654596521794, 0.030417905933263812, 0.012931539065722723, 0.013795057863892962, 0.0070560463789279505, 0.009100623310508689, 0.011933208927648285, 0.009546916129674175, 0.007133538160537314, 0.004057933724487304, 0.004361620697490157, 0.0021818363700457934, 0.0037253600442117736, 0.0038064169920001404, 0.003279123418378973, 0.0038042340098334566, 0.0028119618198977994], [0.02786464483725055, 0.09434969129937129, 1.0, 0.07409461288438934, 0.06458791730182599, 0.0342233992590765, 0.026168389535686145, 0.012910043199494233, 0.014047954484573421, 0.01404559890976916, 0.00955095260426718, 0.008162338506208172, 0.008604839848705461, 0.00849275755488572, 0.005709506307299632, 0.005288320222258475, 0.004967553340532279, 0.0037074919149801874, 0.003886196692674747, 0.0038050789277737475], [0.0066381581331270995, 0.022786654596521794, 0.07409461288438934, 1.0, 0.08582874240017088, 0.06022794192585108, 0.046682655331813754, 0.02377657629966272, 0.02338851103419848, 0.01977724654175323, 0.01651497213737168, 0.007018348250302152, 0.008952184748671942, 0.007367771025442812, 0.00710160852