{"rung": "R6", "scenario": "class", "nexp": 10, "epochs": 50, "seed": 0, "metrics": {"Top1_Acc_Exp/eval_phase/test_stream/Task000/Exp000": 0.0, "Top1_Acc_Exp/eval_phase/test_stream/Task000/Exp001": 0.0, "Top1_Acc_Exp/eval_phase/test_stream/Task000/Exp002": 0.0, "Top1_Acc_Exp/eval_phase/test_stream/Task000/Exp003": 0.0, "Top1_Acc_Exp/eval_phase/test_stream/Task000/Exp004": 0.0, "Top1_Acc_Exp/eval_phase/test_stream/Task000/Exp005": 0.0, "Top1_Acc_Exp/eval_phase/test_stream/Task000/Exp006": 0.0, "Top1_Acc_Exp/eval_phase/test_stream/Task000/Exp007": 0.0, "Top1_Acc_Exp/eval_phase/test_stream/Task000/Exp008": 0.0, "Top1_Acc_Exp/eval_phase/test_stream/Task000/Exp009": 0.796, "Top1_Acc_Stream/eval_phase/test_stream/Task000": 0.0796, "StreamForgetting/eval_phase/test_stream": 0.7704444444444446, "StreamBWT/eval_phase/test_stream": -0.7704444444444446, "ExperienceForgetting/eval_phase/test_stream/Task000/Exp000": 0.757, "ExperienceBWT/eval_phase/test_stream/Task000/Exp000": -0.757, "ExperienceForgetting/eval_phase/test_stream/Task000/Exp001": 0.729, "ExperienceBWT/eval_phase/test_stream/Task000/Exp001": -0.729, "ExperienceForgetting/eval_phase/test_stream/Task000/Exp002": 0.763, "ExperienceBWT/eval_phase/test_stream/Task000/Exp002": -0.763, "ExperienceForgetting/eval_phase/test_stream/Task000/Exp003": 0.722, "ExperienceBWT/eval_phase/test_stream/Task000/Exp003": -0.722, "ExperienceForgetting/eval_phase/test_stream/Task000/Exp004": 0.804, "ExperienceBWT/eval_phase/test_stream/Task000/Exp004": -0.804, "ExperienceForgetting/eval_phase/test_stream/Task000/Exp005": 0.764, "ExperienceBWT/eval_phase/test_stream/Task000/Exp005": -0.764, "ExperienceForgetting/eval_phase/test_stream/Task000/Exp006": 0.783, "ExperienceBWT/eval_phase/test_stream/Task000/Exp006": -0.783, "ExperienceForgetting/eval_phase/test_stream/Task000/Exp007": 0.766, "ExperienceBWT/eval_phase/test_stream/Task000/Exp007": -0.766, "ExperienceForgetting/eval_phase/test_stream/Task000/Exp008": 0.846, "ExperienceBWT/eval_phase/test_stream/Task000/Exp008": -0.846}, "learning_acc": [0.757, 0.729, 0.763, 0.722, 0.804, 0.764, 0.783, 0.766, 0.846, 0.796], "acc_matrix": [[0.757, 0.0, 0.0, 0.0, 0.0, 0.0, 0.0, 0.0, 0.0, 0.0], [0.0, 0.729, 0.0, 0.0, 0.0, 0.0, 0.0, 0.0, 0.0, 0.0], [0.0, 0.0, 0.763, 0.0, 0.0, 0.0, 0.0, 0.0, 0.0, 0.0], [0.0, 0.0, 0.0, 0.722, 0.0, 0.0, 0.0, 0.0, 0.0, 0.0], [0.0, 0.0, 0.0, 0.0, 0.804, 0.0, 0.0, 0.0, 0.0, 0.0], [0.0, 0.0, 0.0, 0.0, 0.0, 0.764, 0.0, 0.0, 0.0, 0.0], [0.0, 0.0, 0.0, 0.0, 0.0, 0.0, 0.783, 0.0, 0.0, 0.0], [0.0, 0.0, 0.0, 0.0, 0.0, 0.0, 0.0, 0.766, 0.0, 0.0], [0.0, 0.0, 0.0, 0.0, 0.0, 0.0, 0.0, 0.0, 0.846, 0.0], [0.0, 0.0, 0.0, 0.0, 0.0, 0.0, 0.0, 0.0, 0.0, 0.796]], "avg_forgetting": 77.04444444444445, "bwt": -77.04444444444445, "selfcheck_ok": true, "h3": {"overlap_summary": {"matrices": {"0": [[1.0, 0.8509480106242702, 0.7595658328687847, 0.7814919895584618, 0.7510193261234414, 0.7806609398682723, 0.7614546625439346, 0.7682555601425897, 0.7640975380212381, 0.7415883327469627], [0.8509480106242702, 1.0, 0.8904326504301036, 0.8454697343346653, 0.8450156058413667, 0.8486206927547619, 0.8332324718903948, 0.8294013080869019, 0.8117331981600947, 0.7891726568470729], [0.7595658328687847, 0.8904326504301036, 1.0, 0.8801381050261097, 0.8958577478956642, 0.8855649212425354, 0.8714759916507899, 0.8587756413297842, 0.8553438754128078, 0.8180004876228018], [0.7814919895584618, 0.8454697343346653, 0.8801381050261097, 1.0, 0.8889090827781557, 0.891060472356845, 0.8786594863829665, 0.8783281229873333, 0.8746861094913086, 0.8608330316846207], [0.7510193261234414, 0.8450156058413667, 0.8958577478956642, 0.8889090827781557, 1.0, 0.9156342500815723, 0.8907458353434394, 0.9024021710246781, 0.8783492325988194, 0.8620808252918525], [0.7806609398682723, 0.8486206927547619, 0.8855649212425354, 0.891060472356845, 0.9156342500815723, 1.0, 0.9400165199873906, 0.9181665451575022, 0.8833554785549504, 0.8581399702182968], [0.7614546625439346, 0.8332324718903948, 0.8714759916507899, 0.8786594863829665, 0.8907458353434394, 0.9400165199873906, 1.0, 0.9295689779753782, 0.8899276200613584, 0.873509335755151], [0.7682555601425897, 0.8294013080869019, 0.8587756413297842, 0.8783281229873333, 0.9024021710246781, 0.9181665451575022, 0.9295689779753782, 1.0, 0.9283975955386923, 0.9083288135773987], [0.7640975380212381, 0.8117331981600947, 0.8553438754128078, 0.8746861094913086, 0.8783492325988194, 0.8833554785549504, 0.8899276200613584, 0.9283975955386923, 1.0, 0.9192776254315139], [0.7415883327469627, 0.7891726568470729, 0.8180004876228018, 0.8608330316846207, 0.8620808252918525, 0.8581399702182968, 0.873509335755151, 0.9083288135773987, 0.9192776254315139, 1.0]], "1": [[1.0, 0.2605453294624059, 0.2928104254475175, 0.2074422489877918, 0.24955215064380423, 0.2175519915834875, 0.21359445061992005, 0.22169156155970815, 0.2063673014575335, 0.21554966393852126], [0.2605453294624059, 1.0, 0.2997350992514402, 0.17824634638115003, 0.1710335352595412, 0.18459521430737655, 0.19213262897335187, 0.19220692381565352, 0.1633643569529792, 0.17882902898064273], [0.2928104254475175, 0.2997350992514402, 1.0, 0.27245092389787884, 0.24354643905579604, 0.24594894054218938, 0.23438321106002544, 0.2090237779753632, 0.19622541449222736, 0.21913804578882137], [0.2074422489877918, 0.17824634638115003, 0.27245092389787884, 1.0, 0.3280178464853569, 0.2945146578335661, 0.21557878333045943, 0.19516802722817286, 0.18628168634242354, 0.1806903199729717], [0.24955215064380423, 0.1710335352595412, 0.24354643905579604, 0.3280178464853569, 1.0, 0.4013650184640084, 0.2715043722858813, 0.25198365435761017, 0.2410330787195944, 0.17718264025104788], [0.2175519915834875, 0.18459521430737655, 0.24594894054218938, 0.2945146578335661, 0.4013650184640084, 1.0, 0.3686542372857336, 0.2789906163798117, 0.2096254963510413, 0.16740139117294212], [0.21359445061992005, 0.19213262897335187, 0.23438321106002544, 0.21557878333045943, 0.2715043722858813, 0.3686542372857336, 1.0, 0.3742398829587721, 0.23708007258701347, 0.21601986596461364], [0.22169156155970815, 0.19220692381565352, 0.2090237779753632, 0.19516802722817286, 0.25198365435761017, 0.2789906163798117, 0.3742398829587721, 1.0, 0.28681356835562005, 0.19990912782984013], [0.2063673014575335, 0.1633643569529792, 0.19622541449222736, 0.18628168634242354, 0.2410330787195944, 0.2096254963510413, 0.23708007258701347, 0.28681356835562005, 1.0, 0.3428371306961851], [0.21554966393852126, 0.17882902898064273, 0.21913804578882137, 0.1806903199729717, 0.17718264025104788, 0.16740139117294212, 0.21601986596461364, 0.19990912782984013, 0.3428371306961851, 1.0]], "2": [[1.0, 0.30678101525826545, 0.2895830373792747, 0.2878030837271624, 0.26824403451510703, 0.35285842507956433, 0.2887125820834503, 0.24799273796586688, 0.31692761332287966, 0.2854182564082395], [0.30678101525826545, 1.0, 0.32292877870439196, 0.26147611826057743, 0.2890899675705159, 0.2839370231512268, 0.25601561178932336, 0.3476684765814377, 0.30234708648807124, 0.2679934978422945], [0.2895830373792747, 0.32292877870439196, 1.0, 0.2827826790461269, 0.2920539359071166, 0.26555806337507465, 0.2735311344001428, 0.29502083303776944, 0.2914152659941899, 0.28753114479176106], [0.2878030837271624, 0.26147611826057743, 0.2827826790461269, 1.0, 0.28395143368665476, 0.35379601949749, 0.2864998575319952, 0.25413406261083177, 0.24493000852026547, 0.24429382060294125], [0.26824403451510703, 0.2890899675705159, 0.2920539359071166, 0.28395143368665476, 1.0, 0.35608367676800773, 0.3416789031119394, 0.39857728975321094, 0.3369168866344193, 0.2940388824702254], [0.35285842507956433, 0.2839370231512268, 0.26555806337507465, 0.35379601949749, 0.35608367676800773, 1.0, 0.3605041191916563, 0.3620184302524809, 0.25417766949820775, 0.268573146209283], [0.2887125820834503, 0.25601561178932336, 0.2735311344001428, 0.2864998575319952, 0.3416789031119394, 0.3605041191916563, 1.0, 0.35416522101101966, 0.30125193581456566, 0.29455986848045684], [0.24799273796586688, 0.3476684765814377, 0.29502083303776944, 0.25413406261083177, 0.39857728975321094, 0.3620184302524809, 0.35416522101101966, 1.0, 0.32274255397393176, 0.3015054700354795], [0.31692761332287966, 0.30234708648807124, 0.2914152659941899, 0.24493000852026547, 0.3369168866344193, 0.25417766949820775, 0.30125193581456566, 0.32274255397393176, 1.0, 0.3563768506305296], [0.2854182564082395, 0.2679934978422945, 0.28753114479176106, 0.24429382060294125, 0.2940388824702254, 0.268573146209283, 0.29455986848045684, 0.3015054700354795, 0.3563768506305296, 1.0]]}, "per_layer_inter": {"0": 0.855282097406734, "1": 0.23757458856195102, "2": 0.3007654779770094}, "O_inter": 0.4645407213152315, "O_intra": 1.0, "Obar": 0.4645407213152315, "inner": -0.5354592786847685}, "phase_stability": {"0": {"layer": 0, "S_matrix": [[1.0, 0.3168524179665463, 0.23025593468049926, 0.21282537207379354, 0.18839908861791216, 0.17571104469925675, 0.16846038381297743, 0.15724447635414437, 0.1467228791995506, 0.13744708253433105], [0.3168524179665463, 1.0, 0.33633954896324636, 0.2767577795905288, 0.22794803849323736, 0.2115617318233932, 0.19792909548456974, 0.18164832371244213, 0.17022401879820476, 0.17168704943782956], [0.23025593468049926, 0.33633954896324636, 1.0, 0.37332948542836136, 0.2698656847708134, 0.24935664148954179, 0.23085556051659978, 0.21198895997471695, 0.19799543468702546, 0.2045422602771354], [0.21282537207379354, 0.2767577795905288, 0.37332948542836136, 1.0, 0.32958337318103637, 0.27288168608480434, 0.26265460784730865, 0.22238482965025275, 0.20963339878553733, 0.21985961637625023], [0.18839908861791216, 0.22794803849323736, 0.2698656847708134, 0.32958337318103637, 1.0, 0.37986999776992425, 0.2849653920457552, 0.246040896887868, 0.22360414794430233, 0.2276377078299332], [0.17571104469925675, 0.2115617318233932, 0.24935664148954179, 0.27288168608480434, 0.37986999776992425, 1.0, 0.3191930527808488, 0.29536778327229524, 0.25105892447806333, 0.2448586007579182], [0.16846038381297743, 0.19792909548456974, 0.23085556051659978, 0.26265460784730865, 0.2849653920457552, 0.3191930527808488, 1.0, 0.3387493681157569, 0.2774313314617548, 0.2562450386681301], [0.15724447635414437, 0.18164832371244213, 0.21198895997471695, 0.22238482965025275, 0.246040896887868, 0.29536778327229524, 0.3387493681157569, 1.0, 0.36461084520183634, 0.27791506812825706], [0.1467228791995506, 0.17022401879820476, 0.19799543468702546, 0.20963339878553733, 0.22360414794430233, 0.25105892447806333, 0.2774313314617548, 0.36461084520183634, 1.0, 0.35493694376313806], [0.13744708253433105, 0.17168704943782956, 0.2045422602771354, 0.21985961637625023, 0.2276377078299332, 0.2448586007579182, 0.2562450386681301, 0.27791506812825706, 0.35493694376313806, 1.0]], "mean_cross_task_stability": 0.24678735343150282, "score": "ami"}, "1": {"layer": 1, "S_matrix": [[1.0, 0.09634260851739007, 0.03469491484146376, 0.031094135118488155, 0.019853417399930833, 0.01891487429419443, 0.011689458614351141, 0.010790512676266717, 0.0058782919629613364, 0.005729779348853003], [0.09634260851739007, 1.0, 0.1325993455583788, 0.08039308361065385, 0.05981171145301389, 0.0498721490336009, 0.03239516088993789, 0.0281146043019288, 0.01842618976862312, 0.01602858424576627], [0.03469491484146376, 0.1325993455583788, 1.0, 0.1437203451471837, 0.09765248562651008, 0.0820335214168274, 0.04973308314682635, 0.041023442254065526, 0.029413635622370603, 0.02598944877432709], [0.031094135118488155, 0.08039308361065385, 0.1437203451471837, 1.0, 0.1808925989563453, 0.11949269514160576, 0.07673690266054964, 0.05800606534651775, 0.03568634258298317, 0.03333887371662529], [0.019853417399930833, 0.05981171145301389, 0.09765248562651008, 0.1808925989563453, 1.0, 0.1855459528828404, 0.10873781102398597, 0.08135035731210329, 0.052128735566124254, 0.0438360853026776], [0.01891487429419443, 0.0498721490336009, 0.0820335214168274, 0.11949269514160576, 0.1855459528828404, 1.0, 0.15590638964890757, 0.10854291717491227, 0.06794258650544158, 0.05501323942456713], [0.011689458614351141, 0.03239516088993789, 0.04973308314682635, 0.07673690266054964, 0.10873781102398597, 0.15590638964890757, 1.0, 0.20750950287502176, 0.11391887896500065, 0.08695518578412893], [0.010790512676266717, 0.0281146043019288, 0.041023442254065526, 0.05800606534651775, 0.08135035731210329, 0.10854291717491227, 0.20750950287502176, 1.0, 0.1643962345487269, 0.11742034172766701], [0.0058782919629613364, 0.01842618976862312, 0.029413635622370603, 0.03568634258298317, 0.052128735566124254, 0.06794258650544158, 0.11391887896500065, 0.1643962345487269, 1.0, 0.16549216070659745], [0.005729779348853003, 0.01602858424576627, 0.02598944877432709, 0.03333887371662529, 0.0438360853026776, 0.05501323942456713, 0.08695518578412893, 0.11742034172766701, 0.16549216070659745, 1.0]], "mean_cross_task_stability": 0.07424543647727208, "score": "ami"}, "2": {"layer": 2, "S_matrix": [[1.0, 0.01136861216035231, 0.006915885222689628, 0.004152116289088199, 0.002010095916586291, 0.00263967904726559, 0.0011642374076320072, 0.00244333260219118, 0.003925862930972299, 0.003435482352174543], [0.01136861216035231, 1.0, 0.031870867024060924, 0.007993335977203598, 0.0033733619283764123, 0.0020497498702208576, 0.002053563098049029, 0.0013856886656493119, 0.002316058998157335, 0.00292064523294706], [0.006915885222689628, 0.031870867024060924, 1.0, 0.049503858753876494, 0.010764182831716486, 0.009417291104806935, 0.003122181461570037, 0.003451406724193182, 0.00185380943837898, 0.0016444284208576747], [0.004152116289088199, 0.007993335977203598, 0.049503858753876494, 1.0, 0.04050356527877529, 0.023890343030039285, 0.008394826276077315, 0.003804485799120245, 0.002027904702822401, 0.0008906816690494066], [0.002010095916586291, 0.0033733619283764123, 0.010764182831716486, 0.04050356527877529, 1.0, 0.07145324725005894, 0.01951804618759382, 0.013957863846140325, 0.00750814857113118, 0.0012834039539755214], [0.00263967904726559, 0.0020497498702208576, 0.009417291104806935, 0.023890343030039285, 0.07145324725005894, 1.0, 0.041597640657681845, 0.019220991903000088, 0.00807065028936662, 0.0018148982978754167], [0.0011642374076320072, 0.002053563098049029, 0.003122181461570037, 0.008394826276077315, 0.01951804618759382, 0.041597640657681845, 1.0, 0.07293571491301637, 0.023361120063462266, 0.005367206199627261], [0.00244333260219118, 0.0013856886656493119, 0.003451406724193182, 0.003804485799120245, 0.013957863846140325, 0.019220991903000088, 0.07293571491301637, 1.0, 0.0609315073629332, 0.009932962770926375], [0.003925862930972299, 0.002316058998157335, 0.00185380943837898, 0.002027904702822401, 0.00750814857113118, 0.00807065028936662, 0.023361120063462266, 0.0609315073629332, 1.0, 0.04036812725640601], [0.003435482352174543, 0.00292064523294706, 0.0016444284208576747, 0.0008906816690494066, 0.0012834039539755214, 0.0018148982978754167, 0.005367206199627261, 0.009932962770926375, 0.04036812725640601, 1.0]], "mean_cross_task_stability": 0.014413534883068789, "score": "ami"}}}}