{"rung": "R6", "scenario": "class", "nexp": 10, "epochs": 50, "seed": 8, "metrics": {"Top1_Acc_Exp/eval_phase/test_stream/Task000/Exp000": 0.0, "Top1_Acc_Exp/eval_phase/test_stream/Task000/Exp001": 0.0, "Top1_Acc_Exp/eval_phase/test_stream/Task000/Exp002": 0.0, "Top1_Acc_Exp/eval_phase/test_stream/Task000/Exp003": 0.0, "Top1_Acc_Exp/eval_phase/test_stream/Task000/Exp004": 0.0, "Top1_Acc_Exp/eval_phase/test_stream/Task000/Exp005": 0.0, "Top1_Acc_Exp/eval_phase/test_stream/Task000/Exp006": 0.0, "Top1_Acc_Exp/eval_phase/test_stream/Task000/Exp007": 0.0, "Top1_Acc_Exp/eval_phase/test_stream/Task000/Exp008": 0.0, "Top1_Acc_Exp/eval_phase/test_stream/Task000/Exp009": 0.814, "Top1_Acc_Stream/eval_phase/test_stream/Task000": 0.0814, "StreamForgetting/eval_phase/test_stream": 0.8045555555555555, "StreamBWT/eval_phase/test_stream": -0.8045555555555555, "ExperienceForgetting/eval_phase/test_stream/Task000/Exp000": 0.734, "ExperienceBWT/eval_phase/test_stream/Task000/Exp000": -0.734, "ExperienceForgetting/eval_phase/test_stream/Task000/Exp001": 0.735, "ExperienceBWT/eval_phase/test_stream/Task000/Exp001": -0.735, "ExperienceForgetting/eval_phase/test_stream/Task000/Exp002": 0.811, "ExperienceBWT/eval_phase/test_stream/Task000/Exp002": -0.811, "ExperienceForgetting/eval_phase/test_stream/Task000/Exp003": 0.85, "ExperienceBWT/eval_phase/test_stream/Task000/Exp003": -0.85, "ExperienceForgetting/eval_phase/test_stream/Task000/Exp004": 0.803, "ExperienceBWT/eval_phase/test_stream/Task000/Exp004": -0.803, "ExperienceForgetting/eval_phase/test_stream/Task000/Exp005": 0.84, "ExperienceBWT/eval_phase/test_stream/Task000/Exp005": -0.84, "ExperienceForgetting/eval_phase/test_stream/Task000/Exp006": 0.764, "ExperienceBWT/eval_phase/test_stream/Task000/Exp006": -0.764, "ExperienceForgetting/eval_phase/test_stream/Task000/Exp007": 0.862, "ExperienceBWT/eval_phase/test_stream/Task000/Exp007": -0.862, "ExperienceForgetting/eval_phase/test_stream/Task000/Exp008": 0.842, "ExperienceBWT/eval_phase/test_stream/Task000/Exp008": -0.842}, "learning_acc": [0.734, 0.735, 0.811, 0.85, 0.803, 0.84, 0.764, 0.862, 0.842, 0.814], "acc_matrix": [[0.734, 0.0, 0.0, 0.0, 0.0, 0.0, 0.0, 0.0, 0.0, 0.0], [0.0, 0.735, 0.0, 0.0, 0.0, 0.0, 0.0, 0.0, 0.0, 0.0], [0.0, 0.0, 0.811, 0.0, 0.0, 0.0, 0.0, 0.0, 0.0, 0.0], [0.0, 0.0, 0.0, 0.85, 0.0, 0.0, 0.0, 0.0, 0.0, 0.0], [0.0, 0.0, 0.0, 0.0, 0.803, 0.0, 0.0, 0.0, 0.0, 0.0], [0.0, 0.0, 0.0, 0.0, 0.0, 0.84, 0.0, 0.0, 0.0, 0.0], [0.0, 0.0, 0.0, 0.0, 0.0, 0.0, 0.764, 0.0, 0.0, 0.0], [0.0, 0.0, 0.0, 0.0, 0.0, 0.0, 0.0, 0.862, 0.0, 0.0], [0.0, 0.0, 0.0, 0.0, 0.0, 0.0, 0.0, 0.0, 0.842, 0.0], [0.0, 0.0, 0.0, 0.0, 0.0, 0.0, 0.0, 0.0, 0.0, 0.814]], "avg_forgetting": 80.45555555555555, "bwt": -80.45555555555555, "selfcheck_ok": true, "h3": {"overlap_summary": {"matrices": {"0": [[1.0, 0.8276933974463456, 0.7401502579623263, 0.7140218085204092, 0.7040415480785557, 0.6651770276462607, 0.6641080901336454, 0.6101567858593886, 0.6283598606509136, 0.6532434673108964], [0.8276933974463456, 1.0, 0.913438590341211, 0.8800069579208993, 0.8728254356894007, 0.8425421554137587, 0.8400574007638117, 0.7780287132976478, 0.8092943705542242, 0.7938225099888956], [0.7401502579623263, 0.913438590341211, 1.0, 0.9278896725793208, 0.915614644698323, 0.869695210315365, 0.8734490513001328, 0.8402307109822594, 0.8608050373568265, 0.8459242236767117], [0.7140218085204092, 0.8800069579208993, 0.9278896725793208, 1.0, 0.9421223242535268, 0.9048777187877309, 0.8976454218407308, 0.8838626761090563, 0.8901705908953504, 0.873334880764406], [0.7040415480785557, 0.8728254356894007, 0.915614644698323, 0.9421223242535268, 1.0, 0.9218122971630464, 0.9056640098757893, 0.8919029182486552, 0.9010501573819529, 0.8934397921308216], [0.6651770276462607, 0.8425421554137587, 0.869695210315365, 0.9048777187877309, 0.9218122971630464, 1.0, 0.9358039611387262, 0.8946022959597516, 0.9027599584922068, 0.8677496668410437], [0.6641080901336454, 0.8400574007638117, 0.8734490513001328, 0.8976454218407308, 0.9056640098757893, 0.9358039611387262, 1.0, 0.9279023121971162, 0.9300579110387678, 0.8918375612590262], [0.6101567858593886, 0.7780287132976478, 0.8402307109822594, 0.8838626761090563, 0.8919029182486552, 0.8946022959597516, 0.9279023121971162, 1.0, 0.9444385370492611, 0.9258694500821271], [0.6283598606509136, 0.8092943705542242, 0.8608050373568265, 0.8901705908953504, 0.9010501573819529, 0.9027599584922068, 0.9300579110387678, 0.9444385370492611, 1.0, 0.9352937571908659], [0.6532434673108964, 0.7938225099888956, 0.8459242236767117, 0.873334880764406, 0.8934397921308216, 0.8677496668410437, 0.8918375612590262, 0.9258694500821271, 0.9352937571908659, 1.0]], "1": [[1.0, 0.27135136686855416, 0.21546802483164326, 0.19273942928491122, 0.2187105837186593, 0.16545608814529109, 0.16379322533580845, 0.170492643285436, 0.15100985984338983, 0.18263774722529266], [0.27135136686855416, 1.0, 0.34706595707606197, 0.22304711327545892, 0.22567682032938863, 0.2186776269463666, 0.22253185186171862, 0.18432574298567778, 0.18081793739610913, 0.1972175072794818], [0.21546802483164326, 0.34706595707606197, 1.0, 0.29773823897278157, 0.23176429527513145, 0.24604240168610245, 0.2526631583133615, 0.20427341929347678, 0.19593944312225012, 0.19059674939279247], [0.19273942928491122, 0.22304711327545892, 0.29773823897278157, 1.0, 0.3427703696509496, 0.2288741592398778, 0.25591367290884237, 0.1982259814266846, 0.18849782498483614, 0.19248667049672713], [0.2187105837186593, 0.22567682032938863, 0.23176429527513145, 0.3427703696509496, 1.0, 0.3231670179032202, 0.2650902551783206, 0.19700695661422124, 0.17887938118205596, 0.21475500871929368], [0.16545608814529109, 0.2186776269463666, 0.24604240168610245, 0.2288741592398778, 0.3231670179032202, 1.0, 0.3677470789818704, 0.1908419632622538, 0.18394004810577608, 0.1919224745441833], [0.16379322533580845, 0.22253185186171862, 0.2526631583133615, 0.25591367290884237, 0.2650902551783206, 0.3677470789818704, 1.0, 0.3102201775107819, 0.22871034979576946, 0.21959832117164507], [0.170492643285436, 0.18432574298567778, 0.20427341929347678, 0.1982259814266846, 0.19700695661422124, 0.1908419632622538, 0.3102201775107819, 1.0, 0.35973857355213407, 0.27688317033124943], [0.15100985984338983, 0.18081793739610913, 0.19593944312225012, 0.18849782498483614, 0.17887938118205596, 0.18394004810577608, 0.22871034979576946, 0.35973857355213407, 1.0, 0.3212815770051743], [0.18263774722529266, 0.1972175072794818, 0.19059674939279247, 0.19248667049672713, 0.21475500871929368, 0.1919224745441833, 0.21959832117164507, 0.27688317033124943, 0.3212815770051743, 1.0]], "2": [[1.0, 0.286306848379304, 0.23543124713859778, 0.2176845442538377, 0.2262204948681299, 0.22093769817996978, 0.1906063244896145, 0.21052720764370436, 0.2232425320931293, 0.23024332740846773], [0.286306848379304, 1.0, 0.30390727365319836, 0.23379764972949862, 0.2714387597390867, 0.24166664649916614, 0.16908590161871997, 0.30768256797858523, 0.19636049143252549, 0.16796659997659477], [0.23543124713859778, 0.30390727365319836, 1.0, 0.37926470922285993, 0.298694451502899, 0.33718759091712847, 0.2951905942983976, 0.34095704800315746, 0.31218254563304, 0.28009635331341853], [0.2176845442538377, 0.23379764972949862, 0.37926470922285993, 1.0, 0.2894673956681326, 0.36747560886484004, 0.3448720530614557, 0.3306756039387973, 0.3312184560887383, 0.3460913695775437], [0.2262204948681299, 0.2714387597390867, 0.298694451502899, 0.2894673956681326, 1.0, 0.2654647432011689, 0.2594119645221184, 0.27306036282736074, 0.3021067688708416, 0.2820190450223949], [0.22093769817996978, 0.24166664649916614, 0.33718759091712847, 0.36747560886484004, 0.2654647432011689, 1.0, 0.35808823165904424, 0.3645636166224932, 0.40998376174045065, 0.34275479835736633], [0.1906063244896145, 0.16908590161871997, 0.2951905942983976, 0.3448720530614557, 0.2594119645221184, 0.35808823165904424, 1.0, 0.352172332463304, 0.36395000240191916, 0.27693522431226697], [0.21052720764370436, 0.30768256797858523, 0.34095704800315746, 0.3306756039387973, 0.27306036282736074, 0.3645636166224932, 0.352172332463304, 1.0, 0.3977093564527779, 0.2836520518175999], [0.2232425320931293, 0.19636049143252549, 0.31218254563304, 0.3312184560887383, 0.3021067688708416, 0.40998376174045065, 0.36395000240191916, 0.3977093564527779, 1.0, 0.3722842667178943], [0.23024332740846773, 0.16796659997659477, 0.28009635331341853, 0.3460913695775437, 0.2820190450223949, 0.34275479835736633, 0.27693522431226697, 0.2836520518175999, 0.3722842667178943, 1.0]]}, "per_layer_inter": {"0": 0.8473950028263885, "1": 0.23081307254024472, "2": 0.29090303160358977}, "O_inter": 0.4563703689900744, "O_intra": 1.0, "Obar": 0.4563703689900744, "inner": -0.5436296310099256}, "phase_stability": {"0": {"layer": 0, "S_matrix": [[1.0, 0.3114899468780069, 0.24151178964636735, 0.21889957492658244, 0.19614000852081487, 0.1873012291468514, 0.17602643999299253, 0.16208425071695856, 0.15544101986148406, 0.14396373961285824], [0.3114899468780069, 1.0, 0.38045335409205766, 0.29306516754640916, 0.26398109572829853, 0.24824266486822388, 0.20708368977070699, 0.19003474535738643, 0.1874923996128329, 0.17745668117114188], [0.24151178964636735, 0.38045335409205766, 1.0, 0.3555407982664741, 0.3423913763502469, 0.25921268818360327, 0.24085117522598037, 0.21410402043300822, 0.2163761211133348, 0.20662149951932707], [0.21889957492658244, 0.29306516754640916, 0.3555407982664741, 1.0, 0.3471705599244733, 0.281882972510805, 0.2540778498655978, 0.22948932777715414, 0.22022915679783106, 0.2037553250498747], [0.19614000852081487, 0.26398109572829853, 0.3423913763502469, 0.3471705599244733, 1.0, 0.31780378015908206, 0.297241878950154, 0.26280675767759065, 0.25529644978032445, 0.22685962525325376], [0.1873012291468514, 0.24824266486822388, 0.25921268818360327, 0.281882972510805, 0.31780378015908206, 1.0, 0.374975173325009, 0.29960428187334154, 0.2820311478430992, 0.23235824451773493], [0.17602643999299253, 0.20708368977070699, 0.24085117522598037, 0.2540778498655978, 0.297241878950154, 0.374975173325009, 1.0, 0.3872359655225198, 0.3437057049845459, 0.2514397152649694], [0.16208425071695856, 0.19003474535738643, 0.21410402043300822, 0.22948932777715414, 0.26280675767759065, 0.29960428187334154, 0.3872359655225198, 1.0, 0.4069195616748183, 0.2980697817940582], [0.15544101986148406, 0.1874923996128329, 0.2163761211133348, 0.22022915679783106, 0.25529644978032445, 0.2820311478430992, 0.3437057049845459, 0.4069195616748183, 1.0, 0.3714299864785615], [0.14396373961285824, 0.17745668117114188, 0.20662149951932707, 0.2037553250498747, 0.22685962525325376, 0.23235824451773493, 0.2514397152649694, 0.2980697817940582, 0.3714299864785615, 1.0]], "mean_cross_task_stability": 0.2604477494125944, "score": "ami"}, "1": {"layer": 1, "S_matrix": [[1.0, 0.10766983531322674, 0.06372719542825213, 0.04529054108524124, 0.03574621182190328, 0.025009371400892197, 0.019891005707127454, 0.012742644993876022, 0.012600722128082914, 0.010103491946860424], [0.10766983531322674, 1.0, 0.17331391643762747, 0.10566696940073046, 0.0782532299111962, 0.0542795450618984, 0.042266411299179525, 0.02935988520232452, 0.026471688996978653, 0.020874014448619374], [0.06372719542825213, 0.17331391643762747, 1.0, 0.18064816049330498, 0.11881736375990369, 0.0769016472097532, 0.056427617241126195, 0.03887669868280356, 0.0346648681378175, 0.028049435118288776], [0.04529054108524124, 0.10566696940073046, 0.18064816049330498, 1.0, 0.17594778224614047, 0.10621986890593797, 0.0883474115448926, 0.059827955582924315, 0.04732994064010011, 0.03951128784826949], [0.03574621182190328, 0.0782532299111962, 0.11881736375990369, 0.17594778224614047, 1.0, 0.1738632748755317, 0.12078576706150702, 0.07649600365184249, 0.060610431714842386, 0.04761652673763654], [0.025009371400892197, 0.0542795450618984, 0.0769016472097532, 0.10621986890593797, 0.1738632748755317, 1.0, 0.1665328169044526, 0.11203699759356707, 0.08117984160854701, 0.0611761705986917], [0.019891005707127454, 0.042266411299179525, 0.056427617241126195, 0.0883474115448926, 0.12078576706150702, 0.1665328169044526, 1.0, 0.16967016232404425, 0.11126160873312435, 0.07537527292215021], [0.012742644993876022, 0.02935988520232452, 0.03887669868280356, 0.059827955582924315, 0.07649600365184249, 0.11203699759356707, 0.16967016232404425, 1.0, 0.1753553168111025, 0.11264617874048216], [0.012600722128082914, 0.026471688996978653, 0.0346648681378175, 0.04732994064010011, 0.060610431714842386, 0.08117984160854701, 0.11126160873312435, 0.1753553168111025, 1.0, 0.1634409967864907], [0.010103491946860424, 0.020874014448619374, 0.028049435118288776, 0.03951128784826949, 0.04761652673763654, 0.0611761705986917, 0.07537527292215021, 0.11264617874048216, 0.1634409967864907, 1.0]], "mean_cross_task_stability": 0.08050853522353983, "score": "ami"}, "2": {"layer": 2, "S_matrix": [[1.0, 0.03982505613290894, 0.007859068950897607, 0.004863352425059653, 0.003946646550685582, 0.0037551054922687205, 0.0013200643023234327, 0.00451508124131618, 0.0031488200372516055, 0.0032737399049820935], [0.03982505613290894, 1.0, 0.028486352093266734, 0.008040144519751855, 0.005673309710823718, 0.002751086868937517, 0.0027087486043106657, 0.0046224307329127395, 0.005123334251277764, 0.00387514972737812], [0.007859068950897607, 0.028486352093266734, 1.0, 0.05060339246399793, 0.01716117094570796, 0.007620313222803328, 0.005203386929058735, 0.0034229778529187025, 0.005848002182332012, 0.0054502297995965175], [0.004863352425059653, 0.008040144519751855, 0.05060339246399793, 1.0, 0.05679440201118531, 0.017077145786146303, 0.008183072582969301, 0.0037920847943419553, 0.002675450227843968, 0.00394888651996865], [0.003946646550685582, 0.005673309710823718, 0.01716117094570796, 0.05679440201118531, 1.0, 0.05476970973127512, 0.020751614366830897, 0.0033389851877318436, 0.002570622429338561, 0.003569629449191598], [0.0037551054922687205, 0.002751086868937517, 0.007620313222803328, 0.017077145786146303, 0.05476970973127512, 1.0, 0.05402217032343322, 0.010869826188195429, 0.007697493648738151, 0.00807994882263879], [0.0013200643023234327, 0.0027087486043106657, 0.005203386929058735, 0.008183072582969301, 0.020751614366830897, 0.05402217032343322, 1.0, 0.040935884195698095, 0.01451999971632173, 0.011718767522331504], [0.00451508124131618, 0.0046224307329127395, 0.0034229778529187025, 0.0037920847943419553, 0.0033389851877318436, 0.010869826188195429, 0.040935884195698095, 1.0, 0.04715052003306033, 0.024347987406370435], [0.0031488200372516055, 0.005123334251277764, 0.005848002182332012, 0.002675450227843968, 0.002570622429338561, 0.007697493648738151, 0.01451999971632173, 0.04715052003306033, 1.0, 0.0728400649380679], [0.0032737399049820935, 0.00387514972737812, 0.0054502297995965175, 0.00394888651996865, 0.003569629449191598, 0.00807994882263879, 0.011718767522331504, 0.024347987406370435, 0.0728400649380679, 1.0]], "mean_cross_task_stability": 0.015527805129432162, "score": "ami"}}}}