{"rung": "R6", "scenario": "class", "nexp": 20, "epochs": 50, "seed": 4, "metrics": {"Top1_Acc_Exp/eval_phase/test_stream/Task000/Exp000": 0.0, "Top1_Acc_Exp/eval_phase/test_stream/Task000/Exp001": 0.0, "Top1_Acc_Exp/eval_phase/test_stream/Task000/Exp002": 0.0, "Top1_Acc_Exp/eval_phase/test_stream/Task000/Exp003": 0.0, "Top1_Acc_Exp/eval_phase/test_stream/Task000/Exp004": 0.0, "Top1_Acc_Exp/eval_phase/test_stream/Task000/Exp005": 0.0, "Top1_Acc_Exp/eval_phase/test_stream/Task000/Exp006": 0.0, "Top1_Acc_Exp/eval_phase/test_stream/Task000/Exp007": 0.0, "Top1_Acc_Exp/eval_phase/test_stream/Task000/Exp008": 0.0, "Top1_Acc_Exp/eval_phase/test_stream/Task000/Exp009": 0.0, "Top1_Acc_Exp/eval_phase/test_stream/Task000/Exp010": 0.0, "Top1_Acc_Exp/eval_phase/test_stream/Task000/Exp011": 0.0, "Top1_Acc_Exp/eval_phase/test_stream/Task000/Exp012": 0.0, "Top1_Acc_Exp/eval_phase/test_stream/Task000/Exp013": 0.0, "Top1_Acc_Exp/eval_phase/test_stream/Task000/Exp014": 0.0, "Top1_Acc_Exp/eval_phase/test_stream/Task000/Exp015": 0.0, "Top1_Acc_Exp/eval_phase/test_stream/Task000/Exp016": 0.0, "Top1_Acc_Exp/eval_phase/test_stream/Task000/Exp017": 0.0, "Top1_Acc_Exp/eval_phase/test_stream/Task000/Exp018": 0.0, "Top1_Acc_Exp/eval_phase/test_stream/Task000/Exp019": 0.884, "Top1_Acc_Stream/eval_phase/test_stream/Task000": 0.0442, "StreamForgetting/eval_phase/test_stream": 0.8418947368421054, "StreamBWT/eval_phase/test_stream": -0.8418947368421054, "ExperienceForgetting/eval_phase/test_stream/Task000/Exp000": 0.82, "ExperienceBWT/eval_phase/test_stream/Task000/Exp000": -0.82, "ExperienceForgetting/eval_phase/test_stream/Task000/Exp001": 0.86, "ExperienceBWT/eval_phase/test_stream/Task000/Exp001": -0.86, "ExperienceForgetting/eval_phase/test_stream/Task000/Exp002": 0.892, "ExperienceBWT/eval_phase/test_stream/Task000/Exp002": -0.892, "ExperienceForgetting/eval_phase/test_stream/Task000/Exp003": 0.87, "ExperienceBWT/eval_phase/test_stream/Task000/Exp003": -0.87, "ExperienceForgetting/eval_phase/test_stream/Task000/Exp004": 0.81, "ExperienceBWT/eval_phase/test_stream/Task000/Exp004": -0.81, "ExperienceForgetting/eval_phase/test_stream/Task000/Exp005": 0.844, "ExperienceBWT/eval_phase/test_stream/Task000/Exp005": -0.844, "ExperienceForgetting/eval_phase/test_stream/Task000/Exp006": 0.788, "ExperienceBWT/eval_phase/test_stream/Task000/Exp006": -0.788, "ExperienceForgetting/eval_phase/test_stream/Task000/Exp007": 0.87, "ExperienceBWT/eval_phase/test_stream/Task000/Exp007": -0.87, "ExperienceForgetting/eval_phase/test_stream/Task000/Exp008": 0.916, "ExperienceBWT/eval_phase/test_stream/Task000/Exp008": -0.916, "ExperienceForgetting/eval_phase/test_stream/Task000/Exp009": 0.866, "ExperienceBWT/eval_phase/test_stream/Task000/Exp009": -0.866, "ExperienceForgetting/eval_phase/test_stream/Task000/Exp010": 0.852, "ExperienceBWT/eval_phase/test_stream/Task000/Exp010": -0.852, "ExperienceForgetting/eval_phase/test_stream/Task000/Exp011": 0.87, "ExperienceBWT/eval_phase/test_stream/Task000/Exp011": -0.87, "ExperienceForgetting/eval_phase/test_stream/Task000/Exp012": 0.732, "ExperienceBWT/eval_phase/test_stream/Task000/Exp012": -0.732, "ExperienceForgetting/eval_phase/test_stream/Task000/Exp013": 0.814, "ExperienceBWT/eval_phase/test_stream/Task000/Exp013": -0.814, "ExperienceForgetting/eval_phase/test_stream/Task000/Exp014": 0.832, "ExperienceBWT/eval_phase/test_stream/Task000/Exp014": -0.832, "ExperienceForgetting/eval_phase/test_stream/Task000/Exp015": 0.8, "ExperienceBWT/eval_phase/test_stream/Task000/Exp015": -0.8, "ExperienceForgetting/eval_phase/test_stream/Task000/Exp016": 0.786, "ExperienceBWT/eval_phase/test_stream/Task000/Exp016": -0.786, "ExperienceForgetting/eval_phase/test_stream/Task000/Exp017": 0.896, "ExperienceBWT/eval_phase/test_stream/Task000/Exp017": -0.896, "ExperienceForgetting/eval_phase/test_stream/Task000/Exp018": 0.878, "ExperienceBWT/eval_phase/test_stream/Task000/Exp018": -0.878}, "learning_acc": [0.82, 0.86, 0.892, 0.87, 0.81, 0.844, 0.788, 0.87, 0.916, 0.866, 0.852, 0.87, 0.732, 0.814, 0.832, 0.8, 0.786, 0.896, 0.878, 0.884], "acc_matrix": [[0.82, 0.0, 0.0, 0.0, 0.0, 0.0, 0.0, 0.0, 0.0, 0.0, 0.0, 0.0, 0.0, 0.0, 0.0, 0.0, 0.0, 0.0, 0.0, 0.0], [0.0, 0.86, 0.0, 0.0, 0.0, 0.0, 0.0, 0.0, 0.0, 0.0, 0.0, 0.0, 0.0, 0.0, 0.0, 0.0, 0.0, 0.0, 0.0, 0.0], [0.0, 0.0, 0.892, 0.0, 0.0, 0.0, 0.0, 0.0, 0.0, 0.0, 0.0, 0.0, 0.0, 0.0, 0.0, 0.0, 0.0, 0.0, 0.0, 0.0], [0.0, 0.0, 0.0, 0.87, 0.0, 0.0, 0.0, 0.0, 0.0, 0.0, 0.0, 0.0, 0.0, 0.0, 0.0, 0.0, 0.0, 0.0, 0.0, 0.0], [0.0, 0.0, 0.0, 0.0, 0.81, 0.0, 0.0, 0.0, 0.0, 0.0, 0.0, 0.0, 0.0, 0.0, 0.0, 0.0, 0.0, 0.0, 0.0, 0.0], [0.0, 0.0, 0.0, 0.0, 0.0, 0.844, 0.0, 0.0, 0.0, 0.0, 0.0, 0.0, 0.0, 0.0, 0.0, 0.0, 0.0, 0.0, 0.0, 0.0], [0.0, 0.0, 0.0, 0.0, 0.0, 0.0, 0.788, 0.0, 0.0, 0.0, 0.0, 0.0, 0.0, 0.0, 0.0, 0.0, 0.0, 0.0, 0.0, 0.0], [0.0, 0.0, 0.0, 0.0, 0.0, 0.0, 0.0, 0.87, 0.0, 0.0, 0.0, 0.0, 0.0, 0.0, 0.0, 0.0, 0.0, 0.0, 0.0, 0.0], [0.0, 0.0, 0.0, 0.0, 0.0, 0.0, 0.0, 0.0, 0.916, 0.0, 0.0, 0.0, 0.0, 0.0, 0.0, 0.0, 0.0, 0.0, 0.0, 0.0], [0.0, 0.0, 0.0, 0.0, 0.0, 0.0, 0.0, 0.0, 0.0, 0.866, 0.0, 0.0, 0.0, 0.0, 0.0, 0.0, 0.0, 0.0, 0.0, 0.0], [0.0, 0.0, 0.0, 0.0, 0.0, 0.0, 0.0, 0.0, 0.0, 0.0, 0.852, 0.0, 0.0, 0.0, 0.0, 0.0, 0.0, 0.0, 0.0, 0.0], [0.0, 0.0, 0.0, 0.0, 0.0, 0.0, 0.0, 0.0, 0.0, 0.0, 0.0, 0.87, 0.0, 0.0, 0.0, 0.0, 0.0, 0.0, 0.0, 0.0], [0.0, 0.0, 0.0, 0.0, 0.0, 0.0, 0.0, 0.0, 0.0, 0.0, 0.0, 0.0, 0.732, 0.0, 0.0, 0.0, 0.0, 0.0, 0.0, 0.0], [0.0, 0.0, 0.0, 0.0, 0.0, 0.0, 0.0, 0.0, 0.0, 0.0, 0.0, 0.0, 0.0, 0.814, 0.0, 0.0, 0.0, 0.0, 0.0, 0.0], [0.0, 0.0, 0.0, 0.0, 0.0, 0.0, 0.0, 0.0, 0.0, 0.0, 0.0, 0.0, 0.0, 0.0, 0.832, 0.0, 0.0, 0.0, 0.0, 0.0], [0.0, 0.0, 0.0, 0.0, 0.0, 0.0, 0.0, 0.0, 0.0, 0.0, 0.0, 0.0, 0.0, 0.0, 0.0, 0.8, 0.0, 0.0, 0.0, 0.0], [0.0, 0.0, 0.0, 0.0, 0.0, 0.0, 0.0, 0.0, 0.0, 0.0, 0.0, 0.0, 0.0, 0.0, 0.0, 0.0, 0.786, 0.0, 0.0, 0.0], [0.0, 0.0, 0.0, 0.0, 0.0, 0.0, 0.0, 0.0, 0.0, 0.0, 0.0, 0.0, 0.0, 0.0, 0.0, 0.0, 0.0, 0.896, 0.0, 0.0], [0.0, 0.0, 0.0, 0.0, 0.0, 0.0, 0.0, 0.0, 0.0, 0.0, 0.0, 0.0, 0.0, 0.0, 0.0, 0.0, 0.0, 0.0, 0.878, 0.0], [0.0, 0.0, 0.0, 0.0, 0.0, 0.0, 0.0, 0.0, 0.0, 0.0, 0.0, 0.0, 0.0, 0.0, 0.0, 0.0, 0.0, 0.0, 0.0, 0.884]], "avg_forgetting": 84.18947368421053, "bwt": -84.18947368421053, "selfcheck_ok": true, "h3": {"overlap_summary": {"matrices": {"0": [[1.0, 0.7981158368661002, 0.5535882968137146, 0.5935142576603953, 0.4618371665086242, 0.5244825420089592, 0.5092371956768384, 0.4716035549869077, 0.45609462788292937, 0.49144628346518077, 0.4534431807297745, 0.4880177891175066, 0.5060073263284419, 0.46324296250742975, 0.43448188069080745, 0.45367882539316534, 0.45970881852726725, 0.4547158398459478, 0.3927304940481877, 0.4744711651273676], [0.7981158368661002, 1.0, 0.7579697609415786, 0.7152406597913468, 0.6265074056747549, 0.6242528769408784, 0.6161234184092383, 0.6170334508509784, 0.5328755979236804, 0.6252158146705025, 0.5671771674611227, 0.6165907380480046, 0.6144454162480072, 0.615983283241809, 0.5273279400035351, 0.5600998590939632, 0.5780725037720579, 0.5701269822015668, 0.523294737592789, 0.5451044200604753], [0.5535882968137146, 0.7579697609415786, 1.0, 0.824413756821679, 0.6925120623338136, 0.6307974693629413, 0.6058265452247492, 0.5917358554205162, 0.500488393161986, 0.5967829780381296, 0.5446454628422637, 0.5897239673543132, 0.596420510819228, 0.6153071682327333, 0.5357999407615165, 0.5722292542888501, 0.5696608528323333, 0.5720957263323649, 0.5518741950693563, 0.5425431314624101], [0.5935142576603953, 0.7152406597913468, 0.824413756821679, 1.0, 0.733498139492894, 0.6752348890974813, 0.6665613892056163, 0.6114607072975992, 0.5562717180682781, 0.6208945747852528, 0.5580378301993275, 0.5996540042943693, 0.6015474093438113, 0.6024522562428958, 0.5698831152827158, 0.6225089341582709, 0.592713144441037, 0.5838276374637925, 0.5676913035076806, 0.5524802417819076], [0.4618371665086242, 0.6265074056747549, 0.6925120623338136, 0.733498139492894, 1.0, 0.711613833689063, 0.7046957306087196, 0.7066928565499384, 0.676054222590588, 0.7119669660468735, 0.6377194295037396, 0.612446412276527, 0.5972568716559291, 0.6190372165858814, 0.6164335581616537, 0.6358264470066421, 0.6034599211804488, 0.6271541261831164, 0.6578980515641193, 0.624160521783738], [0.5244825420089592, 0.6242528769408784, 0.6307974693629413, 0.6752348890974813, 0.711613833689063, 1.0, 0.8272405690393936, 0.7642196280376737, 0.6666801664202535, 0.6974619783139718, 0.6707015810399856, 0.6368831670493749, 0.6179359427012195, 0.6286362928755914, 0.6719678321105391, 0.6414816357582412, 0.6051661712501144, 0.6651703999662121, 0.6371054852337209, 0.6365226243876544], [0.5092371956768384, 0.6161234184092383, 0.6058265452247492, 0.6665613892056163, 0.7046957306087196, 0.8272405690393936, 1.0, 0.82687793063633, 0.7463230667076606, 0.7681505019663207, 0.7068625645384138, 0.664896737286382, 0.6626040782058032, 0.6927383280824331, 0.7311836175555354, 0.7124476547068999, 0.660137026202013, 0.6994208524040464, 0.703535097564974, 0.703559408335299], [0.4716035549869077, 0.6170334508509784, 0.5917358554205162, 0.6114607072975992, 0.7066928565499384, 0.7642196280376737, 0.82687793063633, 1.0, 0.8190691295578841, 0.7966291300050509, 0.7520080128205291, 0.6991540640943178, 0.7073876588265915, 0.7123188179079057, 0.7344130561231753, 0.7172885424296875, 0.6767944934389051, 0.7136727080534861, 0.7031391872574007, 0.7076011980690636], [0.45609462788292937, 0.5328755979236804, 0.500488393161986, 0.5562717180682781, 0.676054222590588, 0.6666801664202535, 0.7463230667076606, 0.8190691295578841, 1.0, 0.8323004620695779, 0.7427845329213921, 0.6752524233011563, 0.679760885625181, 0.6795630191913011, 0.7435540251519323, 0.6907395625679654, 0.6286706749629349, 0.6981632030111454, 0.7275414209825805, 0.7103968805029763], [0.49144628346518077, 0.6252158146705025, 0.5967829780381296, 0.6208945747852528, 0.7119669660468735, 0.6974619783139718, 0.7681505019663207, 0.7966291300050509, 0.8323004620695779, 1.0, 0.7788605518069079, 0.7888288186420981, 0.7708023911867226, 0.7796612967967422, 0.7858992561136883, 0.7569932974690773, 0.6906087989743477, 0.7402477627894722, 0.7550382143500259, 0.7418079443198116], [0.4534431807297745, 0.5671771674611227, 0.5446454628422637, 0.5580378301993275, 0.6377194295037396, 0.6707015810399856, 0.7068625645384138, 0.7520080128205291, 0.7427845329213921, 0.7788605518069079, 1.0, 0.7693808676236439, 0.7223520680623864, 0.7250772518069816, 0.7371046917992847, 0.7065874654385715, 0.6842903053508813, 0.7309223727864183, 0.7367457530913947, 0.6981180388947764], [0.4880177891175066, 0.6165907380480046, 0.5897239673543132, 0.5996540042943693, 0.612446412276527, 0.6368831670493749, 0.664896737286382, 0.6991540640943178, 0.6752524233011563, 0.7888288186420981, 0.7693808676236439, 1.0, 0.8054396689265256, 0.7932566386605173, 0.753522035507537, 0.725667949840085, 0.6936349605895841, 0.713037879611652, 0.7239391730446314, 0.6885291350779856], [0.5060073263284419, 0.6144454162480072, 0.596420510819228, 0.6015474093438113, 0.5972568716559291, 0.6179359427012195, 0.6626040782058032, 0.7073876588265915, 0.679760885625181, 0.7708023911867226, 0.7223520680623864, 0.8054396689265256, 1.0, 0.8328398036585772, 0.7794014350543793, 0.7832960742546293, 0.747324498009527, 0.7616614478097391, 0.7179600544191216, 0.7016427109527836], [0.46324296250742975, 0.615983283241809, 0.6153071682327333, 0.6024522562428958, 0.6190372165858814, 0.6286362928755914, 0.6927383280824331, 0.7123188179079057, 0.6795630191913011, 0.7796612967967422, 0.7250772518069816, 0.7932566386605173, 0.8328398036585772, 1.0, 0.8213254876074628, 0.8122150263336797, 0.7472300127892736, 0.7439561560922197, 0.7488465050718837, 0.7005010097668819], [0.43448188069080745, 0.5273279400035351, 0.5357999407615165, 0.5698831152827158, 0.6164335581616537, 0.6719678321105391, 0.7311836175555354, 0.7344130561231753, 0.7435540251519323, 0.7858992561136883, 0.7371046917992847, 0.753522035507537, 0.7794014350543793, 0.8213254876074628, 1.0, 0.8489103973489415, 0.7370512436285019, 0.7780221380774383, 0.7995825172068902, 0.7611177375496492], [0.45367882539316534, 0.5600998590939632, 0.5722292542888501, 0.6225089341582709, 0.6358264470066421, 0.6414816357582412, 0.7124476547068999, 0.7172885424296875, 0.6907395625679654, 0.7569932974690773, 0.7065874654385715, 0.725667949840085, 0.7832960742546293, 0.8122150263336797, 0.8489103973489415, 1.0, 0.843690833431858, 0.8131843750150743, 0.7786262444461073, 0.7525472253020451], [0.45970881852726725, 0.5780725037720579, 0.5696608528323333, 0.592713144441037, 0.6034599211804488, 0.6051661712501144, 0.660137026202013, 0.6767944934389051, 0.6286706749629349, 0.6906087989743477, 0.6842903053508813, 0.6936349605895841, 0.747324498009527, 0.7472300127892736, 0.7370512436285019, 0.843690833431858, 1.0, 0.8330353507666384, 0.7546129722944577, 0.7119894742727522], [0.4547158398459478, 0.5701269822015668, 0.5720957263323649, 0.5838276374637925, 0.6271541261831164, 0.6651703999662121, 0.6994208524040464, 0.7136727080534861, 0.6981632030111454, 0.7402477627894722, 0.7309223727864183, 0.713037879611652, 0.7616614478097391, 0.7439561560922197, 0.7780221380774383, 0.8131843750150743, 0.8330353507666384, 1.0, 0.8489462571744305, 0.7536751587795282], [0.3927304940481877, 0.523294737592789, 0.5518741950693563, 0.5676913035076806, 0.6578980515641193, 0.6371054852337209, 0.703535097564974, 0.7031391872574007, 0.7275414209825805, 0.7550382143500259, 0.7367457530913947, 0.7239391730446314, 0.7179600544191216, 0.7488465050718837, 0.7995825172068902, 0.7786262444461073, 0.7546129722944577, 0.8489462571744305, 1.0, 0.8191854237210757], [0.4744711651273676, 0.5451044200604753, 0.5425431314624101, 0.5524802417819076, 0.624160521783738, 0.6365226243876544, 0.703559408335299, 0.7076011980690636, 0.7103968805029763, 0.7418079443198116, 0.6981180388947764, 0.6885291350779856, 0.7016427109527836, 0.7005010097668819, 0.7611177375496492, 0.7525472253020451, 0.7119894742727522, 0.7536751587795282, 0.8191854237210757, 1.0]], "1": [[1.0, 0.4525479944078215, 0.11820523966089756, 0.11876352710767864, 0.07742651968362259, 0.10659384667539917, 0.07986774564359111, 0.073234693134428, 0.10236358986402137, 0.11401313054996542, 0.10757471674437101, 0.11232729877932268, 0.10633016316861087, 0.11346449624560269, 0.07263730232103977, 0.07293903163476434, 0.1314545969640709, 0.10210791375461072, 0.08824767595019226, 0.13292235239806052], [0.4525479944078215, 1.0, 0.12089296262479185, 0.06575356782134076, 0.057903934707918665, 0.11047474529982239, 0.05660735363270511, 0.040461921943996136, 0.16231908493751215, 0.12246988860947366, 0.12012817541293339, 0.07053239500168795, 0.06494687444886556, 0.07984374386779985, 0.06207623168683942, 0.05182090447681293, 0.10735000767455562, 0.0897551367170551, 0.06620210927788785, 0.08050904806646829], [0.11820523966089756, 0.12089296262479185, 1.0, 0.1049809567521379, 0.18301317346858245, 0.10330204214300834, 0.13772521215351854, 0.15878452821826047, 0.12199005945463533, 0.12317487056331078, 0.10401099653348733, 0.09544073071181824, 0.17169935939596123, 0.13096190895037407, 0.08672800687277049, 0.09689228822082756, 0.10293489328375736, 0.11627138183448055, 0.10464433384483668, 0.09583289661009582], [0.11876352710767864, 0.06575356782134076, 0.1049809567521379, 1.0, 0.07835952834127718, 0.058598869991859516, 0.08744374970735264, 0.05758230541693498, 0.06756235952859153, 0.08683600917960085, 0.05276599077884901, 0.07819187987562266, 0.08687723679613557, 0.06665810353915999, 0.06728541978264263, 0.062972859105644, 0.05398896150198026, 0.1087295869841451, 0.05396205126535278, 0.0990023558785902], [0.07742651968362259, 0.057903934707918665, 0.18301317346858245, 0.07835952834127718, 1.0, 0.04124951304729646, 0.07216439118405811, 0.0738198747033861, 0.07033350297170057, 0.10799912901067989, 0.05912713971304392, 0.09442355936223379, 0.08868178297370277, 0.04040324004301443, 0.09681988599006482, 0.0445814974573869, 0.06742406969492783, 0.11402777905565498, 0.07035070155806611, 0.08545172688441569], [0.10659384667539917, 0.11047474529982239, 0.10330204214300834, 0.058598869991859516, 0.04124951304729646, 1.0, 0.24325512590009424, 0.11856636867919862, 0.0684212898051549, 0.06708825208446453, 0.08484306867449426, 0.09241530190771947, 0.15443453373061353, 0.06321158326000298, 0.07122024232862376, 0.09921627683151225, 0.09990966483329668, 0.07867884423548152, 0.07474605489627179, 0.0769061117755189], [0.07986774564359111, 0.05660735363270511, 0.13772521215351854, 0.08744374970735264, 0.07216439118405811, 0.24325512590009424, 1.0, 0.16041362789316793, 0.09392622779584392, 0.04811495972720748, 0.06965635409192658, 0.04475897470480342, 0.12277356043710655, 0.06411084462613852, 0.05717889871558377, 0.07438415232855351, 0.08425746726284891, 0.06907523997103925, 0.13041772348540165, 0.06782839271816385], [0.073234693134428, 0.040461921943996136, 0.15878452821826047, 0.05758230541693498, 0.0738198747033861, 0.11856636867919862, 0.16041362789316793, 1.0, 0.07291133381384886, 0.05537997109184402, 0.08626729084012472, 0.05812816474147527, 0.07981178765496214, 0.049898967260866386, 0.10757362120145708, 0.053351116887796986, 0.056287079410285275, 0.06609003528353523, 0.06131399585000998, 0.06417177371031967], [0.10236358986402137, 0.16231908493751215, 0.12199005945463533, 0.06756235952859153, 0.07033350297170057, 0.0684212898051549, 0.09392622779584392, 0.07291133381384886, 1.0, 0.14863088021301243, 0.08825573695792654, 0.07052208696054084, 0.10519130303786413, 0.07154068509264924, 0.07015904508035742, 0.10094613755269533, 0.06996960784918091, 0.06895896089590438, 0.08144992162464285, 0.1056509996478919], [0.11401313054996542, 0.12246988860947366, 0.12317487056331078, 0.08683600917960085, 0.10799912901067989, 0.06708825208446453, 0.04811495972720748, 0.05537997109184402, 0.14863088021301243, 1.0, 0.07017562698125356, 0.05990764331924139, 0.07154606852554767, 0.053271349430581226, 0.09621733333497247, 0.07360945795262691, 0.07896924562242394, 0.0794407641962877, 0.05950834335366503, 0.11689796008188688], [0.10757471674437101, 0.12012817541293339, 0.10401099653348733, 0.05276599077884901, 0.05912713971304392, 0.08484306867449426, 0.06965635409192658, 0.08626729084012472, 0.08825573695792654, 0.07017562698125356, 1.0, 0.11002446142063452, 0.09215920715875935, 0.05652430566268471, 0.05160907327913865, 0.11463381945555852, 0.09124802557125443, 0.07192265812986683, 0.11879762079686915, 0.08923208461121057], [0.11232729877932268, 0.07053239500168795, 0.09544073071181824, 0.07819187987562266, 0.09442355936223379, 0.09241530190771947, 0.04475897470480342, 0.05812816474147527, 0.07052208696054084, 0.05990764331924139, 0.11002446142063452, 1.0, 0.14472020266724964, 0.09126601259498571, 0.06436865709077509, 0.08365151151175766, 0.10420756902495434, 0.08845064409252923, 0.09900942068753661, 0.14488080226315156], [0.10633016316861087, 0.06494687444886556, 0.17169935939596123, 0.08687723679613557, 0.08868178297370277, 0.15443453373061353, 0.12277356043710655, 0.07981178765496214, 0.10519130303786413, 0.07154606852554767, 0.09215920715875935, 0.14472020266724964, 1.0, 0.09806452852070027, 0.08189755424055987, 0.06731894231303741, 0.11592885530190286, 0.10912605740831056, 0.13880974969919707, 0.15240907773038984], [0.11346449624560269, 0.07984374386779985, 0.13096190895037407, 0.06665810353915999, 0.04040324004301443, 0.06321158326000298, 0.06411084462613852, 0.049898967260866386, 0.07154068509264924, 0.053271349430581226, 0.05652430566268471, 0.09126601259498571, 0.09806452852070027, 1.0, 0.07664079250279028, 0.08150740880846105, 0.0650984170769587, 0.06230583869250617, 0.0653407133915271, 0.06989865840220956], [0.07263730232103977, 0.06207623168683942, 0.08672800687277049, 0.06728541978264263, 0.09681988599006482, 0.07122024232862376, 0.05717889871558377, 0.10757362120145708, 0.07015904508035742, 0.09621733333497247, 0.05160907327913865, 0.06436865709077509, 0.08189755424055987, 0.07664079250279028, 1.0, 0.07856029914888879, 0.05765054525520575, 0.07237936274710738, 0.06092861974877756, 0.10868541161245203], [0.07293903163476434, 0.05182090447681293, 0.09689228822082756, 0.062972859105644, 0.0445814974573869, 0.09921627683151225, 0.07438415232855351, 0.053351116887796986, 0.10094613755269533, 0.07360945795262691, 0.11463381945555852, 0.08365151151175766, 0.06731894231303741, 0.08150740880846105, 0.07856029914888879, 1.0, 0.0958911880174029, 0.10620619922709117, 0.07192953744052276, 0.07287941974101116], [0.1314545969640709, 0.10735000767455562, 0.10293489328375736, 0.05398896150198026, 0.06742406969492783, 0.09990966483329668, 0.08425746726284891, 0.056287079410285275, 0.06996960784918091, 0.07896924562242394, 0.09124802557125443, 0.10420756902495434, 0.11592885530190286, 0.0650984170769587, 0.05765054525520575, 0.0958911880174029, 1.0, 0.12856872737394412, 0.14515018436515284, 0.1361696566345006], [0.10210791375461072, 0.0897551367170551, 0.11627138183448055, 0.1087295869841451, 0.11402777905565498, 0.07867884423548152, 0.06907523997103925, 0.06609003528353523, 0.06895896089590438, 0.0794407641962877, 0.07192265812986683, 0.08845064409252923, 0.10912605740831056, 0.06230583869250617, 0.07237936274710738, 0.10620619922709117, 0.12856872737394412, 1.0, 0.11859895767074029, 0.13747874284603825], [0.08824767595019226, 0.06620210927788785, 0.10464433384483668, 0.05396205126535278, 0.07035070155806611, 0.07474605489627179, 0.13041772348540165, 0.06131399585000998, 0.08144992162464285, 0.05950834335366503, 0.11879762079686915, 0.09900942068753661, 0.13880974969919707, 0.0653407133915271, 0.06092861974877756, 0.07192953744052276, 0.14515018436515284, 0.11859895767074029, 1.0, 0.09282372740676781], [0.13292235239806052, 0.08050904806646829, 0.09583289661009582, 0.0990023558785902, 0.08545172688441569, 0.0769061117755189, 0.06782839271816385, 0.06417177371031967, 0.1056509996478919, 0.11689796008188688, 0.08923208461121057, 0.14488080226315156, 0.15240907773038984, 0.06989865840220956, 0.10868541161245203, 0.07287941974101116, 0.1361696566345006, 0.13747874284603825, 0.09282372740676781, 1.0]], "2": [[1.0, 0.23019579160448964, 0.21248414028418447, 0.20586342040953418, 0.10524600685785203, 0.27121119610055877, 0.2141215651124352, 0.10973992015793248, 0.09528237557371638, 0.14306718418065933, 0.15558979106349322, 0.22297497054441132, 0.09551416232214337, 0.13499866462037846, 0.21397040960503771, 0.18501365392260985, 0.1310668114835409, 0.1635182885938213, 0.13422580294322475, 0.20087024716686286], [0.23019579160448964, 1.0, 0.16742310035161384, 0.1787006961781151, 0.14396179161429978, 0.21956756598336938, 0.16626458092559684, 0.13667872951588286, 0.20332867169972124, 0.20519257544406652, 0.2285066916728507, 0.2477677488850431, 0.10318702426290159, 0.21995661758615745, 0.17654167987070515, 0.27799940067678414, 0.17605479412270242, 0.19023416236708082, 0.1640931665509701, 0.19578346564408627], [0.21248414028418447, 0.16742310035161384, 1.0, 0.26904225137142196, 0.23472966620988067, 0.1729516021833166, 0.2039946300868574, 0.15868918540305962, 0.11773759672214634, 0.18647635103766844, 0.18773579035013985, 0.21604986272957993, 0.19047196901794172, 0.10610914621338148, 0.15923689373052086, 0.2012561676136387, 0.15054667720769702, 0.2578400324255382, 0.07415763607320194, 0.1288567593699897], [0.20586342040953418, 0.1787006961781151, 0.26904225137142196, 1.0, 0.28562147451035136, 0.1877939315328949, 0.23588411821618996, 0.2538916039772649, 0.2107649436886305, 0.2768829948201155, 0.22112418815441873, 0.19667846046438567, 0.21083033081811922, 0.14580537568768268, 0.29609067765607, 0.1652285231315573, 0.13164500408387933, 0.2672407564038825, 0.15377955397270915, 0.18844482456766443], [0.10524600685785203, 0.14396179161429978, 0.23472966620988067, 0.28562147451035136, 1.0, 0.14568280102323455, 0.22444750680587303, 0.2955893700651798, 0.12065765381941414, 0.23271166593518, 0.16761935981166873, 0.1652106646769383, 0.20740873285997388, 0.19850517727118921, 0.2750112183592626, 0.19783031419020441, 0.1191561989312134, 0.21528389966759745, 0.21737183710791783, 0.2243707829539542], [0.27121119610055877, 0.21956756598336938, 0.1729516021833166, 0.1877939315328949, 0.14568280102323455, 1.0, 0.2570950414504587, 0.16267644944006746, 0.11441098214225487, 0.2762882510983683, 0.20609092958894978, 0.2019108326131978, 0.1313986760617166, 0.1779996812815983, 0.26941031616914374, 0.16385002594057663, 0.09805878554926233, 0.21282901523033992, 0.16462627312244066, 0.1452213144007976], [0.2141215651124352, 0.16626458092559684, 0.2039946300868574, 0.23588411821618996, 0.22444750680587303, 0.2570950414504587, 1.0, 0.1926918098205091, 0.17029068813282833, 0.2123004006531756, 0.1953828081761591, 0.1880907566845257, 0.11848823327796322, 0.23573465276475888, 0.32297394588318273, 0.15562273677948352, 0.095624814060444, 0.15817821402436244, 0.203256271062404, 0.1907306632549967], [0.10973992015793248, 0.13667872951588286, 0.15868918540305962, 0.2538916039772649, 0.2955893700651798, 0.16267644944006746, 0.1926918098205091, 1.0, 0.1614668631068078, 0.23557498306846616, 0.22371857753095317, 0.13993936318850939, 0.19933304420527972, 0.1782340544014604, 0.28917776311566334, 0.19530658176841023, 0.14494160920378535, 0.2698280898225369, 0.2055140876316667, 0.20517692769352394], [0.09528237557371638, 0.20332867169972124, 0.11773759672214634, 0.2107649436886305, 0.12065765381941414, 0.11441098214225487, 0.17029068813282833, 0.1614668631068078, 1.0, 0.13921187731177892, 0.18891773868749798, 0.14266582508957337, 0.16447557091169393, 0.16455734357367371, 0.15157486315039895, 0.15999038236644653, 0.16559312145362692, 0.19012357843460345, 0.1365583605808253, 0.14384706956208937], [0.14306718418065933, 0.20519257544406652, 0.18647635103766844, 0.2768829948201155, 0.23271166593518, 0.2762882510983683, 0.2123004006531756, 0.23557498306846616, 0.13921187731177892, 1.0, 0.2579736391762226, 0.2137091869525519, 0.15419943304307324, 0.1996647321236447, 0.2507102802346312, 0.21309166540616703, 0.1622628572084291, 0.20946014005685595, 0.12110973366564898, 0.11299513592517475], [0.15558979106349322, 0.2285066916728507, 0.18773579035013985, 0.22112418815441873, 0.16761935981166873, 0.20609092958894978, 0.1953828081761591, 0.22371857753095317, 0.18891773868749798, 0.2579736391762226, 1.0, 0.2045549478850597, 0.16041339611033092, 0.17471671871625907, 0.24713785742499375, 0.2405809069598078, 0.14937870550796475, 0.22473967861940675, 0.19366768181727242, 0.18016337291214424], [0.22297497054441132, 0.2477677488850431, 0.21604986272957993, 0.19667846046438567, 0.1652106646769383, 0.2019108326131978, 0.1880907566845257, 0.13993936318850939, 0.14266582508957337, 0.2137091869525519, 0.2045549478850597, 1.0, 0.13873818836686364, 0.21929586995465708, 0.23314348758213427, 0.22560940272743565, 0.14153277641818476, 0.11666377053965978, 0.14563257660470397, 0.17684688701077125], [0.09551416232214337, 0.10318702426290159, 0.19047196901794172, 0.21083033081811922, 0.20740873285997388, 0.1313986760617166, 0.11848823327796322, 0.19933304420527972, 0.16447557091169393, 0.15419943304307324, 0.16041339611033092, 0.13873818836686364, 1.0, 0.1323694687476951, 0.18931531343586436, 0.19413514901551018, 0.2214247351884619, 0.20797150965433575, 0.15991156397409997, 0.1310910547095912], [0.13499866462037846, 0.21995661758615745, 0.10610914621338148, 0.14580537568768268, 0.19850517727118921, 0.1779996812815983, 0.23573465276475888, 0.1782340544014604, 0.16455734357367371, 0.1996647321236447, 0.17471671871625907, 0.21929586995465708, 0.1323694687476951, 1.0, 0.25408118251520834, 0.23270425983293716, 0.12422865645350362, 0.12301390856692233, 0.21179004247739103, 0.19545837590123702], [0.21397040960503771, 0.17654167987070515, 0.15923689373052086, 0.29609067765607, 0.2750112183592626, 0.26941031616914374, 0.32297394588318273, 0.28917776311566334, 0.15157486315039895, 0.2507102802346312, 0.24713785742499375, 0.23314348758213427, 0.18931531343586436, 0.25408118251520834, 1.0, 0.22552094654513904, 0.16463035215622, 0.15036401161968824, 0.37142018633734286, 0.3150186936245269], [0.18501365392260985, 0.27799940067678414, 0.2012561676136387, 0.1652285231315573, 0.19783031419020441, 0.16385002594057663, 0.15562273677948352, 0.19530658176841023, 0.15999038236644653, 0.21309166540616703, 0.2405809069598078, 0.22560940272743565, 0.19413514901551018, 0.23270425983293716, 0.22552094654513904, 1.0, 0.2401616513328783, 0.16338083331270498, 0.23430544507862888, 0.2518260822136949], [0.1310668114835409, 0.17605479412270242, 0.15054667720769702, 0.13164500408387933, 0.1191561989312134, 0.09805878554926233, 0.095624814060444, 0.14494160920378535, 0.16559312145362692, 0.1622628572084291, 0.14937870550796475, 0.14153277641818476, 0.2214247351884619, 0.12422865645350362, 0.16463035215622, 0.2401616513328783, 1.0, 0.14123956173909435, 0.13918077413339966, 0.1816585169273012], [0.1635182885938213, 0.19023416236708082, 0.2578400324255382, 0.2672407564038825, 0.21528389966759745, 0.21282901523033992, 0.15817821402436244, 0.2698280898225369, 0.19012357843460345, 0.20946014005685595, 0.22473967861940675, 0.11666377053965978, 0.20797150965433575, 0.12301390856692233, 0.15036401161968824, 0.16338083331270498, 0.14123956173909435, 1.0, 0.15344743296323185, 0.12290121534380233], [0.13422580294322475, 0.1640931665509701, 0.07415763607320194, 0.15377955397270915, 0.21737183710791783, 0.16462627312244066, 0.203256271062404, 0.2055140876316667, 0.1365583605808253, 0.12110973366564898, 0.19366768181727242, 0.14563257660470397, 0.15991156397409997, 0.21179004247739103, 0.37142018633734286, 0.23430544507862888, 0.13918077413339966, 0.15344743296323185, 1.0, 0.28733133640557085], [0.20087024716686286, 0.19578346564408627, 0.1288567593699897, 0.18844482456766443, 0.2243707829539542, 0.1452213144007976, 0.1907306632549967, 0.20517692769352394, 0.14384706956208937, 0.11299513592517475, 0.18016337291214424, 0.17684688701077125, 0.1310910547095912, 0.19545837590123702, 0.3150186936245269, 0.2518260822136949, 0.1816585169273012, 0.12290121534380233, 0.28733133640557085, 1.0]]}, "per_layer_inter": {"0": 0.66729840207456, "1": 0.0919047332038566, "2": 0.18884988717099316}, "O_inter": 0.31601767414980325, "O_intra": 1.0, "Obar": 0.31601767414980325, "inner": -0.6839823258501967}, "phase_stability": {"0": {"layer": 0, "S_matrix": [[1.0, 0.40304191091634484, 0.2814989052982068, 0.21955871464053264, 0.18925256083544553, 0.14509476509134253, 0.1343320295444254, 0.1166265158317335, 0.10350173778116165, 0.09873965859828529, 0.09078388986095741, 0.09191646003474911, 0.08951466572828097, 0.08963232442691274, 0.08605832457581931, 0.08795504357091967, 0.07958991954699071, 0.0700681592538873, 0.07874580151866294, 0.074054152416297], [0.40304191091634484, 1.0, 0.34559104041710487, 0.2642587158419825, 0.2165595994665174, 0.16566586378666678, 0.1577842014214344, 0.1342119048958854, 0.11200865349195967, 0.11029752576706396, 0.10645880601429555, 0.10298363026071354, 0.10107605182937042, 0.10366515688252968, 0.09482743570596633, 0.09767857790067017, 0.09129563985554398, 0.07835036573732083, 0.08192677995066475, 0.07912652173444344], [0.2814989052982068, 0.34559104041710487, 1.0, 0.3466769745984718, 0.26417884975131517, 0.20862132064807223, 0.19659008361093266, 0.1600894391713241, 0.13367058418850464, 0.13028208720737156, 0.11967909656869498, 0.12078673407688799, 0.1205412674092708, 0.11978085565993314, 0.10764154270188923, 0.10169359414400451, 0.0973387878420996, 0.08179220558443479, 0.08319700027684945, 0.08612067499730836], [0.21955871464053264, 0.2642587158419825, 0.3466769745984718, 1.0, 0.3550484915691577, 0.22793921640400264, 0.22208052140707873, 0.18394332499252886, 0.15609311658806868, 0.15212136748407254, 0.13809472465141048, 0.12653295118814206, 0.1295416528631634, 0.1298646384550151, 0.11228970082220646, 0.10787421281308851, 0.10805523172070651, 0.09829632500936118, 0.10077604797505328, 0.09954681139334737], [0.18925256083544553, 0.2165595994665174, 0.26417884975131517, 0.3550484915691577, 1.0, 0.319430476579808, 0.2798515019085757, 0.2150811901392995, 0.18324110800111174, 0.17712687745919461, 0.163478859407172, 0.1487835896256395, 0.1496337658522968, 0.15039918450759523, 0.13541852584310565, 0.13039179428774716, 0.13577912838421802, 0.10897565912947782, 0.11520892751068829, 0.11245766146486395], [0.14509476509134253, 0.16566586378666678, 0.20862132064807223, 0.22793921640400264, 0.319430476579808, 1.0, 0.3662891349580297, 0.25080214147490976, 0.21941365708979502, 0.1943206032307271, 0.1860320720930237, 0.16079346836738664, 0.1510591304067855, 0.153545709314971, 0.1497880199420261, 0.1265880228299449, 0.129783119436351, 0.11284326441541519, 0.11095787536755365, 0.10412221036403749], [0.1343320295444254, 0.1577842014214344, 0.19659008361093266, 0.22208052140707873, 0.2798515019085757, 0.3662891349580297, 1.0, 0.39782386705937167, 0.30584532795212754, 0.2658307063773343, 0.21211325272675574, 0.18969763545696547, 0.192260317242174, 0.18516148955116724, 0.17119278082950007, 0.1600889795822495, 0.16930568153566522, 0.13019502139721958, 0.13728053292368758, 0.13015977463075], [0.1166265158317335, 0.1342119048958854, 0.1600894391713241, 0.18394332499252886, 0.2150811901392995, 0.25080214147490976, 0.39782386705937167, 1.0, 0.38967533207594623, 0.30961265228187757, 0.23070937014898568, 0.20284927435977937, 0.20573077909815451, 0.18710671103796905, 0.17248703836034274, 0.162265922654476, 0.16988676498311403, 0.14803147480889425, 0.1494707584577174, 0.13602839732715277], [0.10350173778116165, 0.11200865349195967, 0.13367058418850464, 0.15609311658806868, 0.18324110800111174, 0.21941365708979502, 0.30584532795212754, 0.38967533207594623, 1.0, 0.39428067352450896, 0.2662749764162298, 0.2321689052407055, 0.23118928332045297, 0.20135890265279852, 0.18874638435851973, 0.18050686138831265, 0.17518582938059865, 0.15760398073532259, 0.15355261224617675, 0.13622519292357899], [0.09873965859828529, 0.11029752576706396, 0.13028208720737156, 0.15212136748407254, 0.17712687745919461, 0.1943206032307271, 0.2658307063773343, 0.30961265228187757, 0.39428067352450896, 1.0, 0.3337872254801326, 0.2743510385663927, 0.2490330429348374, 0.22279173733878263, 0.21210159568990644, 0.1971838099878692, 0.1942584977719698, 0.17321564135224776, 0.17011576610802942, 0.14740054414637968], [0.09078388986095741, 0.10645880601429555, 0.11967909656869498, 0.13809472465141048, 0.163478859407172, 0.1860320720930237, 0.21211325272675574, 0.23070937014898568, 0.2662749764162298, 0.3337872254801326, 1.0, 0.3665962978177913, 0.2909084783943956, 0.2558041619640158, 0.22767428906011786, 0.18902166356709976, 0.17510407372004147, 0.16007687023577596, 0.15216802720976363, 0.13576434314343475], [0.09191646003474911, 0.10298363026071354, 0.12078673407688799, 0.12653295118814206, 0.1487835896256395, 0.16079346836738664, 0.18969763545696547, 0.20284927435977937, 0.2321689052407055, 0.2743510385663927, 0.3665962978177913, 1.0, 0.3465624687917715, 0.29057888839211254, 0.2535990777853082, 0.21305604913550816, 0.18794025628105024, 0.1736401915760589, 0.16309512046922173, 0.14778555189195058], [0.08951466572828097, 0.10107605182937042, 0.1205412674092708, 0.1295416528631634, 0.1496337658522968, 0.1510591304067855, 0.192260317242174, 0.20573077909815451, 0.23118928332045297, 0.2490330429348374, 0.2909084783943956, 0.3465624687917715, 1.0, 0.38406777812837906, 0.3032679534333592, 0.2624745074318201, 0.2344698069077327, 0.20186693822763585, 0.19756584684439069, 0.17368448324015567], [0.08963232442691274, 0.10366515688252968, 0.11978085565993314, 0.1298646384550151, 0.15039918450759523, 0.153545709314971, 0.18516148955116724, 0.18710671103796905, 0.20135890265279852, 0.22279173733878263, 0.2558041619640158, 0.29057888839211254, 0.38406777812837906, 1.0, 0.42172158833696016, 0.28398082353543214, 0.2500317850775564, 0.22160294093093055, 0.20142900705766817, 0.17869603977818227], [0.08605832457581931, 0.09482743570596633, 0.10764154270188923, 0.11228970082220646, 0.13541852584310565, 0.1497880199420261, 0.17119278082950007, 0.17248703836034274, 0.18874638435851973, 0.21210159568990644, 0.22767428906011786, 0.2535990777853082, 0.3032679534333592, 0.42172158833696016, 1.0, 0.3400272048526704, 0.27655700036933684, 0.23381156840491918, 0.21678227306241465, 0.18868872795294925], [0.08795504357091967, 0.09767857790067017, 0.10169359414400451, 0.10787421281308851, 0.13039179428774716, 0.1265880228299449, 0.1600889795822495, 0.162265922654476, 0.18050686138831265, 0.1971838099878692, 0.18902166356709976, 0.21305604913550816, 0.2624745074318201, 0.28398082353543214, 0.3400272048526704, 1.0, 0.3567109982457108, 0.2683664077001143, 0.23414971510656518, 0.20230187210013514], [0.07958991954699071, 0.09129563985554398, 0.0973387878420996, 0.10805523172070651, 0.13577912838421802, 0.129783119436351, 0.16930568153566522, 0.16988676498311403, 0.17518582938059865, 0.1942584977719698, 0.17510407372004147, 0.18794025628105024, 0.2344698069077327, 0.2500317850775564, 0.27655700036933684, 0.3567109982457108, 1.0, 0.34032981825493624, 0.30147964171011266, 0.22727375132723412], [0.0700681592538873, 0.07835036573732083, 0.08179220558443479, 0.09829632500936118, 0.10897565912947782, 0.11284326441541519, 0.13019502139721958, 0.14803147480889425, 0.15760398073532259, 0.17321564135224776, 0.16007687023577596, 0.1736401915760589, 0.20186693822763585, 0.22160294093093055, 0.23381156840491918, 0.2683664077001143, 0.34032981825493624, 1.0, 0.37077379746219696, 0.2609208856634712], [0.07874580151866294, 0.08192677995066475, 0.08319700027684945, 0.10077604797505328, 0.11520892751068829, 0.11095787536755365, 0.13728053292368758, 0.1494707584577174, 0.15355261224617675, 0.17011576610802942, 0.15216802720976363, 0.16309512046922173, 0.19756584684439069, 0.20142900705766817, 0.21678227306241465, 0.23414971510656518, 0.30147964171011266, 0.37077379746219696, 1.0, 0.3813527423678156], [0.074054152416297, 0.07912652173444344, 0.08612067499730836, 0.09954681139334737, 0.11245766146486395, 0.10412221036403749, 0.13015977463075, 0.13602839732715277, 0.13622519292357899, 0.14740054414637968, 0.13576434314343475, 0.14778555189195058, 0.17368448324015567, 0.17869603977818227, 0.18868872795294925, 0.20230187210013514, 0.22727375132723412, 0.2609208856634712, 0.3813527423678156, 1.0]], "mean_cross_task_stability": 0.1878316430577155, "score": "ami"}, "1": {"layer": 1, "S_matrix": [[1.0, 0.13166834056602533, 0.03237161989669222, 0.00994884436543615, 0.0056654918822455535, 0.0020585489151819353, 0.003109500349210144, 0.003377140376502902, 0.004454062533894286, 0.0023954531180981143, 0.007188341158071608, 0.004764636564834825, 0.005021426585123606, 0.004049721727934651, 0.0037070813421394597, 0.0029536044521533134, 0.003026027780531684, 0.0029342480457190357, 0.0023321976020455877, 0.0033817899576082822], [0.13166834056602533, 1.0, 0.08308901796724956, 0.024014925038397587, 0.011756140468934877, 0.006314405576123202, 0.005938331041906423, 0.005941789474108921, 0.004722495755275285, 0.002266470670000249, 0.00653071915469833, 0.003624850487660666, 0.0018588351325311463, 0.002029228821168289, 0.002777330276612798, 0.0018995977796346516, 0.002779826811864658, 0.001114953326417569, 0.0017289610420141092, 0.0016959145163738967], [0.03237161989669222, 0.08308901796724956, 1.0, 0.0790024319291094, 0.04437295724456646, 0.0189780407208297, 0.014425445349751057, 0.010760553160366925, 0.005902792195605814, 0.003951021466873892, 0.006649421422331339, 0.004878501823608211, 0.003896023309623382, 0.001988803494324533, 0.0027313892907035466, 0.0028224991033187177, 0.0031861327921956077, 0.0027059494623356164, 0.0016542226410502716, 0.0017203543233721488], [0.00994884436543615, 0.024014925038397587, 0.0790024319291094, 1.0, 0.09818435656690638, 0.04165401688632482, 0.024006340243677596, 0.013615370646844538, 0.008567668687923479, 0.011231514415313023, 0.0037006095421367167, 0.005976277579523551, 0.006100805529977693, 0.00