{"rung": "R6", "scenario": "class", "nexp": 10, "epochs": 50, "seed": 4, "metrics": {"Top1_Acc_Exp/eval_phase/test_stream/Task000/Exp000": 0.0, "Top1_Acc_Exp/eval_phase/test_stream/Task000/Exp001": 0.0, "Top1_Acc_Exp/eval_phase/test_stream/Task000/Exp002": 0.0, "Top1_Acc_Exp/eval_phase/test_stream/Task000/Exp003": 0.0, "Top1_Acc_Exp/eval_phase/test_stream/Task000/Exp004": 0.0, "Top1_Acc_Exp/eval_phase/test_stream/Task000/Exp005": 0.0, "Top1_Acc_Exp/eval_phase/test_stream/Task000/Exp006": 0.0, "Top1_Acc_Exp/eval_phase/test_stream/Task000/Exp007": 0.0, "Top1_Acc_Exp/eval_phase/test_stream/Task000/Exp008": 0.0, "Top1_Acc_Exp/eval_phase/test_stream/Task000/Exp009": 0.828, "Top1_Acc_Stream/eval_phase/test_stream/Task000": 0.0828, "StreamForgetting/eval_phase/test_stream": 0.7764444444444444, "StreamBWT/eval_phase/test_stream": -0.7764444444444444, "ExperienceForgetting/eval_phase/test_stream/Task000/Exp000": 0.721, "ExperienceBWT/eval_phase/test_stream/Task000/Exp000": -0.721, "ExperienceForgetting/eval_phase/test_stream/Task000/Exp001": 0.774, "ExperienceBWT/eval_phase/test_stream/Task000/Exp001": -0.774, "ExperienceForgetting/eval_phase/test_stream/Task000/Exp002": 0.769, "ExperienceBWT/eval_phase/test_stream/Task000/Exp002": -0.769, "ExperienceForgetting/eval_phase/test_stream/Task000/Exp003": 0.781, "ExperienceBWT/eval_phase/test_stream/Task000/Exp003": -0.781, "ExperienceForgetting/eval_phase/test_stream/Task000/Exp004": 0.842, "ExperienceBWT/eval_phase/test_stream/Task000/Exp004": -0.842, "ExperienceForgetting/eval_phase/test_stream/Task000/Exp005": 0.845, "ExperienceBWT/eval_phase/test_stream/Task000/Exp005": -0.845, "ExperienceForgetting/eval_phase/test_stream/Task000/Exp006": 0.67, "ExperienceBWT/eval_phase/test_stream/Task000/Exp006": -0.67, "ExperienceForgetting/eval_phase/test_stream/Task000/Exp007": 0.784, "ExperienceBWT/eval_phase/test_stream/Task000/Exp007": -0.784, "ExperienceForgetting/eval_phase/test_stream/Task000/Exp008": 0.802, "ExperienceBWT/eval_phase/test_stream/Task000/Exp008": -0.802}, "learning_acc": [0.721, 0.774, 0.769, 0.781, 0.842, 0.845, 0.67, 0.784, 0.802, 0.828], "acc_matrix": [[0.721, 0.0, 0.0, 0.0, 0.0, 0.0, 0.0, 0.0, 0.0, 0.0], [0.0, 0.774, 0.0, 0.0, 0.0, 0.0, 0.0, 0.0, 0.0, 0.0], [0.0, 0.0, 0.769, 0.0, 0.0, 0.0, 0.0, 0.0, 0.0, 0.0], [0.0, 0.0, 0.0, 0.781, 0.0, 0.0, 0.0, 0.0, 0.0, 0.0], [0.0, 0.0, 0.0, 0.0, 0.842, 0.0, 0.0, 0.0, 0.0, 0.0], [0.0, 0.0, 0.0, 0.0, 0.0, 0.845, 0.0, 0.0, 0.0, 0.0], [0.0, 0.0, 0.0, 0.0, 0.0, 0.0, 0.67, 0.0, 0.0, 0.0], [0.0, 0.0, 0.0, 0.0, 0.0, 0.0, 0.0, 0.784, 0.0, 0.0], [0.0, 0.0, 0.0, 0.0, 0.0, 0.0, 0.0, 0.0, 0.802, 0.0], [0.0, 0.0, 0.0, 0.0, 0.0, 0.0, 0.0, 0.0, 0.0, 0.828]], "avg_forgetting": 77.64444444444443, "bwt": -77.64444444444443, "selfcheck_ok": true, "h3": {"overlap_summary": {"matrices": {"0": [[1.0, 0.8393291705864975, 0.7821803486301947, 0.7400097073639027, 0.7293426618308786, 0.6842080766465966, 0.6637293915988179, 0.6615811155673248, 0.656851585776107, 0.6586058787515932], [0.8393291705864975, 1.0, 0.8430219111316772, 0.8026294326225758, 0.771760767519691, 0.732151083777446, 0.7104724058201444, 0.7168636289940145, 0.7374009579677161, 0.6983686220799364], [0.7821803486301947, 0.8430219111316772, 1.0, 0.8835689259116135, 0.8581873382563198, 0.7982069603313646, 0.8229087493706688, 0.8267892668674982, 0.8015065526623903, 0.8124088411802437], [0.7400097073639027, 0.8026294326225758, 0.8835689259116135, 1.0, 0.9113294967630973, 0.878388717326151, 0.8841499184380233, 0.882111133298617, 0.8648435095382881, 0.8655728505467568], [0.7293426618308786, 0.771760767519691, 0.8581873382563198, 0.9113294967630973, 1.0, 0.905205583351471, 0.8995777294936385, 0.8945962650067625, 0.8673596247801938, 0.8831645779723074], [0.6842080766465966, 0.732151083777446, 0.7982069603313646, 0.878388717326151, 0.905205583351471, 1.0, 0.9285085346091108, 0.9042628402138045, 0.8551231126463675, 0.8800521885733039], [0.6637293915988179, 0.7104724058201444, 0.8229087493706688, 0.8841499184380233, 0.8995777294936385, 0.9285085346091108, 1.0, 0.9517825462288113, 0.8772594958789823, 0.8982375081729047], [0.6615811155673248, 0.7168636289940145, 0.8267892668674982, 0.882111133298617, 0.8945962650067625, 0.9042628402138045, 0.9517825462288113, 1.0, 0.8935052173507103, 0.903838027406722], [0.656851585776107, 0.7374009579677161, 0.8015065526623903, 0.8648435095382881, 0.8673596247801938, 0.8551231126463675, 0.8772594958789823, 0.8935052173507103, 1.0, 0.9063928652696729], [0.6586058787515932, 0.6983686220799364, 0.8124088411802437, 0.8655728505467568, 0.8831645779723074, 0.8800521885733039, 0.8982375081729047, 0.903838027406722, 0.9063928652696729, 1.0]], "1": [[1.0, 0.4251587507751963, 0.23813215789598174, 0.23591415467703686, 0.20940072354078154, 0.20741922420856543, 0.20768334591798682, 0.22078682946342504, 0.2047630931703386, 0.2582038031796394], [0.4251587507751963, 1.0, 0.27032894277837116, 0.24656385086605442, 0.2174674602558345, 0.2208781305726059, 0.21979467548873394, 0.2057249166430338, 0.22042651883026276, 0.24066093414670417], [0.23813215789598174, 0.27032894277837116, 1.0, 0.3667924173936937, 0.36120965317100223, 0.31518969229895666, 0.22228635245257597, 0.18780659853017656, 0.18744605950250554, 0.1934810364735013], [0.23591415467703686, 0.24656385086605442, 0.3667924173936937, 1.0, 0.42708751497560016, 0.30383678702834116, 0.2390446099285747, 0.2063376276002471, 0.17899435927826982, 0.20064534359342126], [0.20940072354078154, 0.2174674602558345, 0.36120965317100223, 0.42708751497560016, 1.0, 0.3920468915355033, 0.25934069871903764, 0.2123948289316979, 0.18161481191911683, 0.1866434017603478], [0.20741922420856543, 0.2208781305726059, 0.31518969229895666, 0.30383678702834116, 0.3920468915355033, 1.0, 0.3746861506170917, 0.22998284138734995, 0.21094760865130288, 0.18101062522016723], [0.20768334591798682, 0.21979467548873394, 0.22228635245257597, 0.2390446099285747, 0.25934069871903764, 0.3746861506170917, 1.0, 0.3368432975057018, 0.21986629165595198, 0.1987375712644678], [0.22078682946342504, 0.2057249166430338, 0.18780659853017656, 0.2063376276002471, 0.2123948289316979, 0.22998284138734995, 0.3368432975057018, 1.0, 0.3394861011113804, 0.21545461494825505], [0.2047630931703386, 0.22042651883026276, 0.18744605950250554, 0.17899435927826982, 0.18161481191911683, 0.21094760865130288, 0.21986629165595198, 0.3394861011113804, 1.0, 0.28038789351233834], [0.2582038031796394, 0.24066093414670417, 0.1934810364735013, 0.20064534359342126, 0.1866434017603478, 0.18101062522016723, 0.1987375712644678, 0.21545461494825505, 0.28038789351233834, 1.0]], "2": [[1.0, 0.3001741381370595, 0.2511058401271934, 0.22568509075275575, 0.33838410023375953, 0.25813998000637906, 0.21740892892645336, 0.26421083818856844, 0.23177379248357222, 0.18978244221631257], [0.3001741381370595, 1.0, 0.287260076551382, 0.3442473392601841, 0.3209100279916995, 0.2265063934617691, 0.2736351316542589, 0.24959370777869513, 0.2589223581357628, 0.20189842256192353], [0.2511058401271934, 0.287260076551382, 1.0, 0.36508465575987475, 0.3589490696400326, 0.23762164376005632, 0.2872402477390052, 0.30157946617222353, 0.28476532904359536, 0.2863135917920032], [0.22568509075275575, 0.3442473392601841, 0.36508465575987475, 1.0, 0.37952427585703297, 0.29547032086310276, 0.32473039402587744, 0.3417144909220102, 0.40053883769626314, 0.3079984774172848], [0.33838410023375953, 0.3209100279916995, 0.3589490696400326, 0.37952427585703297, 1.0, 0.35066515135999343, 0.3319049042816768, 0.3795448152817384, 0.36710091013608265, 0.23576356095167722], [0.25813998000637906, 0.2265063934617691, 0.23762164376005632, 0.29547032086310276, 0.35066515135999343, 1.0, 0.2636461270482427, 0.318021209900038, 0.2549920516662463, 0.269647184963565], [0.21740892892645336, 0.2736351316542589, 0.2872402477390052, 0.32473039402587744, 0.3319049042816768, 0.2636461270482427, 1.0, 0.36507824490240515, 0.28841973069915816, 0.24777708483978844], [0.26421083818856844, 0.24959370777869513, 0.30157946617222353, 0.3417144909220102, 0.3795448152817384, 0.318021209900038, 0.36507824490240515, 1.0, 0.31864997902274134, 0.3243001442759083], [0.23177379248357222, 0.2589223581357628, 0.28476532904359536, 0.40053883769626314, 0.36710091013608265, 0.2549920516662463, 0.28841973069915816, 0.31864997902274134, 1.0, 0.2997389297950249], [0.18978244221631257, 0.20189842256192353, 0.2863135917920032, 0.3079984774172848, 0.23576356095167722, 0.269647184963565, 0.24777708483978844, 0.3243001442759083, 0.2997389297950249, 1.0]]}, "per_layer_inter": {"0": 0.8214965583135757, "1": 0.25019798207504734, "2": 0.29392043196178613}, "O_inter": 0.4552049907834697, "O_intra": 1.0, "Obar": 0.4552049907834697, "inner": -0.5447950092165303}, "phase_stability": {"0": {"layer": 0, "S_matrix": [[1.0, 0.34950047707639365, 0.24067147603229702, 0.21473342284426994, 0.1996755193983877, 0.16296055611711363, 0.16030321065296704, 0.15657532129958304, 0.1340122253488383, 0.13098274830475615], [0.34950047707639365, 1.0, 0.318039062337116, 0.27677262888586796, 0.2228706205032216, 0.18428018351963396, 0.18218434897030716, 0.17622861223152295, 0.154665632335896, 0.14024319229343993], [0.24067147603229702, 0.318039062337116, 1.0, 0.3315649695629693, 0.26469749693239614, 0.21910522131719734, 0.21122850961216727, 0.1933370512584391, 0.175443960310492, 0.1625977771626184], [0.21473342284426994, 0.27677262888586796, 0.3315649695629693, 1.0, 0.33394163091577955, 0.2553172693967945, 0.23475780641475452, 0.22023782652108279, 0.1961848500491525, 0.1812196829082461], [0.1996755193983877, 0.2228706205032216, 0.26469749693239614, 0.33394163091577955, 1.0, 0.33415246316114455, 0.3061928334067444, 0.26345475853101397, 0.21833543257640178, 0.1985276262238215], [0.16296055611711363, 0.18428018351963396, 0.21910522131719734, 0.2553172693967945, 0.33415246316114455, 1.0, 0.39372405440869157, 0.35581504931598995, 0.2812269287764255, 0.24277304233238126], [0.16030321065296704, 0.18218434897030716, 0.21122850961216727, 0.23475780641475452, 0.3061928334067444, 0.39372405440869157, 1.0, 0.4049534778511706, 0.2949645160391809, 0.2485331406734173], [0.15657532129958304, 0.17622861223152295, 0.1933370512584391, 0.22023782652108279, 0.26345475853101397, 0.35581504931598995, 0.4049534778511706, 1.0, 0.3650539392700501, 0.28004888347308843], [0.1340122253488383, 0.154665632335896, 0.175443960310492, 0.1961848500491525, 0.21833543257640178, 0.2812269287764255, 0.2949645160391809, 0.3650539392700501, 1.0, 0.3631969080095512], [0.13098274830475615, 0.14024319229343993, 0.1625977771626184, 0.1812196829082461, 0.1985276262238215, 0.24277304233238126, 0.2485331406734173, 0.28004888347308843, 0.3631969080095512, 1.0]], "mean_cross_task_stability": 0.24300636321250613, "score": "ami"}, "1": {"layer": 1, "S_matrix": [[1.0, 0.1086645589005814, 0.03943889985983966, 0.025117484884693033, 0.016367562442111842, 0.015401457230295203, 0.012571018243809113, 0.010151825895930897, 0.006162378185640162, 0.005057212562783526], [0.1086645589005814, 1.0, 0.1042993595488144, 0.0635746469859383, 0.044414186411958385, 0.03384002644247968, 0.02907149650767211, 0.021821173943990753, 0.01559282403342762, 0.011971222087359741], [0.03943889985983966, 0.1042993595488144, 1.0, 0.15192109834052928, 0.09669472963898933, 0.0611577892495929, 0.04892814070690165, 0.03726112526733408, 0.028433776372482712, 0.02032418465482448], [0.025117484884693033, 0.0635746469859383, 0.15192109834052928, 1.0, 0.17875707032314928, 0.10341143561194105, 0.07253719448940936, 0.05256549154704905, 0.041497761642312975, 0.028627583806674888], [0.016367562442111842, 0.044414186411958385, 0.09669472963898933, 0.17875707032314928, 1.0, 0.142512063849776, 0.10067954966512617, 0.07064984124946952, 0.05371479631242662, 0.04003227569122949], [0.015401457230295203, 0.03384002644247968, 0.0611577892495929, 0.10341143561194105, 0.142512063849776, 1.0, 0.16096978524111952, 0.10750822774042976, 0.07301973236969776, 0.05276875948958988], [0.012571018243809113, 0.02907149650767211, 0.04892814070690165, 0.07253719448940936, 0.10067954966512617, 0.16096978524111952, 1.0, 0.18799071577964876, 0.11635707771485422, 0.07854509497132518], [0.010151825895930897, 0.021821173943990753, 0.03726112526733408, 0.05256549154704905, 0.07064984124946952, 0.10750822774042976, 0.18799071577964876, 1.0, 0.17158786752745353, 0.10558205761295247], [0.006162378185640162, 0.01559282403342762, 0.028433776372482712, 0.041497761642312975, 0.05371479631242662, 0.07301973236969776, 0.11635707771485422, 0.17158786752745353, 1.0, 0.155183996767524], [0.005057212562783526, 0.011971222087359741, 0.02032418465482448, 0.028627583806674888, 0.04003227569122949, 0.05276875948958988, 0.07854509497132518, 0.10558205761295247, 0.155183996767524, 1.0]], "mean_cross_task_stability": 0.06894970128446978, "score": "ami"}, "2": {"layer": 2, "S_matrix": [[1.0, 0.040905179967990014, 0.01972326585314561, 0.0038843599798051034, 0.0026162623083358038, 0.0026343385403474, 0.0020824626060145083, 0.004237374043986273, 0.003930092306583038, 0.004935217684562076], [0.040905179967990014, 1.0, 0.03167284486455851, 0.0029370609419914306, 0.0019526695463618607, 0.003886551453260146, 0.0014276697108702898, 0.003845508556770459, 0.0032285645261421387, 0.005188528544913164], [0.01972326585314561, 0.03167284486455851, 1.0, 0.04079470763094789, 0.007289005575320014, 0.008365616499501639, 0.00830359716590123, 0.008820069131863688, 0.004714530525720906, 0.010177445434608811], [0.0038843599798051034, 0.0029370609419914306, 0.04079470763094789, 1.0, 0.057884625042340807, 0.02029734055627371, 0.009096579678023188, 0.005316690198903876, 0.0026512781827749245, 0.003317449388899891], [0.0026162623083358038, 0.0019526695463618607, 0.007289005575320014, 0.057884625042340807, 1.0, 0.03199622735275443, 0.01072937594594118, 0.004135075805165993, 0.002708641569235765, 0.003364900321105991], [0.0026343385403474, 0.003886551453260146, 0.008365616499501639, 0.02029734055627371, 0.03199622735275443, 1.0, 0.04126449672402758, 0.007012445521752273, 0.006434641089442542, 0.012405798696175755], [0.0020824626060145083, 0.0014276697108702898, 0.00830359716590123, 0.009096579678023188, 0.01072937594594118, 0.04126449672402758, 1.0, 0.05720248683967903, 0.021345578801371296, 0.012222918603867844], [0.004237374043986273, 0.003845508556770459, 0.008820069131863688, 0.005316690198903876, 0.004135075805165993, 0.007012445521752273, 0.05720248683967903, 1.0, 0.0644492660226514, 0.012818344857695781], [0.003930092306583038, 0.0032285645261421387, 0.004714530525720906, 0.0026512781827749245, 0.002708641569235765, 0.006434641089442542, 0.021345578801371296, 0.0644492660226514, 1.0, 0.04560187888986734], [0.004935217684562076, 0.005188528544913164, 0.010177445434608811, 0.003317449388899891, 0.003364900321105991, 0.012405798696175755, 0.012222918603867844, 0.012818344857695781, 0.04560187888986734, 1.0]], "mean_cross_task_stability": 0.014662421410832278, "score": "ami"}}}}