{"rung": "R6", "scenario": "class", "nexp": 20, "epochs": 50, "seed": 2, "metrics": {"Top1_Acc_Exp/eval_phase/test_stream/Task000/Exp000": 0.0, "Top1_Acc_Exp/eval_phase/test_stream/Task000/Exp001": 0.0, "Top1_Acc_Exp/eval_phase/test_stream/Task000/Exp002": 0.0, "Top1_Acc_Exp/eval_phase/test_stream/Task000/Exp003": 0.0, "Top1_Acc_Exp/eval_phase/test_stream/Task000/Exp004": 0.0, "Top1_Acc_Exp/eval_phase/test_stream/Task000/Exp005": 0.0, "Top1_Acc_Exp/eval_phase/test_stream/Task000/Exp006": 0.0, "Top1_Acc_Exp/eval_phase/test_stream/Task000/Exp007": 0.0, "Top1_Acc_Exp/eval_phase/test_stream/Task000/Exp008": 0.0, "Top1_Acc_Exp/eval_phase/test_stream/Task000/Exp009": 0.0, "Top1_Acc_Exp/eval_phase/test_stream/Task000/Exp010": 0.0, "Top1_Acc_Exp/eval_phase/test_stream/Task000/Exp011": 0.0, "Top1_Acc_Exp/eval_phase/test_stream/Task000/Exp012": 0.0, "Top1_Acc_Exp/eval_phase/test_stream/Task000/Exp013": 0.0, "Top1_Acc_Exp/eval_phase/test_stream/Task000/Exp014": 0.0, "Top1_Acc_Exp/eval_phase/test_stream/Task000/Exp015": 0.0, "Top1_Acc_Exp/eval_phase/test_stream/Task000/Exp016": 0.0, "Top1_Acc_Exp/eval_phase/test_stream/Task000/Exp017": 0.0, "Top1_Acc_Exp/eval_phase/test_stream/Task000/Exp018": 0.0, "Top1_Acc_Exp/eval_phase/test_stream/Task000/Exp019": 0.796, "Top1_Acc_Stream/eval_phase/test_stream/Task000": 0.0398, "StreamForgetting/eval_phase/test_stream": 0.8389473684210526, "StreamBWT/eval_phase/test_stream": -0.8389473684210526, "ExperienceForgetting/eval_phase/test_stream/Task000/Exp000": 0.856, "ExperienceBWT/eval_phase/test_stream/Task000/Exp000": -0.856, "ExperienceForgetting/eval_phase/test_stream/Task000/Exp001": 0.892, "ExperienceBWT/eval_phase/test_stream/Task000/Exp001": -0.892, "ExperienceForgetting/eval_phase/test_stream/Task000/Exp002": 0.87, "ExperienceBWT/eval_phase/test_stream/Task000/Exp002": -0.87, "ExperienceForgetting/eval_phase/test_stream/Task000/Exp003": 0.766, "ExperienceBWT/eval_phase/test_stream/Task000/Exp003": -0.766, "ExperienceForgetting/eval_phase/test_stream/Task000/Exp004": 0.86, "ExperienceBWT/eval_phase/test_stream/Task000/Exp004": -0.86, "ExperienceForgetting/eval_phase/test_stream/Task000/Exp005": 0.864, "ExperienceBWT/eval_phase/test_stream/Task000/Exp005": -0.864, "ExperienceForgetting/eval_phase/test_stream/Task000/Exp006": 0.914, "ExperienceBWT/eval_phase/test_stream/Task000/Exp006": -0.914, "ExperienceForgetting/eval_phase/test_stream/Task000/Exp007": 0.852, "ExperienceBWT/eval_phase/test_stream/Task000/Exp007": -0.852, "ExperienceForgetting/eval_phase/test_stream/Task000/Exp008": 0.924, "ExperienceBWT/eval_phase/test_stream/Task000/Exp008": -0.924, "ExperienceForgetting/eval_phase/test_stream/Task000/Exp009": 0.826, "ExperienceBWT/eval_phase/test_stream/Task000/Exp009": -0.826, "ExperienceForgetting/eval_phase/test_stream/Task000/Exp010": 0.86, "ExperienceBWT/eval_phase/test_stream/Task000/Exp010": -0.86, "ExperienceForgetting/eval_phase/test_stream/Task000/Exp011": 0.898, "ExperienceBWT/eval_phase/test_stream/Task000/Exp011": -0.898, "ExperienceForgetting/eval_phase/test_stream/Task000/Exp012": 0.708, "ExperienceBWT/eval_phase/test_stream/Task000/Exp012": -0.708, "ExperienceForgetting/eval_phase/test_stream/Task000/Exp013": 0.818, "ExperienceBWT/eval_phase/test_stream/Task000/Exp013": -0.818, "ExperienceForgetting/eval_phase/test_stream/Task000/Exp014": 0.83, "ExperienceBWT/eval_phase/test_stream/Task000/Exp014": -0.83, "ExperienceForgetting/eval_phase/test_stream/Task000/Exp015": 0.804, "ExperienceBWT/eval_phase/test_stream/Task000/Exp015": -0.804, "ExperienceForgetting/eval_phase/test_stream/Task000/Exp016": 0.634, "ExperienceBWT/eval_phase/test_stream/Task000/Exp016": -0.634, "ExperienceForgetting/eval_phase/test_stream/Task000/Exp017": 0.86, "ExperienceBWT/eval_phase/test_stream/Task000/Exp017": -0.86, "ExperienceForgetting/eval_phase/test_stream/Task000/Exp018": 0.904, "ExperienceBWT/eval_phase/test_stream/Task000/Exp018": -0.904}, "learning_acc": [0.856, 0.892, 0.87, 0.766, 0.86, 0.864, 0.914, 0.852, 0.924, 0.826, 0.86, 0.898, 0.708, 0.818, 0.83, 0.804, 0.634, 0.86, 0.904, 0.796], "acc_matrix": [[0.856, 0.0, 0.0, 0.0, 0.0, 0.0, 0.0, 0.0, 0.0, 0.0, 0.0, 0.0, 0.0, 0.0, 0.0, 0.0, 0.0, 0.0, 0.0, 0.0], [0.0, 0.892, 0.0, 0.0, 0.0, 0.0, 0.0, 0.0, 0.0, 0.0, 0.0, 0.0, 0.0, 0.0, 0.0, 0.0, 0.0, 0.0, 0.0, 0.0], [0.0, 0.0, 0.87, 0.0, 0.0, 0.0, 0.0, 0.0, 0.0, 0.0, 0.0, 0.0, 0.0, 0.0, 0.0, 0.0, 0.0, 0.0, 0.0, 0.0], [0.0, 0.0, 0.0, 0.766, 0.0, 0.0, 0.0, 0.0, 0.0, 0.0, 0.0, 0.0, 0.0, 0.0, 0.0, 0.0, 0.0, 0.0, 0.0, 0.0], [0.0, 0.0, 0.0, 0.0, 0.86, 0.0, 0.0, 0.0, 0.0, 0.0, 0.0, 0.0, 0.0, 0.0, 0.0, 0.0, 0.0, 0.0, 0.0, 0.0], [0.0, 0.0, 0.0, 0.0, 0.0, 0.864, 0.0, 0.0, 0.0, 0.0, 0.0, 0.0, 0.0, 0.0, 0.0, 0.0, 0.0, 0.0, 0.0, 0.0], [0.0, 0.0, 0.0, 0.0, 0.0, 0.0, 0.914, 0.0, 0.0, 0.0, 0.0, 0.0, 0.0, 0.0, 0.0, 0.0, 0.0, 0.0, 0.0, 0.0], [0.0, 0.0, 0.0, 0.0, 0.0, 0.0, 0.0, 0.852, 0.0, 0.0, 0.0, 0.0, 0.0, 0.0, 0.0, 0.0, 0.0, 0.0, 0.0, 0.0], [0.0, 0.0, 0.0, 0.0, 0.0, 0.0, 0.0, 0.0, 0.924, 0.0, 0.0, 0.0, 0.0, 0.0, 0.0, 0.0, 0.0, 0.0, 0.0, 0.0], [0.0, 0.0, 0.0, 0.0, 0.0, 0.0, 0.0, 0.0, 0.0, 0.826, 0.0, 0.0, 0.0, 0.0, 0.0, 0.0, 0.0, 0.0, 0.0, 0.0], [0.0, 0.0, 0.0, 0.0, 0.0, 0.0, 0.0, 0.0, 0.0, 0.0, 0.86, 0.0, 0.0, 0.0, 0.0, 0.0, 0.0, 0.0, 0.0, 0.0], [0.0, 0.0, 0.0, 0.0, 0.0, 0.0, 0.0, 0.0, 0.0, 0.0, 0.0, 0.898, 0.0, 0.0, 0.0, 0.0, 0.0, 0.0, 0.0, 0.0], [0.0, 0.0, 0.0, 0.0, 0.0, 0.0, 0.0, 0.0, 0.0, 0.0, 0.0, 0.0, 0.708, 0.0, 0.0, 0.0, 0.0, 0.0, 0.0, 0.0], [0.0, 0.0, 0.0, 0.0, 0.0, 0.0, 0.0, 0.0, 0.0, 0.0, 0.0, 0.0, 0.0, 0.818, 0.0, 0.0, 0.0, 0.0, 0.0, 0.0], [0.0, 0.0, 0.0, 0.0, 0.0, 0.0, 0.0, 0.0, 0.0, 0.0, 0.0, 0.0, 0.0, 0.0, 0.83, 0.0, 0.0, 0.0, 0.0, 0.0], [0.0, 0.0, 0.0, 0.0, 0.0, 0.0, 0.0, 0.0, 0.0, 0.0, 0.0, 0.0, 0.0, 0.0, 0.0, 0.804, 0.0, 0.0, 0.0, 0.0], [0.0, 0.0, 0.0, 0.0, 0.0, 0.0, 0.0, 0.0, 0.0, 0.0, 0.0, 0.0, 0.0, 0.0, 0.0, 0.0, 0.634, 0.0, 0.0, 0.0], [0.0, 0.0, 0.0, 0.0, 0.0, 0.0, 0.0, 0.0, 0.0, 0.0, 0.0, 0.0, 0.0, 0.0, 0.0, 0.0, 0.0, 0.86, 0.0, 0.0], [0.0, 0.0, 0.0, 0.0, 0.0, 0.0, 0.0, 0.0, 0.0, 0.0, 0.0, 0.0, 0.0, 0.0, 0.0, 0.0, 0.0, 0.0, 0.904, 0.0], [0.0, 0.0, 0.0, 0.0, 0.0, 0.0, 0.0, 0.0, 0.0, 0.0, 0.0, 0.0, 0.0, 0.0, 0.0, 0.0, 0.0, 0.0, 0.0, 0.796]], "avg_forgetting": 83.89473684210526, "bwt": -83.89473684210526, "selfcheck_ok": true, "h3": {"overlap_summary": {"matrices": {"0": [[1.0, 0.753879915064827, 0.7527795238905467, 0.7414809162741197, 0.7074014252319061, 0.7064279075275047, 0.5894843617075214, 0.6121316004463753, 0.586950427577343, 0.5381557298852441, 0.5625260551046092, 0.534101039856909, 0.5719740312426531, 0.531866921142728, 0.5475577284191667, 0.5645766807819892, 0.5444116843048017, 0.5521793050277611, 0.5577531685543968, 0.567555304920334], [0.753879915064827, 1.0, 0.793752067088794, 0.7929661025588588, 0.8057816727085005, 0.7548054119941757, 0.7128684775089388, 0.7518636013128799, 0.706877676612082, 0.7031459547877923, 0.7208779467995409, 0.7025104838794485, 0.721413751753336, 0.6670338275969518, 0.6885996814856402, 0.681097720076716, 0.6773454542029879, 0.7030856814985926, 0.69545714422014, 0.7051825017311024], [0.7527795238905467, 0.793752067088794, 1.0, 0.8669449070461269, 0.7879722588352837, 0.7956446953917956, 0.7185778019890525, 0.7043445060702513, 0.6968784384032362, 0.6680207764807796, 0.6594818830965188, 0.6361331226464029, 0.624387682055205, 0.620619199467593, 0.6176727491474805, 0.6440873802621153, 0.6394856200011878, 0.6390541990870618, 0.6369818348228562, 0.6658882976171961], [0.7414809162741197, 0.7929661025588588, 0.8669449070461269, 1.0, 0.8672417805201196, 0.8360740776104063, 0.7280951708848219, 0.7548134446041763, 0.7215915157966283, 0.7006113533896902, 0.7091715290817988, 0.6743847408217831, 0.6880426889538556, 0.6608995961038886, 0.6650865549473838, 0.6717342074261957, 0.6984862127996727, 0.6841078067865086, 0.6675352137487444, 0.6920270066202014], [0.7074014252319061, 0.8057816727085005, 0.7879722588352837, 0.8672417805201196, 1.0, 0.8650646954907234, 0.8124517241269293, 0.8132367679277153, 0.7815409660470575, 0.7380989612987082, 0.7502674352665515, 0.7197448558128792, 0.7360227342607464, 0.7160283152752924, 0.7570726467896617, 0.7280936341354036, 0.754350088945938, 0.7580816772661524, 0.7251320257989389, 0.738692855487286], [0.7064279075275047, 0.7548054119941757, 0.7956446953917956, 0.8360740776104063, 0.8650646954907234, 1.0, 0.7909007219955181, 0.7809203244845838, 0.8009604025149545, 0.7372094627935655, 0.7607002596191322, 0.7001939044514729, 0.6944503723654856, 0.7026333036322299, 0.7249863806872279, 0.7226158040292922, 0.757563953938273, 0.7486120783285184, 0.7328370103995768, 0.7384194434107016], [0.5894843617075214, 0.7128684775089388, 0.7185778019890525, 0.7280951708848219, 0.8124517241269293, 0.7909007219955181, 1.0, 0.8439865105059968, 0.8229822992156651, 0.8120189272174082, 0.7722858589177574, 0.7952943789481334, 0.7406014911090435, 0.7350357079765575, 0.7386705127429863, 0.702811330211074, 0.7223663863647722, 0.7503130992776171, 0.7208854582722376, 0.7427775784782457], [0.6121316004463753, 0.7518636013128799, 0.7043445060702513, 0.7548134446041763, 0.8132367679277153, 0.7809203244845838, 0.8439865105059968, 1.0, 0.8092113507061934, 0.7945205262337863, 0.7738311991255773, 0.7809088604056947, 0.7938346171130817, 0.7298937761586515, 0.7418419002696423, 0.7003495266707126, 0.7368799500050808, 0.7761677651480335, 0.7182163347979427, 0.7499503918490723], [0.586950427577343, 0.706877676612082, 0.6968784384032362, 0.7215915157966283, 0.7815409660470575, 0.8009604025149545, 0.8229822992156651, 0.8092113507061934, 1.0, 0.8242219316412305, 0.8204349425454863, 0.7880341299716975, 0.7403162293815744, 0.7887225264032532, 0.775684821428608, 0.7628747517112365, 0.7516606774422091, 0.76091495251873, 0.7929588838095059, 0.7797571394131827], [0.5381557298852441, 0.7031459547877923, 0.6680207764807796, 0.7006113533896902, 0.7380989612987082, 0.7372094627935655, 0.8120189272174082, 0.7945205262337863, 0.8242219316412305, 1.0, 0.8631852811049439, 0.8328106094143377, 0.7770327757687467, 0.7548649366373329, 0.7331671310204473, 0.7085232970808245, 0.7546432587640209, 0.7531436740092159, 0.7400479891970826, 0.7482623004216961], [0.5625260551046092, 0.7208779467995409, 0.6594818830965188, 0.7091715290817988, 0.7502674352665515, 0.7607002596191322, 0.7722858589177574, 0.7738311991255773, 0.8204349425454863, 0.8631852811049439, 1.0, 0.8441241248921625, 0.805307232545778, 0.7902089181988581, 0.7860101352064695, 0.7496084466155896, 0.804714883125376, 0.7789136408210563, 0.774151527025882, 0.7612478421306341], [0.534101039856909, 0.7025104838794485, 0.6361331226464029, 0.6743847408217831, 0.7197448558128792, 0.7001939044514729, 0.7952943789481334, 0.7809088604056947, 0.7880341299716975, 0.8328106094143377, 0.8441241248921625, 1.0, 0.8276659301213833, 0.7777008448038992, 0.7521068840248626, 0.6987020600204767, 0.7268487145828897, 0.7662304291548752, 0.7861039135772019, 0.769851641101444], [0.5719740312426531, 0.721413751753336, 0.624387682055205, 0.6880426889538556, 0.7360227342607464, 0.6944503723654856, 0.7406014911090435, 0.7938346171130817, 0.7403162293815744, 0.7770327757687467, 0.805307232545778, 0.8276659301213833, 1.0, 0.8119615157599354, 0.7811347162699466, 0.7237555917690888, 0.7302971087581442, 0.7322375727898606, 0.748890613664699, 0.736280232344934], [0.531866921142728, 0.6670338275969518, 0.620619199467593, 0.6608995961038886, 0.7160283152752924, 0.7026333036322299, 0.7350357079765575, 0.7298937761586515, 0.7887225264032532, 0.7548649366373329, 0.7902089181988581, 0.7777008448038992, 0.8119615157599354, 1.0, 0.8560587037268282, 0.787760619194729, 0.784421506772389, 0.7864962153504301, 0.7939969413338503, 0.7626438377451654], [0.5475577284191667, 0.6885996814856402, 0.6176727491474805, 0.6650865549473838, 0.7570726467896617, 0.7249863806872279, 0.7386705127429863, 0.7418419002696423, 0.775684821428608, 0.7331671310204473, 0.7860101352064695, 0.7521068840248626, 0.7811347162699466, 0.8560587037268282, 1.0, 0.8799635788105231, 0.8431226908346193, 0.8368660238140532, 0.8281339570142009, 0.7948061941351549], [0.5645766807819892, 0.681097720076716, 0.6440873802621153, 0.6717342074261957, 0.7280936341354036, 0.7226158040292922, 0.702811330211074, 0.7003495266707126, 0.7628747517112365, 0.7085232970808245, 0.7496084466155896, 0.6987020600204767, 0.7237555917690888, 0.787760619194729, 0.8799635788105231, 1.0, 0.8437434626284022, 0.7976879061368243, 0.8299742428900612, 0.7975734192712881], [0.5444116843048017, 0.6773454542029879, 0.6394856200011878, 0.6984862127996727, 0.754350088945938, 0.757563953938273, 0.7223663863647722, 0.7368799500050808, 0.7516606774422091, 0.7546432587640209, 0.804714883125376, 0.7268487145828897, 0.7302971087581442, 0.784421506772389, 0.8431226908346193, 0.8437434626284022, 1.0, 0.8672181234186329, 0.8227237839852287, 0.7866849705775795], [0.5521793050277611, 0.7030856814985926, 0.6390541990870618, 0.6841078067865086, 0.7580816772661524, 0.7486120783285184, 0.7503130992776171, 0.7761677651480335, 0.76091495251873, 0.7531436740092159, 0.7789136408210563, 0.7662304291548752, 0.7322375727898606, 0.7864962153504301, 0.8368660238140532, 0.7976879061368243, 0.8672181234186329, 1.0, 0.8460261720237154, 0.8124296725137126], [0.5577531685543968, 0.69545714422014, 0.6369818348228562, 0.6675352137487444, 0.7251320257989389, 0.7328370103995768, 0.7208854582722376, 0.7182163347979427, 0.7929588838095059, 0.7400479891970826, 0.774151527025882, 0.7861039135772019, 0.748890613664699, 0.7939969413338503, 0.8281339570142009, 0.8299742428900612, 0.8227237839852287, 0.8460261720237154, 1.0, 0.8496621009686998], [0.567555304920334, 0.7051825017311024, 0.6658882976171961, 0.6920270066202014, 0.738692855487286, 0.7384194434107016, 0.7427775784782457, 0.7499503918490723, 0.7797571394131827, 0.7482623004216961, 0.7612478421306341, 0.769851641101444, 0.736280232344934, 0.7626438377451654, 0.7948061941351549, 0.7975734192712881, 0.7866849705775795, 0.8124296725137126, 0.8496621009686998, 1.0]], "1": [[1.0, 0.16464097580842985, 0.09967066374054502, 0.12611305402407716, 0.08206300249707471, 0.10384576787314367, 0.0923391786516612, 0.18825077950678784, 0.11345633059232055, 0.08136302429993261, 0.11330230762155863, 0.11797893153074306, 0.0956453808398892, 0.11033954469920812, 0.11759229258925724, 0.1164526344826331, 0.09043349285920367, 0.11243589814787304, 0.10113901328113417, 0.1298553757713574], [0.16464097580842985, 1.0, 0.109592929139399, 0.12008934129514595, 0.1332944179677515, 0.09999226860532666, 0.07930229381813751, 0.16747622724341374, 0.08253104249798572, 0.10768282389182632, 0.12714355099330235, 0.13653940942734286, 0.09422507150099355, 0.11127226164263213, 0.11970179470578651, 0.11590674214196857, 0.09469598846309714, 0.108533586320443, 0.11496026878731842, 0.11137712920687634], [0.09967066374054502, 0.109592929139399, 1.0, 0.08261203888183578, 0.07607678994612353, 0.12618776783184685, 0.07983495448298235, 0.090442612856379, 0.05079993866872849, 0.1098991513988708, 0.09470460527419547, 0.09874680572680461, 0.09513270812494266, 0.08620137179450198, 0.08721156367432, 0.1250319278578826, 0.09410535849945258, 0.12582574539815242, 0.11128761236798888, 0.12262023909607665], [0.12611305402407716, 0.12008934129514595, 0.08261203888183578, 1.0, 0.053700601464343474, 0.1101111768758013, 0.058795877106131995, 0.19472124739068106, 0.08004993081232385, 0.07557229476293378, 0.10311224175779497, 0.09881994738932635, 0.06750941177227007, 0.06287942302280981, 0.08375393956762171, 0.07445408977492424, 0.07544514243718844, 0.09216490541757824, 0.07002393855015632, 0.10334826574178667], [0.08206300249707471, 0.1332944179677515, 0.07607678994612353, 0.053700601464343474, 1.0, 0.07694405563762396, 0.1019925699461866, 0.07037471060224401, 0.08296146773981261, 0.10108859115956831, 0.07531071079846326, 0.1222812425477384, 0.06313047978200115, 0.06897570984308089, 0.08358281894224806, 0.11112979776122203, 0.04731824701361655, 0.0688647204388029, 0.051926727997261724, 0.0739768622638188], [0.10384576787314367, 0.09999226860532666, 0.12618776783184685, 0.1101111768758013, 0.07694405563762396, 1.0, 0.15020336151876731, 0.08429865680580619, 0.06574445943860716, 0.08743522461953258, 0.09374445058133785, 0.08155715449812005, 0.07905085655857623, 0.09894370028754226, 0.10851406165667493, 0.12363300940024705, 0.08543562279442127, 0.1982362151817266, 0.10110784130046958, 0.07852653115577529], [0.0923391786516612, 0.07930229381813751, 0.07983495448298235, 0.058795877106131995, 0.1019925699461866, 0.15020336151876731, 1.0, 0.08176534433351935, 0.07869996408598888, 0.12040193166593584, 0.10536017763547478, 0.10034396197451137, 0.06220651164582132, 0.06763111450728347, 0.09673813574328453, 0.1264007662742017, 0.06503542116875874, 0.1169097057320992, 0.07406444112104137, 0.09087038976509405], [0.18825077950678784, 0.16747622724341374, 0.090442612856379, 0.19472124739068106, 0.07037471060224401, 0.08429865680580619, 0.08176534433351935, 1.0, 0.07759621230114944, 0.11237286713155582, 0.18894554426463736, 0.16843427429446203, 0.0941781999531956, 0.081696298703695, 0.08784032642519442, 0.09896261979389165, 0.12219183238450859, 0.12725414623084833, 0.10106018790655698, 0.19406520618148815], [0.11345633059232055, 0.08253104249798572, 0.05079993866872849, 0.08004993081232385, 0.08296146773981261, 0.06574445943860716, 0.07869996408598888, 0.07759621230114944, 1.0, 0.07751952717050663, 0.07601663415216915, 0.07333799146594913, 0.058725351425230186, 0.06551640866044481, 0.09612968859775836, 0.08841146251595058, 0.07196137112328693, 0.06404280215208276, 0.06101613914790669, 0.06088329358037116], [0.08136302429993261, 0.10768282389182632, 0.1098991513988708, 0.07557229476293378, 0.10108859115956831, 0.08743522461953258, 0.12040193166593584, 0.11237286713155582, 0.07751952717050663, 1.0, 0.16782106402354446, 0.11778740702059366, 0.08796236997521659, 0.09695795581092563, 0.12442556506404193, 0.11785410576893837, 0.1279838237638341, 0.0840679601904345, 0.06913927218771108, 0.10092554025883305], [0.11330230762155863, 0.12714355099330235, 0.09470460527419547, 0.10311224175779497, 0.07531071079846326, 0.09374445058133785, 0.10536017763547478, 0.18894554426463736, 0.07601663415216915, 0.16782106402354446, 1.0, 0.15992048009783036, 0.08669722319518522, 0.07825391366818876, 0.12647080955753076, 0.10918705440319298, 0.09229997669418433, 0.1063615946631975, 0.07799157937977784, 0.11497093470539274], [0.11797893153074306, 0.13653940942734286, 0.09874680572680461, 0.09881994738932635, 0.1222812425477384, 0.08155715449812005, 0.10034396197451137, 0.16843427429446203, 0.07333799146594913, 0.11778740702059366, 0.15992048009783036, 1.0, 0.13063245765036488, 0.08513624914068343, 0.11505501756942275, 0.10462542577577615, 0.13653095157377682, 0.10134960727998175, 0.1016995980579571, 0.10821959563533083], [0.0956453808398892, 0.09422507150099355, 0.09513270812494266, 0.06750941177227007, 0.06313047978200115, 0.07905085655857623, 0.06220651164582132, 0.0941781999531956, 0.058725351425230186, 0.08796236997521659, 0.08669722319518522, 0.13063245765036488, 1.0, 0.07826321936251157, 0.08901513229565697, 0.08726634357239924, 0.08194794479507947, 0.11093779855153846, 0.054475555028693286, 0.07830769194404627], [0.11033954469920812, 0.11127226164263213, 0.08620137179450198, 0.06287942302280981, 0.06897570984308089, 0.09894370028754226, 0.06763111450728347, 0.081696298703695, 0.06551640866044481, 0.09695795581092563, 0.07825391366818876, 0.08513624914068343, 0.07826321936251157, 1.0, 0.10417273380279918, 0.07903818813933401, 0.11517415635332232, 0.17711376755109864, 0.09289037847913069, 0.09264936523847975], [0.11759229258925724, 0.11970179470578651, 0.08721156367432, 0.08375393956762171, 0.08358281894224806, 0.10851406165667493, 0.09673813574328453, 0.08784032642519442, 0.09612968859775836, 0.12442556506404193, 0.12647080955753076, 0.11505501756942275, 0.08901513229565697, 0.10417273380279918, 1.0, 0.1381480261983773, 0.11592100138250624, 0.1618448845419385, 0.11078598999212654, 0.11136964616435437], [0.1164526344826331, 0.11590674214196857, 0.1250319278578826, 0.07445408977492424, 0.11112979776122203, 0.12363300940024705, 0.1264007662742017, 0.09896261979389165, 0.08841146251595058, 0.11785410576893837, 0.10918705440319298, 0.10462542577577615, 0.08726634357239924, 0.07903818813933401, 0.1381480261983773, 1.0, 0.11730288315279848, 0.12318172585258999, 0.08517813731635343, 0.10650650009053698], [0.09043349285920367, 0.09469598846309714, 0.09410535849945258, 0.07544514243718844, 0.04731824701361655, 0.08543562279442127, 0.06503542116875874, 0.12219183238450859, 0.07196137112328693, 0.1279838237638341, 0.09229997669418433, 0.13653095157377682, 0.08194794479507947, 0.11517415635332232, 0.11592100138250624, 0.11730288315279848, 1.0, 0.18003151527601133, 0.137366126578104, 0.10071625003102422], [0.11243589814787304, 0.108533586320443, 0.12582574539815242, 0.09216490541757824, 0.0688647204388029, 0.1982362151817266, 0.1169097057320992, 0.12725414623084833, 0.06404280215208276, 0.0840679601904345, 0.1063615946631975, 0.10134960727998175, 0.11093779855153846, 0.17711376755109864, 0.1618448845419385, 0.12318172585258999, 0.18003151527601133, 1.0, 0.2768890516585242, 0.10360317789667667], [0.10113901328113417, 0.11496026878731842, 0.11128761236798888, 0.07002393855015632, 0.051926727997261724, 0.10110784130046958, 0.07406444112104137, 0.10106018790655698, 0.06101613914790669, 0.06913927218771108, 0.07799157937977784, 0.1016995980579571, 0.054475555028693286, 0.09289037847913069, 0.11078598999212654, 0.08517813731635343, 0.137366126578104, 0.2768890516585242, 1.0, 0.137119937375115], [0.1298553757713574, 0.11137712920687634, 0.12262023909607665, 0.10334826574178667, 0.0739768622638188, 0.07852653115577529, 0.09087038976509405, 0.19406520618148815, 0.06088329358037116, 0.10092554025883305, 0.11497093470539274, 0.10821959563533083, 0.07830769194404627, 0.09264936523847975, 0.11136964616435437, 0.10650650009053698, 0.10071625003102422, 0.10360317789667667, 0.137119937375115, 1.0]], "2": [[1.0, 0.2492471610000713, 0.20438126492478886, 0.18617493748697928, 0.2299048238895502, 0.2025959223358782, 0.17400545484461313, 0.21755341872152217, 0.15310893541216683, 0.09621133680608236, 0.14505229914282647, 0.12320366635963266, 0.22018516357729503, 0.2243554674319571, 0.13791104848919586, 0.15638754097694071, 0.08501321392809984, 0.19070667819439366, 0.19767147023464668, 0.20055370996244226], [0.2492471610000713, 1.0, 0.22873873945164694, 0.14801773727838702, 0.29217059908222043, 0.1488230616931797, 0.18958746367992613, 0.2619826492879707, 0.22583398873858454, 0.14950832385002563, 0.227452892818975, 0.23636408150354069, 0.19327598628980633, 0.15043786107791046, 0.1893341767568482, 0.16227421437025394, 0.1558225901942591, 0.24325631768890624, 0.1700632320609226, 0.1785122324611507], [0.20438126492478886, 0.22873873945164694, 1.0, 0.10853676543737276, 0.17774505896749968, 0.1281206660711379, 0.20249442330182257, 0.12603150674845426, 0.1902428518216808, 0.11352781802912632, 0.16070887959477753, 0.18884034840135697, 0.18563670517304068, 0.13606606855953984, 0.11058459510027308, 0.13335544098066549, 0.06613646253263877, 0.13877205409936433, 0.16740958128450495, 0.1651503404105863], [0.18617493748697928, 0.14801773727838702, 0.10853676543737276, 1.0, 0.22438048303239191, 0.2152447119803517, 0.08885559601672367, 0.15921424630010206, 0.18001874392881725, 0.08742906087694798, 0.09703849208139427, 0.11218655765001735, 0.10760944528982654, 0.14480279455593778, 0.09220612302314003, 0.0967415418750155, 0.102667155091905, 0.11684724274331515, 0.11342584767550677, 0.14513119359260404], [0.2299048238895502, 0.29217059908222043, 0.17774505896749968, 0.22438048303239191, 1.0, 0.18515621572149749, 0.23211669468670645, 0.2680241345407284, 0.2366907111585203, 0.1506637147694033, 0.22161251392745684, 0.20662559640010106, 0.25874060232290147, 0.2102765793198901, 0.22594346262328205, 0.1440108199291945, 0.11941035542056073, 0.21622229473886712, 0.16673395526407553, 0.15017708931608137], [0.2025959223358782, 0.1488230616931797, 0.1281206660711379, 0.2152447119803517, 0.18515621572149749, 1.0, 0.09814092704688762, 0.11837884536124015, 0.1823163856610687, 0.0766911991780364, 0.15943289205428193, 0.14819090938481974, 0.12340588033115765, 0.18741212023868503, 0.07924666616107333, 0.10007198594372285, 0.07279048827536903, 0.10982026144186742, 0.22004419829331986, 0.11058679955125938], [0.17400545484461313, 0.18958746367992613, 0.20249442330182257, 0.08885559601672367, 0.23211669468670645, 0.09814092704688762, 1.0, 0.22674741376120128, 0.1849951884840848, 0.2030262506139594, 0.21295040066678403, 0.1905007894277716, 0.21799557589757224, 0.20645089645446085, 0.1953752593066951, 0.16862518349042885, 0.1400040849196025, 0.26719281616790014, 0.17053967526095976, 0.14152572488707924], [0.21755341872152217, 0.2619826492879707, 0.12603150674845426, 0.15921424630010206, 0.2680241345407284, 0.11837884536124015, 0.22674741376120128, 1.0, 0.13159285063660026, 0.1760696496863092, 0.11677823389176924, 0.13460335760512093, 0.2193657678426429, 0.24521679824772308, 0.16316185000805808, 0.10166550448560091, 0.17263191024216995, 0.3115456869266876, 0.10255446504420056, 0.2492422949152878], [0.15310893541216683, 0.22583398873858454, 0.1902428518216808, 0.18001874392881725, 0.2366907111585203, 0.1823163856610687, 0.1849951884840848, 0.13159285063660026, 1.0, 0.18974584499790098, 0.3013624736707367, 0.2761245308115972, 0.1032516281104374, 0.19537202519214028, 0.1397938124913201, 0.16709982503890994, 0.1289997464117836, 0.16721468670759612, 0.29022236650653976, 0.15367864761700709], [0.09621133680608236, 0.14950832385002563, 0.11352781802912632, 0.08742906087694798, 0.1506637147694033, 0.0766911991780364, 0.2030262506139594, 0.1760696496863092, 0.18974584499790098, 1.0, 0.21658981840997077, 0.19421708340767432, 0.1731264615925537, 0.20954421410331173, 0.14039939881646393, 0.19919711822618777, 0.1651355642129051, 0.17488634513723605, 0.14144100121552863, 0.10107445386664064], [0.14505229914282647, 0.227452892818975, 0.16070887959477753, 0.09703849208139427, 0.22161251392745684, 0.15943289205428193, 0.21295040066678403, 0.11677823389176924, 0.3013624736707367, 0.21658981840997077, 1.0, 0.25346672238038936, 0.14453308777644794, 0.14320016970688698, 0.12050612059251864, 0.1935449004597297, 0.06906267097717403, 0.14650968299997869, 0.18644333743238664, 0.17256055968608766], [0.12320366635963266, 0.23636408150354069, 0.18884034840135697, 0.11218655765001735, 0.20662559640010106, 0.14819090938481974, 0.1905007894277716, 0.13460335760512093, 0.2761245308115972, 0.19421708340767432, 0.25346672238038936, 1.0, 0.1443685988339213, 0.1488564567724043, 0.11285134888113972, 0.13102796658452912, 0.1465144759735721, 0.17761207402877602, 0.25063224626262043, 0.14331871117405462], [0.22018516357729503, 0.19327598628980633, 0.18563670517304068, 0.10760944528982654, 0.25874060232290147, 0.12340588033115765, 0.21799557589757224, 0.2193657678426429, 0.1032516281104374, 0.1731264615925537, 0.14453308777644794, 0.1443685988339213, 1.0, 0.3327604320933999, 0.1914984469936547, 0.11162207968746297, 0.1558746747306118, 0.2164181251209939, 0.13488869105672702, 0.1275383933734762], [0.2243554674319571, 0.15043786107791046, 0.13606606855953984, 0.14480279455593778, 0.2102765793198901, 0.18741212023868503, 0.20645089645446085, 0.24521679824772308, 0.19537202519214028, 0.20954421410331173, 0.14320016970688698, 0.1488564567724043, 0.3327604320933999, 1.0, 0.1921393290646612, 0.1940259921513528, 0.18223537100276924, 0.2901177704986708, 0.2302077259900655, 0.1771721909361701], [0.13791104848919586, 0.1893341767568482, 0.11058459510027308, 0.09220612302314003, 0.22594346262328205, 0.07924666616107333, 0.1953752593066951, 0.16316185000805808, 0.1397938124913201, 0.14039939881646393, 0.12050612059251864, 0.11285134888113972, 0.1914984469936547, 0.1921393290646612, 1.0, 0.13687883754657054, 0.1400344177517138, 0.21655055471083917, 0.16051756557082536, 0.1350549758027487], [0.15638754097694071, 0.16227421437025394, 0.13335544098066549, 0.0967415418750155, 0.1440108199291945, 0.10007198594372285, 0.16862518349042885, 0.10166550448560091, 0.16709982503890994, 0.19919711822618777, 0.1935449004597297, 0.13102796658452912, 0.11162207968746297, 0.1940259921513528, 0.13687883754657054, 1.0, 0.12471189906787664, 0.12604760562094883, 0.22653523874044942, 0.17495005101818661], [0.08501321392809984, 0.1558225901942591, 0.06613646253263877, 0.102667155091905, 0.11941035542056073, 0.07279048827536903, 0.1400040849196025, 0.17263191024216995, 0.1289997464117836, 0.1651355642129051, 0.06906267097717403, 0.1465144759735721, 0.1558746747306118, 0.18223537100276924, 0.1400344177517138, 0.12471189906787664, 1.0, 0.1809878249890493, 0.13499810000144685, 0.09956108785177442], [0.19070667819439366, 0.24325631768890624, 0.13877205409936433, 0.11684724274331515, 0.21622229473886712, 0.10982026144186742, 0.26719281616790014, 0.3115456869266876, 0.16721468670759612, 0.17488634513723605, 0.14650968299997869, 0.17761207402877602, 0.2164181251209939, 0.2901177704986708, 0.21655055471083917, 0.12604760562094883, 0.1809878249890493, 1.0, 0.11973093020942573, 0.2178224672175983], [0.19767147023464668, 0.1700632320609226, 0.16740958128450495, 0.11342584767550677, 0.16673395526407553, 0.22004419829331986, 0.17053967526095976, 0.10255446504420056, 0.29022236650653976, 0.14144100121552863, 0.18644333743238664, 0.25063224626262043, 0.13488869105672702, 0.2302077259900655, 0.16051756557082536, 0.22653523874044942, 0.13499810000144685, 0.11973093020942573, 1.0, 0.15377239980857896], [0.20055370996244226, 0.1785122324611507, 0.1651503404105863, 0.14513119359260404, 0.15017708931608137, 0.11058679955125938, 0.14152572488707924, 0.2492422949152878, 0.15367864761700709, 0.10107445386664064, 0.17256055968608766, 0.14331871117405462, 0.1275383933734762, 0.1771721909361701, 0.1350549758027487, 0.17495005101818661, 0.09956108785177442, 0.2178224672175983, 0.15377239980857896, 1.0]]}, "per_layer_inter": {"0": 0.738240876651219, "1": 0.10263599575479188, "2": 0.1702961565675751}, "O_inter": 0.3370576763245286, "O_intra": 1.0, "Obar": 0.3370576763245286, "inner": -0.6629423236754715}, "phase_stability": {"0": {"layer": 0, "S_matrix": [[1.0, 0.37627473205476925, 0.2675713111458487, 0.2181299225263284, 0.19164448536537754, 0.1721526971446277, 0.1396950354656485, 0.12694633030791452, 0.1164899685949149, 0.10965353392376741, 0.11281617463885686, 0.0906310948246118, 0.07872146910051844, 0.07794451665962056, 0.0804669211022884, 0.08339754794133077, 0.08767465437111324, 0.08038459050230343, 0.09176600381428297, 0.08400068577688422], [0.37627473205476925, 1.0, 0.32599762065249455, 0.2554719664159588, 0.22941451759362094, 0.2023052018087285, 0.16824505176893945, 0.1596345139460862, 0.1367464496556897, 0.12306782259795687, 0.1206999059433856, 0.10486620269332438, 0.09146014288236938, 0.08960201074439335, 0.08776142429640536, 0.08644688827516799, 0.09184940542861056, 0.08973007389344376, 0.09708161440287752, 0.0861725631474194], [0.2675713111458487, 0.32599762065249455, 1.0, 0.3505622422441044, 0.2925810389869263, 0.23223661502874254, 0.19048214261444338, 0.17598917116520854, 0.15481949618198504, 0.1301534197385069, 0.12713753285587612, 0.11220779713801955, 0.09962843210458382, 0.08582544480241064, 0.08712028752125299, 0.08559562020326085, 0.08853009885002214, 0.09183569012651208, 0.09453151391910995, 0.07956916147715973], [0.2181299225263284, 0.2554719664159588, 0.3505622422441044, 1.0, 0.3488200592986318, 0.24632728898864834, 0.20912305414249577, 0.18365142698794393, 0.16921803045208433, 0.15105823479684796, 0.1384369632457364, 0.11913271504072492, 0.11361713189631727, 0.10515302804427899, 0.10186140604755853, 0.09266251924302119, 0.09705776410437264, 0.09770697609523207, 0.10020047262110275, 0.07888351167354643], [0.19164448536537754, 0.22941451759362094, 0.2925810389869263, 0.3488200592986318, 1.0, 0.3428453022210893, 0.2644049695997543, 0.22826974460586624, 0.19878175147413432, 0.17051646181076624, 0.16917795746098338, 0.14262900588570626, 0.13670898472738308, 0.12431692769629492, 0.12082717994509257, 0.11586121336250685, 0.1195115261727271, 0.11044999929635292, 0.10761106776400106, 0.09576092773184927], [0.1721526971446277, 0.2023052018087285, 0.23223661502874254, 0.24632728898864834, 0.3428453022210893, 1.0, 0.33006122015296785, 0.2662208379842074, 0.23915016024372915, 0.18774923286982212, 0.1895928065278285, 0.16044119815045407, 0.1490287557675329, 0.13482722871703096, 0.13034419898742516, 0.12469575544270804, 0.1334273674252585, 0.13009598764436034, 0.12966602412434267, 0.10682903711404043], [0.1396950354656485, 0.16824505176893945, 0.19048214261444338, 0.20912305414249577, 0.2644049695997543, 0.33006122015296785, 1.0, 0.3682516686138471, 0.2553078898710806, 0.20255907648394209, 0.20495733719047612, 0.18097879284323984, 0.16917854946642688, 0.1400033927867329, 0.13401219337686307, 0.1287620406470041, 0.12786941051090628, 0.1336045466047441, 0.13237772273836168, 0.11121735337316661], [0.12694633030791452, 0.1596345139460862, 0.17598917116520854, 0.18365142698794393, 0.22826974460586624, 0.2662208379842074, 0.3682516686138471, 1.0, 0.3137724825172638, 0.22549533788112422, 0.23378564098631305, 0.2143251097401171, 0.18891840966364234, 0.15873540180030005, 0.1418909874235423, 0.13745217226643364, 0.13238472778925278, 0.1389624288088088, 0.13446063998556204, 0.11389268598319452], [0.1164899685949149, 0.1367464496556897, 0.15481949618198504, 0.16921803045208433, 0.19878175147413432, 0.23915016024372915, 0.2553078898710806, 0.3137724825172638, 1.0, 0.3039352280976924, 0.2736644143549493, 0.23048477210226373, 0.2030579485829867, 0.17677883213010526, 0.1597558606796754, 0.1563851738918117, 0.1449407012462629, 0.14612978792247952, 0.13432892377268388, 0.1205746032374755], [0.10965353392376741, 0.12306782259795687, 0.1301534197385069, 0.15105823479684796, 0.17051646181076624, 0.18774923286982212, 0.20255907648394209, 0.22549533788112422, 0.3039352280976924, 1.0, 0.3645108112955302, 0.2430926861039916, 0.2075550716972643, 0.194991780497392, 0.17364358275013586, 0.16514169791496186, 0.16031567945604858, 0.15830823395279628, 0.13807233031353197, 0.1191267235065611], [0.11281617463885686, 0.1206999059433856, 0.12713753285587612, 0.1384369632457364, 0.16917795746098338, 0.1895928065278285, 0.20495733719047612, 0.23378564098631305, 0.2736644143549493, 0.3645108112955302, 1.0, 0.33442291286644177, 0.2632352049163268, 0.20978174750116482, 0.18987643595285342, 0.18364802788404996, 0.17408296888127764, 0.17138800271225293, 0.15321890057070817, 0.13776441066783768], [0.0906310948246118, 0.10486620269332438, 0.11220779713801955, 0.11913271504072492, 0.14262900588570626, 0.16044119815045407, 0.18097879284323984, 0.2143251097401171, 0.23048477210226373, 0.2430926861039916, 0.33442291286644177, 1.0, 0.33154003434254237, 0.2717319030446377, 0.2506058852141745, 0.22272147321687422, 0.17330185933222805, 0.1776640628427446, 0.16932319656599265, 0.1424899455357645], [0.07872146910051844, 0.09146014288236938, 0.09962843210458382, 0.11361713189631727, 0.13670898472738308, 0.1490287557675329, 0.16917854946642688, 0.18891840966364234, 0.2030579485829867, 0.2075550716972643, 0.2632352049163268, 0.33154003434254237, 1.0, 0.30563674790441075, 0.27099618679236437, 0.23615676291850413, 0.20559902609866115, 0.1975982523672483, 0.1718467986021687, 0.13914402247438354], [0.07794451665962056, 0.08960201074439335, 0.08582544480241064, 0.10515302804427899, 0.12431692769629492, 0.13482722871703096, 0.1400033927867329, 0.15873540180030005, 0.17677883213010526, 0.194991780497392, 0.20978174750116482, 0.2717319030446377, 0.30563674790441075, 1.0, 0.37264598547977495, 0.312625042822761, 0.21917142177284482, 0.19629177643997123, 0.1797339059644092, 0.1622439787823433], [0.0804669211022884, 0.08776142429640536, 0.08712028752125299, 0.10186140604755853, 0.12082717994509257, 0.13034419898742516, 0.13401219337686307, 0.1418909874235423, 0.1597558606796754, 0.17364358275013586, 0.18987643595285342, 0.2506058852141745, 0.27099618679236437, 0.37264598547977495, 1.0, 0.44381561946950976, 0.2844622110094834, 0.247135921493788, 0.21911223914641006, 0.19326494333007946], [0.08339754794133077, 0.08644688827516799, 0.08559562020326085, 0.09266251924302119, 0.11586121336250685, 0.12469575544270804, 0.1287620406470041, 0.13745217226643364, 0.1563851738918117, 0.16514169791496186, 0.18364802788404996, 0.22272147321687422, 0.23615676291850413, 0.312625042822761, 0.44381561946950976, 1.0, 0.3446539100235651, 0.267177810699425, 0.24408375949343109, 0.21963689550564053], [0.08767465437111324, 0.09184940542861056, 0.08853009885002214, 0.09705776410437264, 0.1195115261727271, 0.1334273674252585, 0.12786941051090628, 0.13238472778925278, 0.1449407012462629, 0.16031567945604858, 0.17408296888127764, 0.17330185933222805, 0.20559902609866115, 0.21917142177284482, 0.2844622110094834, 0.3446539100235651, 1.0, 0.3937907686004577, 0.2806841388054535, 0.22986116137886337], [0.08038459050230343, 0.08973007389344376, 0.09183569012651208, 0.09770697609523207, 0.11044999929635292, 0.13009598764436034, 0.1336045466047441, 0.1389624288088088, 0.14612978792247952, 0.15830823395279628, 0.17138800271225293, 0.1776640628427446, 0.1975982523672483, 0.19629177643997123, 0.247135921493788, 0.267177810699425, 0.3937907686004577, 1.0, 0.34199877465526624, 0.23240503193331544], [0.09176600381428297, 0.09708161440287752, 0.09453151391910995, 0.10020047262110275, 0.10761106776400106, 0.12966602412434267, 0.13237772273836168, 0.13446063998556204, 0.13432892377268388, 0.13807233031353197, 0.15321890057070817, 0.16932319656599265, 0.1718467986021687, 0.1797339059644092, 0.21911223914641006, 0.24408375949343109, 0.2806841388054535, 0.34199877465526624, 1.0, 0.2824838328483177], [0.08400068577688422, 0.0861725631474194, 0.07956916147715973, 0.07888351167354643, 0.09576092773184927, 0.10682903711404043, 0.11121735337316661, 0.11389268598319452, 0.1205746032374755, 0.1191267235065611, 0.13776441066783768, 0.1424899455357645, 0.13914402247438354, 0.1622439787823433, 0.19326494333007946, 0.21963689550564053, 0.22986116137886337, 0.23240503193331544, 0.2824838328483177, 1.0]], "mean_cross_task_stability": 0.1788075732193181, "score": "ami"}, "1": {"layer": 1, "S_matrix": [[1.0, 0.05243886955193985, 0.011069296622097805, 0.011071346767444326, 0.0053580611326207155, 0.008242735698172143, 0.004529799412722661, 0.006673800262058062, 0.006485230605989184, 0.004502177148644662, 0.004740068432840768, 0.00958259951345849, 0.0062699775163746535, 0.007212445607824791, 0.005938462686593395, 0.008293101444952145, 0.010051115555457943, 0.004826377390373378, 0.005753215781487921, 0.011508912751193718], [0.05243886955193985, 1.0, 0.08064211881332671, 0.03158769813614485, 0.026388097417089328, 0.013927169689194168, 0.010550173198363209, 0.005764901138833661, 0.007358030858186223, 0.004287116440212683, 0.005415283279403523, 0.004988700799552158, 0.005273932157339173, 0.0019379253430593898, 0.001879624623615517, 0.0016276313047754994, 0.0022884093329161, 0.0016303183572502643, 0.0022370158490452154, 0.002419815130449419], [0.011069296622097805, 0.08064211881332671, 1.0, 0.10075135008475541, 0.05620013688895185, 0.03262063200421489, 0.02339544857041242, 0.010223948208959756, 0.012004789539617089, 0.007202377398562844, 0.007561425547578131, 0.004082086010327492, 0.004663283680001298, 0.0022820554512645573, 0.001769030295351941, 0.0016450804337614247, 0.0014776258359633725, 0.0007260124721134798, 0.0014610830653130887, 0.0018357484071141934], [0.011071346767444326, 0.03158769813614485, 0.10075135008475541, 1.0, 0.10743661097873566, 0.06438269729418608, 0.03411488638540964, 0.02435671679890662, 0.021041655320942494, 0.009648828928625185, 0.011832402005494088, 0.009594769030051492, 0.007459646311383098, 0.004151832556614327, 0.003697514331895923, 0.0032