{"rung": "R6", "scenario": "class", "nexp": 10, "epochs": 50, "seed": 5, "metrics": {"Top1_Acc_Exp/eval_phase/test_stream/Task000/Exp000": 0.0, "Top1_Acc_Exp/eval_phase/test_stream/Task000/Exp001": 0.0, "Top1_Acc_Exp/eval_phase/test_stream/Task000/Exp002": 0.0, "Top1_Acc_Exp/eval_phase/test_stream/Task000/Exp003": 0.0, "Top1_Acc_Exp/eval_phase/test_stream/Task000/Exp004": 0.0, "Top1_Acc_Exp/eval_phase/test_stream/Task000/Exp005": 0.0, "Top1_Acc_Exp/eval_phase/test_stream/Task000/Exp006": 0.0, "Top1_Acc_Exp/eval_phase/test_stream/Task000/Exp007": 0.0, "Top1_Acc_Exp/eval_phase/test_stream/Task000/Exp008": 0.0, "Top1_Acc_Exp/eval_phase/test_stream/Task000/Exp009": 0.865, "Top1_Acc_Stream/eval_phase/test_stream/Task000": 0.0865, "StreamForgetting/eval_phase/test_stream": 0.7904444444444445, "StreamBWT/eval_phase/test_stream": -0.7904444444444445, "ExperienceForgetting/eval_phase/test_stream/Task000/Exp000": 0.755, "ExperienceBWT/eval_phase/test_stream/Task000/Exp000": -0.755, "ExperienceForgetting/eval_phase/test_stream/Task000/Exp001": 0.767, "ExperienceBWT/eval_phase/test_stream/Task000/Exp001": -0.767, "ExperienceForgetting/eval_phase/test_stream/Task000/Exp002": 0.815, "ExperienceBWT/eval_phase/test_stream/Task000/Exp002": -0.815, "ExperienceForgetting/eval_phase/test_stream/Task000/Exp003": 0.724, "ExperienceBWT/eval_phase/test_stream/Task000/Exp003": -0.724, "ExperienceForgetting/eval_phase/test_stream/Task000/Exp004": 0.795, "ExperienceBWT/eval_phase/test_stream/Task000/Exp004": -0.795, "ExperienceForgetting/eval_phase/test_stream/Task000/Exp005": 0.855, "ExperienceBWT/eval_phase/test_stream/Task000/Exp005": -0.855, "ExperienceForgetting/eval_phase/test_stream/Task000/Exp006": 0.809, "ExperienceBWT/eval_phase/test_stream/Task000/Exp006": -0.809, "ExperienceForgetting/eval_phase/test_stream/Task000/Exp007": 0.799, "ExperienceBWT/eval_phase/test_stream/Task000/Exp007": -0.799, "ExperienceForgetting/eval_phase/test_stream/Task000/Exp008": 0.795, "ExperienceBWT/eval_phase/test_stream/Task000/Exp008": -0.795}, "learning_acc": [0.755, 0.767, 0.815, 0.724, 0.795, 0.855, 0.809, 0.799, 0.795, 0.865], "acc_matrix": [[0.755, 0.0, 0.0, 0.0, 0.0, 0.0, 0.0, 0.0, 0.0, 0.0], [0.0, 0.767, 0.0, 0.0, 0.0, 0.0, 0.0, 0.0, 0.0, 0.0], [0.0, 0.0, 0.815, 0.0, 0.0, 0.0, 0.0, 0.0, 0.0, 0.0], [0.0, 0.0, 0.0, 0.724, 0.0, 0.0, 0.0, 0.0, 0.0, 0.0], [0.0, 0.0, 0.0, 0.0, 0.795, 0.0, 0.0, 0.0, 0.0, 0.0], [0.0, 0.0, 0.0, 0.0, 0.0, 0.855, 0.0, 0.0, 0.0, 0.0], [0.0, 0.0, 0.0, 0.0, 0.0, 0.0, 0.809, 0.0, 0.0, 0.0], [0.0, 0.0, 0.0, 0.0, 0.0, 0.0, 0.0, 0.799, 0.0, 0.0], [0.0, 0.0, 0.0, 0.0, 0.0, 0.0, 0.0, 0.0, 0.795, 0.0], [0.0, 0.0, 0.0, 0.0, 0.0, 0.0, 0.0, 0.0, 0.0, 0.865]], "avg_forgetting": 79.04444444444444, "bwt": -79.04444444444444, "selfcheck_ok": true, "h3": {"overlap_summary": {"matrices": {"0": [[1.0, 0.8608114657242257, 0.8068520662787624, 0.7440910988749552, 0.7735584438334405, 0.749392840883479, 0.7306823919345306, 0.6975776227057371, 0.6840495410672652, 0.6991538695389743], [0.8608114657242257, 1.0, 0.9047009664446889, 0.8664331918541176, 0.867677169116164, 0.8375580408955314, 0.8368482287781608, 0.8045444004854697, 0.7874479049248168, 0.795811472152879], [0.8068520662787624, 0.9047009664446889, 1.0, 0.9040276539400092, 0.8743484124002818, 0.845364238329175, 0.8467401439096702, 0.8230305318625839, 0.8217697127829171, 0.8267590556495645], [0.7440910988749552, 0.8664331918541176, 0.9040276539400092, 1.0, 0.9151742615701477, 0.8937491478526028, 0.900415295666412, 0.8717347488345296, 0.8682500982596074, 0.8818224216050795], [0.7735584438334405, 0.867677169116164, 0.8743484124002818, 0.9151742615701477, 1.0, 0.9255421917632559, 0.9147988626898628, 0.8691555949044799, 0.8590907274507695, 0.8780184575782932], [0.749392840883479, 0.8375580408955314, 0.845364238329175, 0.8937491478526028, 0.9255421917632559, 1.0, 0.9342900698002866, 0.8922369263834082, 0.8715593373158963, 0.8898680580176087], [0.7306823919345306, 0.8368482287781608, 0.8467401439096702, 0.900415295666412, 0.9147988626898628, 0.9342900698002866, 1.0, 0.925152458253727, 0.8905634128594853, 0.9141203715447964], [0.6975776227057371, 0.8045444004854697, 0.8230305318625839, 0.8717347488345296, 0.8691555949044799, 0.8922369263834082, 0.925152458253727, 1.0, 0.9094282459320769, 0.9111011332640014], [0.6840495410672652, 0.7874479049248168, 0.8217697127829171, 0.8682500982596074, 0.8590907274507695, 0.8715593373158963, 0.8905634128594853, 0.9094282459320769, 1.0, 0.9227714604331066], [0.6991538695389743, 0.795811472152879, 0.8267590556495645, 0.8818224216050795, 0.8780184575782932, 0.8898680580176087, 0.9141203715447964, 0.9111011332640014, 0.9227714604331066, 1.0]], "1": [[1.0, 0.3417376330479014, 0.26018102258869613, 0.1903796749367221, 0.18496577621202054, 0.21531483530578027, 0.19414522843297402, 0.19007172968176822, 0.2159741916640524, 0.2257751333921128], [0.3417376330479014, 1.0, 0.3464977972183631, 0.2252378806666487, 0.23602875770586906, 0.25324723578968256, 0.2107035149166268, 0.23305304516995204, 0.21881070471634778, 0.22370227680481383], [0.26018102258869613, 0.3464977972183631, 1.0, 0.2879624273351342, 0.2543472377559228, 0.23032997199606092, 0.19893570576253314, 0.22192963525072296, 0.22833548629535894, 0.22288899942129703], [0.1903796749367221, 0.2252378806666487, 0.2879624273351342, 1.0, 0.3529625985221016, 0.22167264088803137, 0.19335255505375745, 0.2459490495706591, 0.2730571093040857, 0.2503767839769053], [0.18496577621202054, 0.23602875770586906, 0.2543472377559228, 0.3529625985221016, 1.0, 0.28696727152360824, 0.20613488279651862, 0.23086649306616186, 0.20020148410721844, 0.2306493460218367], [0.21531483530578027, 0.25324723578968256, 0.23032997199606092, 0.22167264088803137, 0.28696727152360824, 1.0, 0.27293656938005606, 0.23507081406395805, 0.2295571452759099, 0.2433269171672148], [0.19414522843297402, 0.2107035149166268, 0.19893570576253314, 0.19335255505375745, 0.20613488279651862, 0.27293656938005606, 1.0, 0.22220131801206064, 0.19403474989396197, 0.2038221090718331], [0.19007172968176822, 0.23305304516995204, 0.22192963525072296, 0.2459490495706591, 0.23086649306616186, 0.23507081406395805, 0.22220131801206064, 1.0, 0.42181024136156153, 0.35857595271912324], [0.2159741916640524, 0.21881070471634778, 0.22833548629535894, 0.2730571093040857, 0.20020148410721844, 0.2295571452759099, 0.19403474989396197, 0.42181024136156153, 1.0, 0.4303018261324551], [0.2257751333921128, 0.22370227680481383, 0.22288899942129703, 0.2503767839769053, 0.2306493460218367, 0.2433269171672148, 0.2038221090718331, 0.35857595271912324, 0.4303018261324551, 1.0]], "2": [[1.0, 0.4144319358790744, 0.34870120189907217, 0.24563716526603835, 0.3597739999631064, 0.3214185533269151, 0.3988770307874532, 0.3149564561944058, 0.2390048586388708, 0.33486786276586705], [0.4144319358790744, 1.0, 0.31982973182569285, 0.3235749454578512, 0.3676709232330101, 0.35922093631662055, 0.3335756245403821, 0.31423966761844807, 0.214044746510293, 0.3319313619729018], [0.34870120189907217, 0.31982973182569285, 1.0, 0.25392848194969553, 0.32027853688883967, 0.28262162806255114, 0.38100564515316404, 0.3256765688285925, 0.29000350292116306, 0.2928939969901215], [0.24563716526603835, 0.3235749454578512, 0.25392848194969553, 1.0, 0.30672429506570914, 0.3325442329146225, 0.33404153218252497, 0.2802281756960597, 0.25222791132816236, 0.2871690413929057], [0.3597739999631064, 0.3676709232330101, 0.32027853688883967, 0.30672429506570914, 1.0, 0.3312789125560255, 0.3687278923388932, 0.32362347240764305, 0.18673451642390523, 0.30023874335492623], [0.3214185533269151, 0.35922093631662055, 0.28262162806255114, 0.3325442329146225, 0.3312789125560255, 1.0, 0.38040587087744676, 0.2827064478214738, 0.28738058186007914, 0.32931182787203633], [0.3988770307874532, 0.3335756245403821, 0.38100564515316404, 0.33404153218252497, 0.3687278923388932, 0.38040587087744676, 1.0, 0.3986020313127601, 0.28310933826752743, 0.34391261345775864], [0.3149564561944058, 0.31423966761844807, 0.3256765688285925, 0.2802281756960597, 0.32362347240764305, 0.2827064478214738, 0.3986020313127601, 1.0, 0.3018333684478145, 0.28757984755949867], [0.2390048586388708, 0.214044746510293, 0.29000350292116306, 0.25222791132816236, 0.18673451642390523, 0.28738058186007914, 0.28310933826752743, 0.3018333684478145, 1.0, 0.2912993913135785], [0.33486786276586705, 0.3319313619729018, 0.2928939969901215, 0.2871690413929057, 0.30023874335492623, 0.32931182787203633, 0.34391261345775864, 0.28757984755949867, 0.2912993913135785, 1.0]]}, "per_layer_inter": {"0": 0.8495127499188186, "1": 0.2469863057772529, "2": 0.3150632312764774}, "O_inter": 0.47052076232418294, "O_intra": 1.0, "Obar": 0.47052076232418294, "inner": -0.5294792376758171}, "phase_stability": {"0": {"layer": 0, "S_matrix": [[1.0, 0.37000721943358456, 0.2570601558258553, 0.23982718813279838, 0.21040714195016522, 0.19305823458117297, 0.16935352390192396, 0.16853865733252313, 0.1573048340863086, 0.15001911896382775], [0.37000721943358456, 1.0, 0.3702547695337703, 0.320205548841878, 0.24113876918180477, 0.23999533004577897, 0.20365867103695684, 0.19736721080284148, 0.1797559595697317, 0.1725891743066718], [0.2570601558258553, 0.3702547695337703, 1.0, 0.3555514325309355, 0.2711282173090052, 0.2631203127531264, 0.23551706515909443, 0.2088869658912822, 0.20511235065993538, 0.19478573084113962], [0.23982718813279838, 0.320205548841878, 0.3555514325309355, 1.0, 0.3393448816970147, 0.3251677294321149, 0.26530122793136723, 0.26292893089916536, 0.22742821047229553, 0.20608840511729123], [0.21040714195016522, 0.24113876918180477, 0.2711282173090052, 0.3393448816970147, 1.0, 0.32070157524007004, 0.3051008334117242, 0.257717000029591, 0.23809163183937257, 0.23444319336021846], [0.19305823458117297, 0.23999533004577897, 0.2631203127531264, 0.3251677294321149, 0.32070157524007004, 1.0, 0.3174412801843446, 0.30654361839702776, 0.2732689738793092, 0.23676707110750467], [0.16935352390192396, 0.20365867103695684, 0.23551706515909443, 0.26530122793136723, 0.3051008334117242, 0.3174412801843446, 1.0, 0.31025554223219637, 0.2754336833057669, 0.2752949994787124], [0.16853865733252313, 0.19736721080284148, 0.2088869658912822, 0.26292893089916536, 0.257717000029591, 0.30654361839702776, 0.31025554223219637, 1.0, 0.340358120787175, 0.30038174640537774], [0.1573048340863086, 0.1797559595697317, 0.20511235065993538, 0.22742821047229553, 0.23809163183937257, 0.2732689738793092, 0.2754336833057669, 0.340358120787175, 1.0, 0.35658753397248427], [0.15001911896382775, 0.1725891743066718, 0.19478573084113962, 0.20608840511729123, 0.23444319336021846, 0.23676707110750467, 0.2752949994787124, 0.30038174640537774, 0.35658753397248427, 1.0]], "mean_cross_task_stability": 0.2566508838189386, "score": "ami"}, "1": {"layer": 1, "S_matrix": [[1.0, 0.1472787609111684, 0.08063313704554069, 0.039161258749255454, 0.03500940799996586, 0.02465692323476176, 0.016322892944296247, 0.010896549059630877, 0.009123239152677928, 0.009147541098652914], [0.1472787609111684, 1.0, 0.16512487570525813, 0.08248866370873409, 0.07060663238408453, 0.05111588928111162, 0.03354096141951288, 0.022585227542857227, 0.018667457539952456, 0.01662735017717873], [0.08063313704554069, 0.16512487570525813, 1.0, 0.15142577851093128, 0.10954392600305711, 0.07817696915223298, 0.05174397569600611, 0.034392172048763714, 0.027605374241926953, 0.0264740250685668], [0.039161258749255454, 0.08248866370873409, 0.15142577851093128, 1.0, 0.1855190539906439, 0.11709070795786311, 0.07552552325072152, 0.05919845032653102, 0.039876081053473164, 0.03784270384456808], [0.03500940799996586, 0.07060663238408453, 0.10954392600305711, 0.1855190539906439, 1.0, 0.1720270653180007, 0.11530937613128489, 0.07239179343490922, 0.04598519876000027, 0.04216641945716769], [0.02465692323476176, 0.05111588928111162, 0.07817696915223298, 0.11709070795786311, 0.1720270653180007, 1.0, 0.1679967452606325, 0.09214553282528486, 0.06266412478941924, 0.05545677658674108], [0.016322892944296247, 0.03354096141951288, 0.05174397569600611, 0.07552552325072152, 0.11530937613128489, 0.1679967452606325, 1.0, 0.15993772817028537, 0.09335708979738905, 0.08143814248480963], [0.010896549059630877, 0.022585227542857227, 0.034392172048763714, 0.05919845032653102, 0.07239179343490922, 0.09214553282528486, 0.15993772817028537, 1.0, 0.1724973105819233, 0.1252611720976853], [0.009123239152677928, 0.018667457539952456, 0.027605374241926953, 0.039876081053473164, 0.04598519876000027, 0.06266412478941924, 0.09335708979738905, 0.1724973105819233, 1.0, 0.21020946231076898], [0.009147541098652914, 0.01662735017717873, 0.0264740250685668, 0.03784270384456808, 0.04216641945716769, 0.05545677658674108, 0.08143814248480963, 0.1252611720976853, 0.21020946231076898, 1.0]], "mean_cross_task_stability": 0.07769434326902729, "score": "ami"}, "2": {"layer": 2, "S_matrix": [[1.0, 0.03183794132726462, 0.005594740678196134, 0.008734270711597554, 0.015457328037199633, 0.005303865151189721, 0.004505536034504522, 0.0029476200291923276, 0.004332545648002869, 0.00456032980869867], [0.03183794132726462, 1.0, 0.028330638915171735, 0.003018693113833106, 0.0017792257259933496, 0.002034118931229276, 0.002768637965016827, 0.002450372737844911, 0.0015586044253935178, 0.001291838973740379], [0.005594740678196134, 0.028330638915171735, 1.0, 0.026636895069402713, 0.01631899915048964, 0.011218540932238988, 0.010188253257687352, 0.004520096681466053, 0.005480271446522229, 0.005346755599393398], [0.008734270711597554, 0.003018693113833106, 0.026636895069402713, 1.0, 0.061795537513238, 0.008541872909677863, 0.0035989356491722157, 0.002794326281445391, 0.0057784283080282006, 0.0045989224960208165], [0.015457328037199633, 0.0017792257259933496, 0.01631899915048964, 0.061795537513238, 1.0, 0.04366512478591116, 0.014123086334380416, 0.007002453705672592, 0.008680966628714199, 0.010486340088673368], [0.005303865151189721, 0.002034118931229276, 0.011218540932238988, 0.008541872909677863, 0.04366512478591116, 1.0, 0.06298995887693686, 0.01614578720455131, 0.009333456545289663, 0.012056127704797723], [0.004505536034504522, 0.002768637965016827, 0.010188253257687352, 0.0035989356491722157, 0.014123086334380416, 0.06298995887693686, 1.0, 0.03848581103356116, 0.011914028313616863, 0.012583663706733356], [0.0029476200291923276, 0.002450372737844911, 0.004520096681466053, 0.002794326281445391, 0.007002453705672592, 0.01614578720455131, 0.03848581103356116, 1.0, 0.04513445179626083, 0.022621860364383132], [0.004332545648002869, 0.0015586044253935178, 0.005480271446522229, 0.0057784283080282006, 0.008680966628714199, 0.009333456545289663, 0.011914028313616863, 0.04513445179626083, 1.0, 0.07771899158268794], [0.00456032980869867, 0.001291838973740379, 0.005346755599393398, 0.0045989224960208165, 0.010486340088673368, 0.012056127704797723, 0.012583663706733356, 0.022621860364383132, 0.07771899158268794, 1.0]], "mean_cross_task_stability": 0.015250361159578282, "score": "ami"}}}}