{"rung": "R6", "scenario": "class", "nexp": 10, "epochs": 50, "seed": 7, "metrics": {"Top1_Acc_Exp/eval_phase/test_stream/Task000/Exp000": 0.0, "Top1_Acc_Exp/eval_phase/test_stream/Task000/Exp001": 0.0, "Top1_Acc_Exp/eval_phase/test_stream/Task000/Exp002": 0.0, "Top1_Acc_Exp/eval_phase/test_stream/Task000/Exp003": 0.0, "Top1_Acc_Exp/eval_phase/test_stream/Task000/Exp004": 0.0, "Top1_Acc_Exp/eval_phase/test_stream/Task000/Exp005": 0.0, "Top1_Acc_Exp/eval_phase/test_stream/Task000/Exp006": 0.0, "Top1_Acc_Exp/eval_phase/test_stream/Task000/Exp007": 0.0, "Top1_Acc_Exp/eval_phase/test_stream/Task000/Exp008": 0.0, "Top1_Acc_Exp/eval_phase/test_stream/Task000/Exp009": 0.698, "Top1_Acc_Stream/eval_phase/test_stream/Task000": 0.0698, "StreamForgetting/eval_phase/test_stream": 0.8024444444444444, "StreamBWT/eval_phase/test_stream": -0.8024444444444444, "ExperienceForgetting/eval_phase/test_stream/Task000/Exp000": 0.727, "ExperienceBWT/eval_phase/test_stream/Task000/Exp000": -0.727, "ExperienceForgetting/eval_phase/test_stream/Task000/Exp001": 0.814, "ExperienceBWT/eval_phase/test_stream/Task000/Exp001": -0.814, "ExperienceForgetting/eval_phase/test_stream/Task000/Exp002": 0.846, "ExperienceBWT/eval_phase/test_stream/Task000/Exp002": -0.846, "ExperienceForgetting/eval_phase/test_stream/Task000/Exp003": 0.813, "ExperienceBWT/eval_phase/test_stream/Task000/Exp003": -0.813, "ExperienceForgetting/eval_phase/test_stream/Task000/Exp004": 0.84, "ExperienceBWT/eval_phase/test_stream/Task000/Exp004": -0.84, "ExperienceForgetting/eval_phase/test_stream/Task000/Exp005": 0.821, "ExperienceBWT/eval_phase/test_stream/Task000/Exp005": -0.821, "ExperienceForgetting/eval_phase/test_stream/Task000/Exp006": 0.767, "ExperienceBWT/eval_phase/test_stream/Task000/Exp006": -0.767, "ExperienceForgetting/eval_phase/test_stream/Task000/Exp007": 0.707, "ExperienceBWT/eval_phase/test_stream/Task000/Exp007": -0.707, "ExperienceForgetting/eval_phase/test_stream/Task000/Exp008": 0.887, "ExperienceBWT/eval_phase/test_stream/Task000/Exp008": -0.887}, "learning_acc": [0.727, 0.814, 0.846, 0.813, 0.84, 0.821, 0.767, 0.707, 0.887, 0.698], "acc_matrix": [[0.727, 0.0, 0.0, 0.0, 0.0, 0.0, 0.0, 0.0, 0.0, 0.0], [0.0, 0.814, 0.0, 0.0, 0.0, 0.0, 0.0, 0.0, 0.0, 0.0], [0.0, 0.0, 0.846, 0.0, 0.0, 0.0, 0.0, 0.0, 0.0, 0.0], [0.0, 0.0, 0.0, 0.813, 0.0, 0.0, 0.0, 0.0, 0.0, 0.0], [0.0, 0.0, 0.0, 0.0, 0.84, 0.0, 0.0, 0.0, 0.0, 0.0], [0.0, 0.0, 0.0, 0.0, 0.0, 0.821, 0.0, 0.0, 0.0, 0.0], [0.0, 0.0, 0.0, 0.0, 0.0, 0.0, 0.767, 0.0, 0.0, 0.0], [0.0, 0.0, 0.0, 0.0, 0.0, 0.0, 0.0, 0.707, 0.0, 0.0], [0.0, 0.0, 0.0, 0.0, 0.0, 0.0, 0.0, 0.0, 0.887, 0.0], [0.0, 0.0, 0.0, 0.0, 0.0, 0.0, 0.0, 0.0, 0.0, 0.698]], "avg_forgetting": 80.24444444444444, "bwt": -80.24444444444444, "selfcheck_ok": true, "h3": {"overlap_summary": {"matrices": {"0": [[1.0, 0.8387138898933018, 0.7767349206199015, 0.7384079124112239, 0.7461001768061424, 0.7491244738801787, 0.7303072008624185, 0.7444719669494251, 0.7409301975601884, 0.7262266691901214], [0.8387138898933018, 1.0, 0.8971544707915534, 0.8737077549573555, 0.8759120050674797, 0.8807008408567284, 0.8683423231672055, 0.8445872525835877, 0.844377983886642, 0.8337928091330521], [0.7767349206199015, 0.8971544707915534, 1.0, 0.9189112899688678, 0.8803588124420026, 0.8911129764705572, 0.8769890811663648, 0.8653269146132905, 0.8789850583009975, 0.8708171002590933], [0.7384079124112239, 0.8737077549573555, 0.9189112899688678, 1.0, 0.9154457238348724, 0.8919308264512399, 0.8921836714920963, 0.869820054180256, 0.8721965486675186, 0.8600873249239674], [0.7461001768061424, 0.8759120050674797, 0.8803588124420026, 0.9154457238348724, 1.0, 0.8987648628021274, 0.8871215211978339, 0.8707220038305308, 0.8663494664249428, 0.8398751004316738], [0.7491244738801787, 0.8807008408567284, 0.8911129764705572, 0.8919308264512399, 0.8987648628021274, 1.0, 0.9323096928172078, 0.8870698616561412, 0.89397999740219, 0.8677671092155611], [0.7303072008624185, 0.8683423231672055, 0.8769890811663648, 0.8921836714920963, 0.8871215211978339, 0.9323096928172078, 1.0, 0.909594950891802, 0.918901325601963, 0.8990459232417328], [0.7444719669494251, 0.8445872525835877, 0.8653269146132905, 0.869820054180256, 0.8707220038305308, 0.8870698616561412, 0.909594950891802, 1.0, 0.9026508795403747, 0.8754650601034987], [0.7409301975601884, 0.844377983886642, 0.8789850583009975, 0.8721965486675186, 0.8663494664249428, 0.89397999740219, 0.918901325601963, 0.9026508795403747, 1.0, 0.9053165518402326], [0.7262266691901214, 0.8337928091330521, 0.8708171002590933, 0.8600873249239674, 0.8398751004316738, 0.8677671092155611, 0.8990459232417328, 0.8754650601034987, 0.9053165518402326, 1.0]], "1": [[1.0, 0.2662202152988274, 0.2704653074838251, 0.20979307384315515, 0.1674679371803588, 0.1864582927328728, 0.22103231598752332, 0.2191776405360591, 0.19777530287462858, 0.2043816382233434], [0.2662202152988274, 1.0, 0.31456123239702194, 0.21888523664096998, 0.18597573498235231, 0.19034061217195566, 0.20991645584408675, 0.22317919397829875, 0.1781146016003, 0.18039016001282465], [0.2704653074838251, 0.31456123239702194, 1.0, 0.3955504207982777, 0.245263278459073, 0.1913594950762099, 0.2865213218284519, 0.22360804970226694, 0.24673349175792642, 0.20867427148942122], [0.20979307384315515, 0.21888523664096998, 0.3955504207982777, 1.0, 0.3446224861744627, 0.18793988696100597, 0.23091061591903758, 0.2221426836683242, 0.21989262015342168, 0.17910676951741877], [0.1674679371803588, 0.18597573498235231, 0.245263278459073, 0.3446224861744627, 1.0, 0.28439855169354494, 0.1678714678588793, 0.22172729084108986, 0.18491072462002325, 0.15961433834726127], [0.1864582927328728, 0.19034061217195566, 0.1913594950762099, 0.18793988696100597, 0.28439855169354494, 1.0, 0.3392071823080279, 0.27606665345160747, 0.17987075718162387, 0.19137688369356656], [0.22103231598752332, 0.20991645584408675, 0.2865213218284519, 0.23091061591903758, 0.1678714678588793, 0.3392071823080279, 1.0, 0.3658630282988558, 0.2456059814909317, 0.1913630525932865], [0.2191776405360591, 0.22317919397829875, 0.22360804970226694, 0.2221426836683242, 0.22172729084108986, 0.27606665345160747, 0.3658630282988558, 1.0, 0.3608243688591453, 0.22878270687582525], [0.19777530287462858, 0.1781146016003, 0.24673349175792642, 0.21989262015342168, 0.18491072462002325, 0.17987075718162387, 0.2456059814909317, 0.3608243688591453, 1.0, 0.2892282815143899], [0.2043816382233434, 0.18039016001282465, 0.20867427148942122, 0.17910676951741877, 0.15961433834726127, 0.19137688369356656, 0.1913630525932865, 0.22878270687582525, 0.2892282815143899, 1.0]], "2": [[1.0, 0.27006166124844205, 0.3194601634841229, 0.3399252307352261, 0.3378315271356392, 0.32810286744381406, 0.26316391993332333, 0.3570779656040472, 0.32004729483194655, 0.22421516414280823], [0.27006166124844205, 1.0, 0.2627634043932359, 0.2970532369679926, 0.23829746242369804, 0.28368405428870175, 0.3111655681812863, 0.26945452884893506, 0.2602647865489362, 0.26454799308533405], [0.3194601634841229, 0.2627634043932359, 1.0, 0.3541713001412212, 0.30999161773537004, 0.37785899818777524, 0.306900309107475, 0.335132451010663, 0.3053566699971263, 0.28853226658654973], [0.3399252307352261, 0.2970532369679926, 0.3541713001412212, 1.0, 0.3651504138971387, 0.3665358616568689, 0.39056694119911256, 0.3771362476346129, 0.2887381122233586, 0.3036173328516791], [0.3378315271356392, 0.23829746242369804, 0.30999161773537004, 0.3651504138971387, 1.0, 0.3503182686027434, 0.3291185029560638, 0.3175471499684791, 0.2914006925420298, 0.23672581697224987], [0.32810286744381406, 0.28368405428870175, 0.37785899818777524, 0.3665358616568689, 0.3503182686027434, 1.0, 0.30859180846279693, 0.3842075253251949, 0.33229299992944816, 0.3070460003060108], [0.26316391993332333, 0.3111655681812863, 0.306900309107475, 0.39056694119911256, 0.3291185029560638, 0.30859180846279693, 1.0, 0.35480274202292084, 0.31443076549193083, 0.32815524081344183], [0.3570779656040472, 0.26945452884893506, 0.335132451010663, 0.3771362476346129, 0.3175471499684791, 0.3842075253251949, 0.35480274202292084, 1.0, 0.39278621404176245, 0.35713590602494133], [0.32004729483194655, 0.2602647865489362, 0.3053566699971263, 0.2887381122233586, 0.2914006925420298, 0.33229299992944816, 0.31443076549193083, 0.39278621404176245, 1.0, 0.32737499010186444], [0.22421516414280823, 0.26454799308533405, 0.28853226658654973, 0.3036173328516791, 0.23672581697224987, 0.3070460003060108, 0.32815524081344183, 0.35713590602494133, 0.32737499010186444, 1.0]]}, "per_layer_inter": {"0": 0.8566376119641208, "1": 0.23362603584270583, "2": 0.3166386661130738}, "O_inter": 0.46896743797330015, "O_intra": 1.0, "Obar": 0.46896743797330015, "inner": -0.5310325620266998}, "phase_stability": {"0": {"layer": 0, "S_matrix": [[1.0, 0.3135140030452294, 0.24990918201071452, 0.22328432054585468, 0.192106321438792, 0.1708359269363771, 0.1629544667056758, 0.1606273903327286, 0.1533459262819347, 0.13602040232661533], [0.3135140030452294, 1.0, 0.3322926676501124, 0.29820891391102816, 0.24470568970941733, 0.21596606575354468, 0.19910873117993214, 0.18486168333674638, 0.18260875922711922, 0.16313877881640482], [0.24990918201071452, 0.3322926676501124, 1.0, 0.37543504280699863, 0.3087229372163781, 0.24740129815955458, 0.21671185849633243, 0.193836622311276, 0.20277212653356555, 0.19187712103053403], [0.22328432054585468, 0.29820891391102816, 0.37543504280699863, 1.0, 0.36631703238716756, 0.2698253656571378, 0.24927266953633886, 0.22102484754653706, 0.22125262657737024, 0.20683500262650648], [0.192106321438792, 0.24470568970941733, 0.3087229372163781, 0.36631703238716756, 1.0, 0.3303072143246587, 0.28106253980286444, 0.23226106812934857, 0.24465063381658225, 0.22380997649892595], [0.1708359269363771, 0.21596606575354468, 0.24740129815955458, 0.2698253656571378, 0.3303072143246587, 1.0, 0.373727293755655, 0.28532603172631166, 0.28377720802214834, 0.24833968361682848], [0.1629544667056758, 0.19910873117993214, 0.21671185849633243, 0.24927266953633886, 0.28106253980286444, 0.373727293755655, 1.0, 0.3652262575083795, 0.32564677968485106, 0.27670373312608176], [0.1606273903327286, 0.18486168333674638, 0.193836622311276, 0.22102484754653706, 0.23226106812934857, 0.28532603172631166, 0.3652262575083795, 1.0, 0.35676216336480915, 0.2907568687819341], [0.1533459262819347, 0.18260875922711922, 0.20277212653356555, 0.22125262657737024, 0.24465063381658225, 0.28377720802214834, 0.32564677968485106, 0.35676216336480915, 1.0, 0.31238384057962715], [0.13602040232661533, 0.16313877881640482, 0.19187712103053403, 0.20683500262650648, 0.22380997649892595, 0.24833968361682848, 0.27670373312608176, 0.2907568687819341, 0.31238384057962715, 1.0]], "mean_cross_task_stability": 0.2507892238407318, "score": "ami"}, "1": {"layer": 1, "S_matrix": [[1.0, 0.10461363098984076, 0.06790734326929247, 0.044198566426167624, 0.02468535274257495, 0.015550925938118186, 0.013263237428358363, 0.010524866656388202, 0.011550641003797464, 0.0101039212596421], [0.10461363098984076, 1.0, 0.18716488607670767, 0.09793061096865009, 0.0575813209933483, 0.039742087614442506, 0.03330800218541495, 0.030658662453689603, 0.02500339311013053, 0.02318662528958215], [0.06790734326929247, 0.18716488607670767, 1.0, 0.14501994306809857, 0.08370393710709906, 0.057303663892987425, 0.04536171150197014, 0.03787716232753575, 0.03353179454521827, 0.026251122341388756], [0.044198566426167624, 0.09793061096865009, 0.14501994306809857, 1.0, 0.1513446442142074, 0.09122225803560709, 0.06903434500367117, 0.054632017798926735, 0.04641414704238563, 0.03702926451201382], [0.02468535274257495, 0.0575813209933483, 0.08370393710709906, 0.1513446442142074, 1.0, 0.15956499615654976, 0.10270610546462959, 0.08038541228162364, 0.06557340395840754, 0.05080486155256827], [0.015550925938118186, 0.039742087614442506, 0.057303663892987425, 0.09122225803560709, 0.15956499615654976, 1.0, 0.16013625178531257, 0.11280022986685964, 0.07676743961093112, 0.05953327533425749], [0.013263237428358363, 0.03330800218541495, 0.04536171150197014, 0.06903434500367117, 0.10270610546462959, 0.16013625178531257, 1.0, 0.18318014469929186, 0.11622981439772842, 0.08807667039964874], [0.010524866656388202, 0.030658662453689603, 0.03787716232753575, 0.054632017798926735, 0.08038541228162364, 0.11280022986685964, 0.18318014469929186, 1.0, 0.19283481198161817, 0.10483642514125391], [0.011550641003797464, 0.02500339311013053, 0.03353179454521827, 0.04641414704238563, 0.06557340395840754, 0.07676743961093112, 0.11622981439772842, 0.19283481198161817, 1.0, 0.14182872553823703], [0.0101039212596421, 0.02318662528958215, 0.026251122341388756, 0.03702926451201382, 0.05080486155256827, 0.05953327533425749, 0.08807667039964874, 0.10483642514125391, 0.14182872553823703, 1.0]], "mean_cross_task_stability": 0.07491019231035942, "score": "ami"}, "2": {"layer": 2, "S_matrix": [[1.0, 0.008529420088933174, 0.003340558792394568, 0.002811419199518622, 0.0027410246073824003, 0.0026562795943221684, 0.0024949535447922632, 0.0024160536568696846, 0.0033598146142997352, 0.003307707460506595], [0.008529420088933174, 1.0, 0.0559925709738692, 0.012101226068015173, 0.006063267222640724, 0.003057895612870908, 0.002669455037594762, 0.0018329540807090884, 0.0025689994155227917, 0.0021401956268421755], [0.003340558792394568, 0.0559925709738692, 1.0, 0.04527196010568074, 0.016899957423755364, 0.0024432737458319467, 0.003478991739392674, 0.005872046898389329, 0.007117249538307875, 0.0037936572875101344], [0.002811419199518622, 0.012101226068015173, 0.04527196010568074, 1.0, 0.047753244592457715, 0.008244011818130639, 0.007068420749796103, 0.012444811718692808, 0.011200783324126024, 0.0033672233012415776], [0.0027410246073824003, 0.006063267222640724, 0.016899957423755364, 0.047753244592457715, 1.0, 0.02763696306535379, 0.008926921260844422, 0.014561024822157834, 0.011832072563645062, 0.004090113352517044], [0.0026562795943221684, 0.003057895612870908, 0.0024432737458319467, 0.008244011818130639, 0.02763696306535379, 1.0, 0.056446409965582846, 0.017108303897487166, 0.008114780768679575, 0.0053417234551153565], [0.0024949535447922632, 0.002669455037594762, 0.003478991739392674, 0.007068420749796103, 0.008926921260844422, 0.056446409965582846, 1.0, 0.05705702045172029, 0.016722392476524645, 0.009592315791665508], [0.0024160536568696846, 0.0018329540807090884, 0.005872046898389329, 0.012444811718692808, 0.014561024822157834, 0.017108303897487166, 0.05705702045172029, 1.0, 0.07506196483353873, 0.01771999317444897], [0.0033598146142997352, 0.0025689994155227917, 0.007117249538307875, 0.011200783324126024, 0.011832072563645062, 0.008114780768679575, 0.016722392476524645, 0.07506196483353873, 1.0, 0.03761447625797791], [0.003307707460506595, 0.0021401956268421755, 0.0037936572875101344, 0.0033672233012415776, 0.004090113352517044, 0.0053417234551153565, 0.009592315791665508, 0.01771999317444897, 0.03761447625797791, 1.0]], "mean_cross_task_stability": 0.014685908977281247, "score": "ami"}}}}