{"rung": "R6", "scenario": "class", "nexp": 20, "epochs": 50, "seed": 7, "metrics": {"Top1_Acc_Exp/eval_phase/test_stream/Task000/Exp000": 0.0, "Top1_Acc_Exp/eval_phase/test_stream/Task000/Exp001": 0.0, "Top1_Acc_Exp/eval_phase/test_stream/Task000/Exp002": 0.0, "Top1_Acc_Exp/eval_phase/test_stream/Task000/Exp003": 0.0, "Top1_Acc_Exp/eval_phase/test_stream/Task000/Exp004": 0.0, "Top1_Acc_Exp/eval_phase/test_stream/Task000/Exp005": 0.0, "Top1_Acc_Exp/eval_phase/test_stream/Task000/Exp006": 0.0, "Top1_Acc_Exp/eval_phase/test_stream/Task000/Exp007": 0.0, "Top1_Acc_Exp/eval_phase/test_stream/Task000/Exp008": 0.0, "Top1_Acc_Exp/eval_phase/test_stream/Task000/Exp009": 0.0, "Top1_Acc_Exp/eval_phase/test_stream/Task000/Exp010": 0.0, "Top1_Acc_Exp/eval_phase/test_stream/Task000/Exp011": 0.0, "Top1_Acc_Exp/eval_phase/test_stream/Task000/Exp012": 0.0, "Top1_Acc_Exp/eval_phase/test_stream/Task000/Exp013": 0.0, "Top1_Acc_Exp/eval_phase/test_stream/Task000/Exp014": 0.0, "Top1_Acc_Exp/eval_phase/test_stream/Task000/Exp015": 0.0, "Top1_Acc_Exp/eval_phase/test_stream/Task000/Exp016": 0.0, "Top1_Acc_Exp/eval_phase/test_stream/Task000/Exp017": 0.0, "Top1_Acc_Exp/eval_phase/test_stream/Task000/Exp018": 0.0, "Top1_Acc_Exp/eval_phase/test_stream/Task000/Exp019": 0.854, "Top1_Acc_Stream/eval_phase/test_stream/Task000": 0.0427, "StreamForgetting/eval_phase/test_stream": 0.8439999999999999, "StreamBWT/eval_phase/test_stream": -0.8439999999999999, "ExperienceForgetting/eval_phase/test_stream/Task000/Exp000": 0.898, "ExperienceBWT/eval_phase/test_stream/Task000/Exp000": -0.898, "ExperienceForgetting/eval_phase/test_stream/Task000/Exp001": 0.892, "ExperienceBWT/eval_phase/test_stream/Task000/Exp001": -0.892, "ExperienceForgetting/eval_phase/test_stream/Task000/Exp002": 0.838, "ExperienceBWT/eval_phase/test_stream/Task000/Exp002": -0.838, "ExperienceForgetting/eval_phase/test_stream/Task000/Exp003": 0.874, "ExperienceBWT/eval_phase/test_stream/Task000/Exp003": -0.874, "ExperienceForgetting/eval_phase/test_stream/Task000/Exp004": 0.898, "ExperienceBWT/eval_phase/test_stream/Task000/Exp004": -0.898, "ExperienceForgetting/eval_phase/test_stream/Task000/Exp005": 0.824, "ExperienceBWT/eval_phase/test_stream/Task000/Exp005": -0.824, "ExperienceForgetting/eval_phase/test_stream/Task000/Exp006": 0.89, "ExperienceBWT/eval_phase/test_stream/Task000/Exp006": -0.89, "ExperienceForgetting/eval_phase/test_stream/Task000/Exp007": 0.828, "ExperienceBWT/eval_phase/test_stream/Task000/Exp007": -0.828, "ExperienceForgetting/eval_phase/test_stream/Task000/Exp008": 0.912, "ExperienceBWT/eval_phase/test_stream/Task000/Exp008": -0.912, "ExperienceForgetting/eval_phase/test_stream/Task000/Exp009": 0.836, "ExperienceBWT/eval_phase/test_stream/Task000/Exp009": -0.836, "ExperienceForgetting/eval_phase/test_stream/Task000/Exp010": 0.808, "ExperienceBWT/eval_phase/test_stream/Task000/Exp010": -0.808, "ExperienceForgetting/eval_phase/test_stream/Task000/Exp011": 0.918, "ExperienceBWT/eval_phase/test_stream/Task000/Exp011": -0.918, "ExperienceForgetting/eval_phase/test_stream/Task000/Exp012": 0.814, "ExperienceBWT/eval_phase/test_stream/Task000/Exp012": -0.814, "ExperienceForgetting/eval_phase/test_stream/Task000/Exp013": 0.832, "ExperienceBWT/eval_phase/test_stream/Task000/Exp013": -0.832, "ExperienceForgetting/eval_phase/test_stream/Task000/Exp014": 0.732, "ExperienceBWT/eval_phase/test_stream/Task000/Exp014": -0.732, "ExperienceForgetting/eval_phase/test_stream/Task000/Exp015": 0.802, "ExperienceBWT/eval_phase/test_stream/Task000/Exp015": -0.802, "ExperienceForgetting/eval_phase/test_stream/Task000/Exp016": 0.886, "ExperienceBWT/eval_phase/test_stream/Task000/Exp016": -0.886, "ExperienceForgetting/eval_phase/test_stream/Task000/Exp017": 0.942, "ExperienceBWT/eval_phase/test_stream/Task000/Exp017": -0.942, "ExperienceForgetting/eval_phase/test_stream/Task000/Exp018": 0.612, "ExperienceBWT/eval_phase/test_stream/Task000/Exp018": -0.612}, "learning_acc": [0.898, 0.892, 0.838, 0.874, 0.898, 0.824, 0.89, 0.828, 0.912, 0.836, 0.808, 0.918, 0.814, 0.832, 0.732, 0.802, 0.886, 0.942, 0.612, 0.854], "acc_matrix": [[0.898, 0.0, 0.0, 0.0, 0.0, 0.0, 0.0, 0.0, 0.0, 0.0, 0.0, 0.0, 0.0, 0.0, 0.0, 0.0, 0.0, 0.0, 0.0, 0.0], [0.0, 0.892, 0.0, 0.0, 0.0, 0.0, 0.0, 0.0, 0.0, 0.0, 0.0, 0.0, 0.0, 0.0, 0.0, 0.0, 0.0, 0.0, 0.0, 0.0], [0.0, 0.0, 0.838, 0.0, 0.0, 0.0, 0.0, 0.0, 0.0, 0.0, 0.0, 0.0, 0.0, 0.0, 0.0, 0.0, 0.0, 0.0, 0.0, 0.0], [0.0, 0.0, 0.0, 0.874, 0.0, 0.0, 0.0, 0.0, 0.0, 0.0, 0.0, 0.0, 0.0, 0.0, 0.0, 0.0, 0.0, 0.0, 0.0, 0.0], [0.0, 0.0, 0.0, 0.0, 0.898, 0.0, 0.0, 0.0, 0.0, 0.0, 0.0, 0.0, 0.0, 0.0, 0.0, 0.0, 0.0, 0.0, 0.0, 0.0], [0.0, 0.0, 0.0, 0.0, 0.0, 0.824, 0.0, 0.0, 0.0, 0.0, 0.0, 0.0, 0.0, 0.0, 0.0, 0.0, 0.0, 0.0, 0.0, 0.0], [0.0, 0.0, 0.0, 0.0, 0.0, 0.0, 0.89, 0.0, 0.0, 0.0, 0.0, 0.0, 0.0, 0.0, 0.0, 0.0, 0.0, 0.0, 0.0, 0.0], [0.0, 0.0, 0.0, 0.0, 0.0, 0.0, 0.0, 0.828, 0.0, 0.0, 0.0, 0.0, 0.0, 0.0, 0.0, 0.0, 0.0, 0.0, 0.0, 0.0], [0.0, 0.0, 0.0, 0.0, 0.0, 0.0, 0.0, 0.0, 0.912, 0.0, 0.0, 0.0, 0.0, 0.0, 0.0, 0.0, 0.0, 0.0, 0.0, 0.0], [0.0, 0.0, 0.0, 0.0, 0.0, 0.0, 0.0, 0.0, 0.0, 0.836, 0.0, 0.0, 0.0, 0.0, 0.0, 0.0, 0.0, 0.0, 0.0, 0.0], [0.0, 0.0, 0.0, 0.0, 0.0, 0.0, 0.0, 0.0, 0.0, 0.0, 0.808, 0.0, 0.0, 0.0, 0.0, 0.0, 0.0, 0.0, 0.0, 0.0], [0.0, 0.0, 0.0, 0.0, 0.0, 0.0, 0.0, 0.0, 0.0, 0.0, 0.0, 0.918, 0.0, 0.0, 0.0, 0.0, 0.0, 0.0, 0.0, 0.0], [0.0, 0.0, 0.0, 0.0, 0.0, 0.0, 0.0, 0.0, 0.0, 0.0, 0.0, 0.0, 0.814, 0.0, 0.0, 0.0, 0.0, 0.0, 0.0, 0.0], [0.0, 0.0, 0.0, 0.0, 0.0, 0.0, 0.0, 0.0, 0.0, 0.0, 0.0, 0.0, 0.0, 0.832, 0.0, 0.0, 0.0, 0.0, 0.0, 0.0], [0.0, 0.0, 0.0, 0.0, 0.0, 0.0, 0.0, 0.0, 0.0, 0.0, 0.0, 0.0, 0.0, 0.0, 0.732, 0.0, 0.0, 0.0, 0.0, 0.0], [0.0, 0.0, 0.0, 0.0, 0.0, 0.0, 0.0, 0.0, 0.0, 0.0, 0.0, 0.0, 0.0, 0.0, 0.0, 0.802, 0.0, 0.0, 0.0, 0.0], [0.0, 0.0, 0.0, 0.0, 0.0, 0.0, 0.0, 0.0, 0.0, 0.0, 0.0, 0.0, 0.0, 0.0, 0.0, 0.0, 0.886, 0.0, 0.0, 0.0], [0.0, 0.0, 0.0, 0.0, 0.0, 0.0, 0.0, 0.0, 0.0, 0.0, 0.0, 0.0, 0.0, 0.0, 0.0, 0.0, 0.0, 0.942, 0.0, 0.0], [0.0, 0.0, 0.0, 0.0, 0.0, 0.0, 0.0, 0.0, 0.0, 0.0, 0.0, 0.0, 0.0, 0.0, 0.0, 0.0, 0.0, 0.0, 0.612, 0.0], [0.0, 0.0, 0.0, 0.0, 0.0, 0.0, 0.0, 0.0, 0.0, 0.0, 0.0, 0.0, 0.0, 0.0, 0.0, 0.0, 0.0, 0.0, 0.0, 0.854]], "avg_forgetting": 84.39999999999999, "bwt": -84.39999999999999, "selfcheck_ok": true, "h3": {"overlap_summary": {"matrices": {"0": [[1.0, 0.7814580224034282, 0.6948464296210353, 0.7110510291046257, 0.642972224654297, 0.6407324395989366, 0.5794928223323974, 0.6062155033833654, 0.6318723401682221, 0.5794323340980685, 0.5839221913301098, 0.5378056178341836, 0.5363023366055394, 0.5406594305777399, 0.5428736924065407, 0.5325231600671896, 0.5431747769195441, 0.5236575342800267, 0.5403385030131905, 0.548658624869297], [0.7814580224034282, 1.0, 0.837989375276137, 0.8100656176520145, 0.7591225898750144, 0.7511497640858393, 0.6988137981091873, 0.6701894861720282, 0.714251956731982, 0.6306410267391614, 0.6579701800005074, 0.6178370226805907, 0.6117188579596111, 0.6164832258041207, 0.5877680612273337, 0.5889910490265824, 0.5999861494098672, 0.5967786941317397, 0.6384463987841376, 0.6388516038788528], [0.6948464296210353, 0.837989375276137, 1.0, 0.8704496992722707, 0.8162395413568423, 0.7722106791193208, 0.7258839067595334, 0.6853917733123231, 0.7538574168692431, 0.6977575044363599, 0.7169559314224894, 0.6652917234900819, 0.6487502121209339, 0.6758251209333301, 0.6399069696475941, 0.6673986744999112, 0.6131873040375151, 0.6834518799833018, 0.653941034426993, 0.6572073261529017], [0.7110510291046257, 0.8100656176520145, 0.8704496992722707, 1.0, 0.8582488178505999, 0.8083051146638941, 0.7939750979135132, 0.7583510469865467, 0.7815680090881845, 0.7476170923382262, 0.7483032826947881, 0.703118550581806, 0.7203505889061005, 0.7126437494050538, 0.6933178370233471, 0.6971227182451918, 0.7005471770551621, 0.7027497696841468, 0.7132942216278428, 0.6974203385679048], [0.642972224654297, 0.7591225898750144, 0.8162395413568423, 0.8582488178505999, 1.0, 0.8185433247937313, 0.7833808139721571, 0.7214111676463865, 0.7576435577896973, 0.7172684149177373, 0.7249249292523355, 0.6851661686766639, 0.6955348902629688, 0.7235408695107765, 0.6782916728330989, 0.6966636865121855, 0.708614967844529, 0.7351084357692104, 0.6434667950504701, 0.7094466714277028], [0.6407324395989366, 0.7511497640858393, 0.7722106791193208, 0.8083051146638941, 0.8185433247937313, 1.0, 0.8314235214418116, 0.7822376929946443, 0.7799840673855892, 0.7582828955877569, 0.7498454510754526, 0.7031295867960491, 0.7124491624805406, 0.7083734779356531, 0.6486399355903639, 0.6672950155645574, 0.6587213929515572, 0.6856233837738782, 0.7088053042691492, 0.6863725809799888], [0.5794928223323974, 0.6988137981091873, 0.7258839067595334, 0.7939750979135132, 0.7833808139721571, 0.8314235214418116, 1.0, 0.7573271067967062, 0.7863382750607325, 0.737681620408052, 0.753382547882107, 0.6985490328780897, 0.7625034997741117, 0.7112923438979211, 0.6892162931304449, 0.7169836512241053, 0.6733752046403143, 0.7114705647733264, 0.7146120668308872, 0.7000982127245972], [0.6062155033833654, 0.6701894861720282, 0.6853917733123231, 0.7583510469865467, 0.7214111676463865, 0.7822376929946443, 0.7573271067967062, 1.0, 0.8216314017359699, 0.7963070439584846, 0.7751081195921288, 0.7488375451584777, 0.7505536375611034, 0.6901418890280958, 0.670217383909405, 0.6514655846193219, 0.6668599429887123, 0.6487022396332836, 0.7197910272309881, 0.6644198596547723], [0.6318723401682221, 0.714251956731982, 0.7538574168692431, 0.7815680090881845, 0.7576435577896973, 0.7799840673855892, 0.7863382750607325, 0.8216314017359699, 1.0, 0.8299470417314936, 0.8071264564308044, 0.7950638243366639, 0.763208736221162, 0.728188543658642, 0.7311950963476639, 0.7067410191869046, 0.6740449707592545, 0.7066031778850804, 0.7142770429904877, 0.7326781196700426], [0.5794323340980685, 0.6306410267391614, 0.6977575044363599, 0.7476170923382262, 0.7172684149177373, 0.7582828955877569, 0.737681620408052, 0.7963070439584846, 0.8299470417314936, 1.0, 0.750417998864059, 0.7280994423734672, 0.7171447222516362, 0.6986813157281074, 0.6895176938426142, 0.6915514295629005, 0.6523881068154289, 0.6921130320827993, 0.6877079371757565, 0.6940315986397676], [0.5839221913301098, 0.6579701800005074, 0.7169559314224894, 0.7483032826947881, 0.7249249292523355, 0.7498454510754526, 0.753382547882107, 0.7751081195921288, 0.8071264564308044, 0.750417998864059, 1.0, 0.8407904316532518, 0.7588590739499428, 0.7058919151408364, 0.6964666799807339, 0.6738425084427243, 0.6961064225672041, 0.6892092865432439, 0.6783590909903271, 0.6809577090470523], [0.5378056178341836, 0.6178370226805907, 0.6652917234900819, 0.703118550581806, 0.6851661686766639, 0.7031295867960491, 0.6985490328780897, 0.7488375451584777, 0.7950638243366639, 0.7280994423734672, 0.8407904316532518, 1.0, 0.773829921654846, 0.7279364952630043, 0.7000268050681432, 0.6649809507017868, 0.6687072365020211, 0.6920497300419289, 0.6705419839461789, 0.66538849321626], [0.5363023366055394, 0.6117188579596111, 0.6487502121209339, 0.7203505889061005, 0.6955348902629688, 0.7124491624805406, 0.7625034997741117, 0.7505536375611034, 0.763208736221162, 0.7171447222516362, 0.7588590739499428, 0.773829921654846, 1.0, 0.8189693109911971, 0.7757629219260437, 0.7548753791533689, 0.737237578052785, 0.7218029229029398, 0.7252119507938117, 0.7155622944702559], [0.5406594305777399, 0.6164832258041207, 0.6758251209333301, 0.7126437494050538, 0.7235408695107765, 0.7083734779356531, 0.7112923438979211, 0.6901418890280958, 0.728188543658642, 0.6986813157281074, 0.7058919151408364, 0.7279364952630043, 0.8189693109911971, 1.0, 0.8114637058830944, 0.7573368341057898, 0.7204732760922404, 0.7519743231664594, 0.7026638055325065, 0.731469522410024], [0.5428736924065407, 0.5877680612273337, 0.6399069696475941, 0.6933178370233471, 0.6782916728330989, 0.6486399355903639, 0.6892162931304449, 0.670217383909405, 0.7311950963476639, 0.6895176938426142, 0.6964666799807339, 0.7000268050681432, 0.7757629219260437, 0.8114637058830944, 1.0, 0.8094346344866838, 0.7512777742186052, 0.7433437228571996, 0.740736828868555, 0.7469194877669187], [0.5325231600671896, 0.5889910490265824, 0.6673986744999112, 0.6971227182451918, 0.6966636865121855, 0.6672950155645574, 0.7169836512241053, 0.6514655846193219, 0.7067410191869046, 0.6915514295629005, 0.6738425084427243, 0.6649809507017868, 0.7548753791533689, 0.7573368341057898, 0.8094346344866838, 1.0, 0.781238774901833, 0.8073314689901755, 0.7270430050843486, 0.7426451929960033], [0.5431747769195441, 0.5999861494098672, 0.6131873040375151, 0.7005471770551621, 0.708614967844529, 0.6587213929515572, 0.6733752046403143, 0.6668599429887123, 0.6740449707592545, 0.6523881068154289, 0.6961064225672041, 0.6687072365020211, 0.737237578052785, 0.7204732760922404, 0.7512777742186052, 0.781238774901833, 1.0, 0.8000533912626472, 0.6950890939595716, 0.6992917884692773], [0.5236575342800267, 0.5967786941317397, 0.6834518799833018, 0.7027497696841468, 0.7351084357692104, 0.6856233837738782, 0.7114705647733264, 0.6487022396332836, 0.7066031778850804, 0.6921130320827993, 0.6892092865432439, 0.6920497300419289, 0.7218029229029398, 0.7519743231664594, 0.7433437228571996, 0.8073314689901755, 0.8000533912626472, 1.0, 0.7453085315482068, 0.7600186884381332], [0.5403385030131905, 0.6384463987841376, 0.653941034426993, 0.7132942216278428, 0.6434667950504701, 0.7088053042691492, 0.7146120668308872, 0.7197910272309881, 0.7142770429904877, 0.6877079371757565, 0.6783590909903271, 0.6705419839461789, 0.7252119507938117, 0.7026638055325065, 0.740736828868555, 0.7270430050843486, 0.6950890939595716, 0.7453085315482068, 1.0, 0.758355974284864], [0.548658624869297, 0.6388516038788528, 0.6572073261529017, 0.6974203385679048, 0.7094466714277028, 0.6863725809799888, 0.7000982127245972, 0.6644198596547723, 0.7326781196700426, 0.6940315986397676, 0.6809577090470523, 0.66538849321626, 0.7155622944702559, 0.731469522410024, 0.7469194877669187, 0.7426451929960033, 0.6992917884692773, 0.7600186884381332, 0.758355974284864, 1.0]], "1": [[1.0, 0.24514478448101748, 0.1104198569622317, 0.17515443090760377, 0.1841528378687626, 0.1378002751275349, 0.08858194394039894, 0.08932809546822276, 0.1317194292333937, 0.10480123288853245, 0.10142472253794405, 0.1568323073665468, 0.0954501066502585, 0.0975468540044495, 0.13155808644391628, 0.11337971839997248, 0.09018078556348404, 0.12384118117931991, 0.08718485042717297, 0.12350698760922302], [0.24514478448101748, 1.0, 0.12655350393375864, 0.11670652930120136, 0.1166250199436669, 0.12344653081685229, 0.0666195669489029, 0.10035384981977805, 0.17987501829693392, 0.10547497173250589, 0.11966011763051909, 0.11792847113738267, 0.09095662489275592, 0.07635019410542769, 0.08926281160030883, 0.10997884250687467, 0.07237364812006518, 0.10145254284400716, 0.05741375403756349, 0.08433983363070104], [0.1104198569622317, 0.12655350393375864, 1.0, 0.23949451070311029, 0.18311629569657334, 0.07403136614127678, 0.11933025294683246, 0.08162805338776098, 0.04780658259085653, 0.10488320378617906, 0.06943882748775326, 0.1336123934047438, 0.1080138783951091, 0.1000103940902203, 0.072016804841632, 0.09118543597969954, 0.10689092297950231, 0.05306809176661282, 0.04760357628402185, 0.13323798296547054], [0.17515443090760377, 0.11670652930120136, 0.23949451070311029, 1.0, 0.2634756398574713, 0.09136754711094447, 0.1369546689037987, 0.05379327149628662, 0.05594397732747704, 0.06980220629740919, 0.0809378708001921, 0.17075714115694896, 0.07271137178880109, 0.06681185978231641, 0.08982819222694557, 0.08948140104322617, 0.08036827127380727, 0.063904164549442, 0.04986468358260605, 0.10527598429324549], [0.1841528378687626, 0.1166250199436669, 0.18311629569657334, 0.2634756398574713, 1.0, 0.13437810590649824, 0.1294120223617778, 0.05706376910162993, 0.05946710382664767, 0.07119539904221513, 0.09123202888516158, 0.1354474437480961, 0.066960735564648, 0.05093342935321408, 0.0629284779157201, 0.0870266831837734, 0.05417672621177101, 0.08079114542679089, 0.058592736800657595, 0.11193041885314683], [0.1378002751275349, 0.12344653081685229, 0.07403136614127678, 0.09136754711094447, 0.13437810590649824, 1.0, 0.25831181548239224, 0.07986475573558735, 0.08237820742089107, 0.07917807993567985, 0.14821323610451656, 0.08994068545153933, 0.05717054236419969, 0.11994158179316021, 0.13848608672199497, 0.04911735533689928, 0.071706521291322, 0.0815290235250599, 0.06384516954732583, 0.09699285884103823], [0.08858194394039894, 0.0666195669489029, 0.11933025294683246, 0.1369546689037987, 0.1294120223617778, 0.25831181548239224, 1.0, 0.05587404706319274, 0.048659470326671936, 0.0864590098243457, 0.1041030545843397, 0.09231117107643848, 0.0586659507839645, 0.15276282287641924, 0.08155560253387685, 0.04198608318971807, 0.05867992048430271, 0.055467497322411505, 0.06882962362985592, 0.10556538449319905], [0.08932809546822276, 0.10035384981977805, 0.08162805338776098, 0.05379327149628662, 0.05706376910162993, 0.07986475573558735, 0.05587404706319274, 1.0, 0.12047213552992095, 0.15304674868192458, 0.09007858546633536, 0.11688666660651102, 0.0852308127108844, 0.05757013949828287, 0.08600439067499976, 0.059480539980423124, 0.06453723254253595, 0.08463297190492489, 0.05392544458713, 0.10387163028420872], [0.1317194292333937, 0.17987501829693392, 0.04780658259085653, 0.05594397732747704, 0.05946710382664767, 0.08237820742089107, 0.048659470326671936, 0.12047213552992095, 1.0, 0.11037345400892326, 0.1917489507954325, 0.09712642959881201, 0.07507157040991763, 0.058343706251791805, 0.07544064932166228, 0.08148330272630547, 0.06033652957297571, 0.0629989844215806, 0.04140244364717534, 0.06389502753365012], [0.10480123288853245, 0.10547497173250589, 0.10488320378617906, 0.06980220629740919, 0.07119539904221513, 0.07917807993567985, 0.0864590098243457, 0.15304674868192458, 0.11037345400892326, 1.0, 0.15733144123505902, 0.08034685842829427, 0.10318082671589944, 0.08062251653650111, 0.08367230501363629, 0.10589817370814522, 0.08045755265712175, 0.08013018521330488, 0.07113485253027613, 0.10837840165057473], [0.10142472253794405, 0.11966011763051909, 0.06943882748775326, 0.0809378708001921, 0.09123202888516158, 0.14821323610451656, 0.1041030545843397, 0.09007858546633536, 0.1917489507954325, 0.15733144123505902, 1.0, 0.17204784459141131, 0.08171836019091339, 0.05757140632016519, 0.07658993932959829, 0.07904039326657473, 0.054301164028054, 0.08586933821604302, 0.07219228987926142, 0.09353204820229148], [0.1568323073665468, 0.11792847113738267, 0.1336123934047438, 0.17075714115694896, 0.1354474437480961, 0.08994068545153933, 0.09231117107643848, 0.11688666660651102, 0.09712642959881201, 0.08034685842829427, 0.17204784459141131, 1.0, 0.10695776332149204, 0.05980850378428719, 0.07857523233130546, 0.14096578099567691, 0.07985783323076684, 0.09968704081294584, 0.05960412378203711, 0.11382831100583665], [0.0954501066502585, 0.09095662489275592, 0.1080138783951091, 0.07271137178880109, 0.066960735564648, 0.05717054236419969, 0.0586659507839645, 0.0852308127108844, 0.07507157040991763, 0.10318082671589944, 0.08171836019091339, 0.10695776332149204, 1.0, 0.07800358565204221, 0.04545019850589476, 0.06640472680741598, 0.06725817543265288, 0.0547096520787627, 0.0499273997004072, 0.14203673347291343], [0.0975468540044495, 0.07635019410542769, 0.1000103940902203, 0.06681185978231641, 0.05093342935321408, 0.11994158179316021, 0.15276282287641924, 0.05757013949828287, 0.058343706251791805, 0.08062251653650111, 0.05757140632016519, 0.05980850378428719, 0.07800358565204221, 1.0, 0.06943703034655385, 0.05565398973662712, 0.05208088172648915, 0.07408565738191886, 0.06693065110996928, 0.07833001785706162], [0.13155808644391628, 0.08926281160030883, 0.072016804841632, 0.08982819222694557, 0.0629284779157201, 0.13848608672199497, 0.08155560253387685, 0.08600439067499976, 0.07544064932166228, 0.08367230501363629, 0.07658993932959829, 0.07857523233130546, 0.04545019850589476, 0.06943703034655385, 1.0, 0.12253703095828003, 0.11610245484346, 0.07748408046787177, 0.048319208828917715, 0.08495327162641185], [0.11337971839997248, 0.10997884250687467, 0.09118543597969954, 0.08948140104322617, 0.0870266831837734, 0.04911735533689928, 0.04198608318971807, 0.059480539980423124, 0.08148330272630547, 0.10589817370814522, 0.07904039326657473, 0.14096578099567691, 0.06640472680741598, 0.05565398973662712, 0.12253703095828003, 1.0, 0.09383502822876623, 0.14717400940501355, 0.05819653090618062, 0.10528367238475811], [0.09018078556348404, 0.07237364812006518, 0.10689092297950231, 0.08036827127380727, 0.05417672621177101, 0.071706521291322, 0.05867992048430271, 0.06453723254253595, 0.06033652957297571, 0.08045755265712175, 0.054301164028054, 0.07985783323076684, 0.06725817543265288, 0.05208088172648915, 0.11610245484346, 0.09383502822876623, 1.0, 0.08871326931560518, 0.0455369590051044, 0.09637690710679318], [0.12384118117931991, 0.10145254284400716, 0.05306809176661282, 0.063904164549442, 0.08079114542679089, 0.0815290235250599, 0.055467497322411505, 0.08463297190492489, 0.0629989844215806, 0.08013018521330488, 0.08586933821604302, 0.09968704081294584, 0.0547096520787627, 0.07408565738191886, 0.07748408046787177, 0.14717400940501355, 0.08871326931560518, 1.0, 0.08615780707914886, 0.11489910389387689], [0.08718485042717297, 0.05741375403756349, 0.04760357628402185, 0.04986468358260605, 0.058592736800657595, 0.06384516954732583, 0.06882962362985592, 0.05392544458713, 0.04140244364717534, 0.07113485253027613, 0.07219228987926142, 0.05960412378203711, 0.0499273997004072, 0.06693065110996928, 0.048319208828917715, 0.05819653090618062, 0.0455369590051044, 0.08615780707914886, 1.0, 0.08240154257644611], [0.12350698760922302, 0.08433983363070104, 0.13323798296547054, 0.10527598429324549, 0.11193041885314683, 0.09699285884103823, 0.10556538449319905, 0.10387163028420872, 0.06389502753365012, 0.10837840165057473, 0.09353204820229148, 0.11382831100583665, 0.14203673347291343, 0.07833001785706162, 0.08495327162641185, 0.10528367238475811, 0.09637690710679318, 0.11489910389387689, 0.08240154257644611, 1.0]], "2": [[1.0, 0.3283440781107523, 0.2529031259017297, 0.18450656591505374, 0.20706912112246684, 0.2965961673199435, 0.20069540252832047, 0.20706179158353155, 0.2740959136089053, 0.3426384580103511, 0.16919526208465172, 0.26119581728993485, 0.1566450008127887, 0.1423186314033519, 0.16448819387981986, 0.20755062627701704, 0.24205934370660598, 0.18830053868183094, 0.16554283813612267, 0.19322700222236072], [0.3283440781107523, 1.0, 0.22344352835159756, 0.17347269322938164, 0.23086832602795038, 0.2642221565608025, 0.25762286656142075, 0.19516884612595506, 0.24428366311674704, 0.1932984479145381, 0.1500066434382409, 0.23167224437826295, 0.18926697773073645, 0.2190612649979572, 0.14059388224895894, 0.18411206762524224, 0.23519615454914358, 0.1784227600696158, 0.14419511340363725, 0.19255478467332982], [0.2529031259017297, 0.22344352835159756, 1.0, 0.19394216246324875, 0.1536646859001155, 0.18964731607615623, 0.17684835642917285, 0.19879470016650685, 0.2360051481686374, 0.22904446181544072, 0.17064524319764454, 0.21079279418422783, 0.11495117184107033, 0.13754658474182696, 0.12279860991290985, 0.20295748896612012, 0.22209275228930234, 0.24003570919095557, 0.13772413023575203, 0.22939099633026622], [0.18450656591505374, 0.17347269322938164, 0.19394216246324875, 1.0, 0.20492698528432146, 0.19069972467362836, 0.20857548177678423, 0.14257554920769006, 0.18886275488298696, 0.11832049083835056, 0.18826222213565746, 0.2418357538028474, 0.18611806529597502, 0.19174116517915976, 0.1405906893871902, 0.17921875241015583, 0.11453356094252183, 0.16693110113876664, 0.0869733890359963, 0.2380332314330915], [0.20706912112246684, 0.23086832602795038, 0.1536646859001155, 0.20492698528432146, 1.0, 0.09612577584425613, 0.18261600325131766, 0.14247909304037631, 0.16028224409224429, 0.11539136590489348, 0.12013818861071063, 0.1345138681538084, 0.1429446567352606, 0.2319965011699589, 0.1240612149042374, 0.16941528239686673, 0.253658570186765, 0.17794406428724108, 0.08728314889811728, 0.1574963866240005], [0.2965961673199435, 0.2642221565608025, 0.18964731607615623, 0.19069972467362836, 0.09612577584425613, 1.0, 0.30326229667622223, 0.1532330463872607, 0.2130584831231114, 0.2928476257445538, 0.187061072049542, 0.2897464193384524, 0.1618333043808099, 0.08741803572139349, 0.13094927760046876, 0.11612772476626823, 0.14395837510501866, 0.15675909312794228, 0.21073976384332557, 0.1667332806710721], [0.20069540252832047, 0.25762286656142075, 0.17684835642917285, 0.20857548177678423, 0.18261600325131766, 0.30326229667622223, 1.0, 0.21745440529953716, 0.20821299903815357, 0.21495098713094513, 0.15184028468273286, 0.29437350029242415, 0.2083228417904875, 0.24665824220847948, 0.1259921853326249, 0.19373441032324287, 0.14010498066111665, 0.20339491490414197, 0.12435483826486737, 0.2493850939117718], [0.20706179158353155, 0.19516884612595506, 0.19879470016650685, 0.14257554920769006, 0.14247909304037631, 0.1532330463872607, 0.21745440529953716, 1.0, 0.19925334447748883, 0.256814277594798, 0.21904138274126692, 0.22235137650564185, 0.1358695343003663, 0.1379907639383495, 0.1063044785125348, 0.17843261223701065, 0.19004245761123686, 0.26504768640827453, 0.2234948690838029, 0.2201463611219682], [0.2740959136089053, 0.24428366311674704, 0.2360051481686374, 0.18886275488298696, 0.16028224409224429, 0.2130584831231114, 0.20821299903815357, 0.19925334447748883, 1.0, 0.20989982710092586, 0.19552743843497375, 0.33640105514768137, 0.164337998220076, 0.1758405435980905, 0.14424088461581944, 0.2689717574661485, 0.24040464924331928, 0.26888489082115324, 0.1147616570565287, 0.21695585744809592], [0.3426384580103511, 0.1932984479145381, 0.22904446181544072, 0.11832049083835056, 0.11539136590489348, 0.2928476257445538, 0.21495098713094513, 0.256814277594798, 0.20989982710092586, 1.0, 0.1588893325271805, 0.2533639169043795, 0.12787432574830296, 0.10591995994016701, 0.11319291580650068, 0.17178903943457205, 0.15943568098463506, 0.14721594194921453, 0.18037347050512334, 0.16980057046971278], [0.16919526208465172, 0.1500066434382409, 0.17064524319764454, 0.18826222213565746, 0.12013818861071063, 0.187061072049542, 0.15184028468273286, 0.21904138274126692, 0.19552743843497375, 0.1588893325271805, 1.0, 0.202398487057499, 0.14430356058277258, 0.152094539221022, 0.16508710503318832, 0.20824391397698427, 0.2063769379427707, 0.26380824756757093, 0.21457422282781152, 0.2372963967196462], [0.26119581728993485, 0.23167224437826295, 0.21079279418422783, 0.2418357538028474, 0.1345138681538084, 0.2897464193384524, 0.29437350029242415, 0.22235137650564185, 0.33640105514768137, 0.2533639169043795, 0.202398487057499, 1.0, 0.19576571895299918, 0.21073652786724337, 0.08878222544327814, 0.26702291489482155, 0.15993363144734998, 0.2514191833325654, 0.16375215258655434, 0.2610749830698763], [0.1566450008127887, 0.18926697773073645, 0.11495117184107033, 0.18611806529597502, 0.1429446567352606, 0.1618333043808099, 0.2083228417904875, 0.1358695343003663, 0.164337998220076, 0.12787432574830296, 0.14430356058277258, 0.19576571895299918, 1.0, 0.26900838829649226, 0.13431882090432481, 0.21379555238998396, 0.14530283895839885, 0.14210976849624202, 0.2051468086300475, 0.2553602320631126], [0.1423186314033519, 0.2190612649979572, 0.13754658474182696, 0.19174116517915976, 0.2319965011699589, 0.08741803572139349, 0.24665824220847948, 0.1379907639383495, 0.1758405435980905, 0.10591995994016701, 0.152094539221022, 0.21073652786724337, 0.26900838829649226, 1.0, 0.1343590085297631, 0.20599389595396847, 0.20368714025584428, 0.2205154538916362, 0.13838001679131415, 0.2451568213840536], [0.16448819387981986, 0.14059388224895894, 0.12279860991290985, 0.1405906893871902, 0.1240612149042374, 0.13094927760046876, 0.1259921853326249, 0.1063044785125348, 0.14424088461581944, 0.11319291580650068, 0.16508710503318832, 0.08878222544327814, 0.13431882090432481, 0.1343590085297631, 1.0, 0.12164414683289075, 0.19407040002121587, 0.13798271702132583, 0.11893358756900664, 0.17977296678631416], [0.20755062627701704, 0.18411206762524224, 0.20295748896612012, 0.17921875241015583, 0.16941528239686673, 0.11612772476626823, 0.19373441032324287, 0.17843261223701065, 0.2689717574661485, 0.17178903943457205, 0.20824391397698427, 0.26702291489482155, 0.21379555238998396, 0.20599389595396847, 0.12164414683289075, 1.0, 0.22011739280654807, 0.2698386780282337, 0.13028960980418675, 0.260389636691358], [0.24205934370660598, 0.23519615454914358, 0.22209275228930234, 0.11453356094252183, 0.253658570186765, 0.14395837510501866, 0.14010498066111665, 0.19004245761123686, 0.24040464924331928, 0.15943568098463506, 0.2063769379427707, 0.15993363144734998, 0.14530283895839885, 0.20368714025584428, 0.19407040002121587, 0.22011739280654807, 1.0, 0.27055165867791064, 0.185513798261898, 0.18786711955430746], [0.18830053868183094, 0.1784227600696158, 0.24003570919095557, 0.16693110113876664, 0.17794406428724108, 0.15675909312794228, 0.20339491490414197, 0.26504768640827453, 0.26888489082115324, 0.14721594194921453, 0.26380824756757093, 0.2514191833325654, 0.14210976849624202, 0.2205154538916362, 0.13798271702132583, 0.2698386780282337, 0.27055165867791064, 1.0, 0.1669525589581135, 0.2960077648075121], [0.16554283813612267, 0.14419511340363725, 0.13772413023575203, 0.0869733890359963, 0.08728314889811728, 0.21073976384332557, 0.12435483826486737, 0.2234948690838029, 0.1147616570565287, 0.18037347050512334, 0.21457422282781152, 0.16375215258655434, 0.2051468086300475, 0.13838001679131415, 0.11893358756900664, 0.13028960980418675, 0.185513798261898, 0.1669525589581135, 1.0, 0.2086007222508859], [0.19322700222236072, 0.19255478467332982, 0.22939099633026622, 0.2380332314330915, 0.1574963866240005, 0.1667332806710721, 0.2493850939117718, 0.2201463611219682, 0.21695585744809592, 0.16980057046971278, 0.2372963967196462, 0.2610749830698763, 0.2553602320631126, 0.2451568213840536, 0.17977296678631416, 0.260389636691358, 0.18786711955430746, 0.2960077648075121, 0.2086007222508859, 1.0]]}, "per_layer_inter": {"0": 0.7063700217702223, "1": 0.09449840703888779, "2": 0.19162652887634601}, "O_inter": 0.33083165256181873, "O_intra": 1.0, "Obar": 0.33083165256181873, "inner": -0.6691683474381813}, "phase_stability": {"0": {"layer": 0, "S_matrix": [[1.0, 0.3775108291457071, 0.269028698992933, 0.2199659928381281, 0.2048572867242564, 0.18203934408861652, 0.13900685722410544, 0.13399743964180452, 0.13410810819345653, 0.12729450460438776, 0.11542405100380039, 0.10625998089089814, 0.10095354340716191, 0.10264226171355256, 0.08978098662631757, 0.09888128146821029, 0.09567600623455873, 0.08638791727809728, 0.08437697554777873, 0.08067919145267323], [0.3775108291457071, 1.0, 0.34545364658065353, 0.2808530178418877, 0.2504788305956969, 0.208866978309179, 0.18133594849789045, 0.16195914044107754, 0.16565552968605976, 0.15281878355130077, 0.1375007592972418, 0.1313872958630027, 0.11716070196883015, 0.11232813721353108, 0.0996416637400159, 0.11387032632731911, 0.10835433516439877, 0.10524079714041891, 0.09659549595832385, 0.09101316840519844], [0.269028698992933, 0.34545364658065353, 1.0, 0.32625731343429987, 0.3010244593975032, 0.23810515272471092, 0.1904966647489246, 0.17825703355454403, 0.17029028895550768, 0.15460465074005036, 0.1403323832521393, 0.13076260389866984, 0.12231492149017582, 0.12214212374293856, 0.1220424352919474, 0.12651517806828666, 0.12365084922948516, 0.11989413913271366, 0.10503882492845965, 0.10024493983523834], [0.2199659928381281, 0.2808530178418877, 0.32625731343429987, 1.0, 0.3247487139503802, 0.2782362719696765, 0.22434470990184283, 0.20399110049187535, 0.20156994374744697, 0.17396645706769817, 0.16048490380525254, 0.145227329884927, 0.14231302016798297, 0.14186596724899053, 0.12930276478084624, 0.14009026996029, 0.12747981546239698, 0.1258539222736958, 0.11388071054693813, 0.11190853994854506], [0.2048572867242564, 0.2504788305956969, 0.3010244593975032, 0.3247487139503802, 1.0, 0.29237679342849515, 0.2459588994309046, 0.22033383012579538, 0.21129520616056208, 0.1824962457747677, 0.16412068943112945, 0.16215287811742699, 0.14861400531645072, 0.14617195415744172, 0.13217004718030345, 0.13574698603748683, 0.13727667307239813, 0.12937615962877605, 0.10964058716799036, 0.11195214663800448], [0.18203934408861652, 0.208866978309179, 0.23810515272471092, 0.2782362719696765, 0.29237679342849515, 1.0, 0.28669754394759633, 0.2543986423568782, 0.22289827143125987, 0.21540697780176238, 0.1863196079725911, 0.1750327565106544, 0.16021500273870146, 0.15631923607299697, 0.14418264752951224, 0.1465654377172458, 0.12886895281590732, 0.1319209583529936, 0.1335441105271148, 0.130178334570448], [0.13900685722410544, 0.18133594849789045, 0.1904966647489246, 0.22434470990184283, 0.2459588994309046, 0.28669754394759633, 1.0, 0.2795243387843815, 0.26710457587544384, 0.23528314206643994, 0.1984571674662693, 0.19151932976255404, 0.17879985567673504, 0.17262791830457427, 0.15303557582967897, 0.15804030026272697, 0.14139990294503704, 0.14632757140352928, 0.1259835223882671, 0.12811855174625497], [0.13399743964180452, 0.16195914044107754, 0.17825703355454403, 0.20399110049187535, 0.22033383012579538, 0.2543986423568782, 0.2795243387843815, 1.0, 0.35683828216636204, 0.28021601268691526, 0.23972266626064215, 0.20476546595416056, 0.20369995937474178, 0.18860583659710564, 0.16668377514405658, 0.15939677409849443, 0.14834493641223928, 0.14411905898270916, 0.12249650326017483, 0.12358858928216934], [0.13410810819345653, 0.16565552968605976, 0.17029028895550768, 0.20156994374744697, 0.21129520616056208, 0.22289827143125987, 0.26710457587544384, 0.35683828216636204, 1.0, 0.35738350119475626, 0.2764624200062538, 0.23555230652931267, 0.2148243949946744, 0.21355058020707016, 0.17719201711330854, 0.1734807029969623, 0.17136698622634178, 0.15069774407344053, 0.1263724685253819, 0.13569227544875773], [0.12729450460438776, 0.15281878355130077, 0.15460465074005036, 0.17396645706769817, 0.1824962457747677, 0.21540697780176238, 0.23528314206643994, 0.28021601268691526, 0.35738350119475626, 1.0, 0.37066122488121067, 0.27114805978764167, 0.2751549470033847, 0.22384969524086365, 0.18500908422178258, 0.1863201928372595, 0.17344359449583563, 0.16260039842757068, 0.1378258707596267, 0.13826594917598212], [0.11542405100380039, 0.1375007592972418, 0.1403323832521393, 0.16048490380525254, 0.16412068943112945, 0.1863196079725911, 0.1984571674662693, 0.23972266626064215, 0.2764624200062538, 0.37066122488121067, 1.0, 0.36591100020426437, 0.3027220244518606, 0.2603119094154948, 0.20734846598780127, 0.20438253703160922, 0.18296299833957155, 0.1667422652561979, 0.14892279118902813, 0.13619328647810894], [0.10625998089089814, 0.1313872958630027, 0.13076260389866984, 0.145227329884927, 0.16215287811742699, 0.1750327565106544, 0.19151932976255404, 0.20476546595416056, 0.23555230652931267, 0.27114805978764167, 0.36591100020426437, 1.0, 0.30913935564280176, 0.260186325949715, 0.21511229175636945, 0.19970780130707866, 0.18383278133563713, 0.1662521530517098, 0.14054361082284328, 0.1347977721055189], [0.10095354340716191, 0.11716070196883015, 0.12231492149017582, 0.14231302016798297, 0.14861400531645072, 0.16021500273870146, 0.17879985567673504, 0.20369995937474178, 0.2148243949946744, 0.2751549470033847, 0.3027220244518606, 0.30913935564280176, 1.0, 0.35089949169253637, 0.2575233898553973, 0.2462140824127069, 0.2079129085911854, 0.20804239243091352, 0.1642964483439567, 0.1584565217902912], [0.10264226171355256, 0.11232813721353108, 0.12214212374293856, 0.14186596724899053, 0.14617195415744172, 0.15631923607299697, 0.17262791830457427, 0.18860583659710564, 0.21355058020707016, 0.22384969524086365, 0.2603119094154948, 0.260186325949715, 0.35089949169253637, 1.0, 0.3248700839165479, 0.3196197466607553, 0.24521749962831327, 0.22240844397891138, 0.18127487236233547, 0.16397692466860547], [0.08978098662631757, 0.0996416637400159, 0.1220424352919474, 0.12930276478084624, 0.13217004718030345, 0.14418264752951224, 0.15303557582967897, 0.16668377514405658, 0.17719201711330854, 0.18500908422178258, 0.20734846598780127, 0.21511229175636945, 0.2575233898553973, 0.3248700839165479, 1.0, 0.3258274707341756, 0.2752781227192307, 0.23875256913053675, 0.20233335508920022, 0.1829666851049816], [0.09888128146821029, 0.11387032632731911, 0.12651517806828666, 0.14009026996029, 0.13574698603748683, 0.1465654377172458, 0.15804030026272697, 0.15939677409849443, 0.1734807029969623, 0.1863201928372595, 0.20438253703160922, 0.19970780130707866, 0.2462140824127069, 0.3196197466607553, 0.3258274707341756, 1.0, 0.36029227918165463, 0.28964756252183044, 0.24099513136972917, 0.2062705252144474], [0.09567600623455873, 0.10835433516439877, 0.12365084922948516, 0.12747981546239698, 0.13727667307239813, 0.12886895281590732, 0.14139990294503704, 0.14834493641223928, 0.17136698622634178, 0.17344359449583563, 0.18296299833957155, 0.18383278133563713, 0.2079129085911854, 0.24521749962831327, 0.2752781227192307, 0.36029227918165463, 1.0, 0.33778261618585675, 0.25282033872218773, 0.20704647491743994], [0.08638791727809728, 0.10524079714041891, 0.11989413913271366, 0.1258539222736958, 0.12937615962877605, 0.1319209583529936, 0.14632757140352928, 0.14411905898270916, 0.15069774407344053, 0.16260039842757068, 0.1667422652561979, 0.1662521530517098, 0.20804239243091352, 0.22240844397891138, 0.23875256913053675, 0.28964756252183044, 0.33778261618585675, 1.0, 0.35502802762691094, 0.2840802872158424], [0.08437697554777873, 0.09659549595832385, 0.10503882492845965, 0.11388071054693813, 0.10964058716799036, 0.1335441105271148, 0.1259835223882671, 0.12249650326017483, 0.1263724685253819, 0.1378258707596267, 0.14892279118902813, 0.14054361082284328, 0.1642964483439567, 0.18127487236233547, 0.20233335508920022, 0.24099513136972917, 0.25282033872218773, 0.35502802762691094, 1.0, 0.4032247098336487], [0.08067919145267323, 0.09101316840519844, 0.10024493983523834, 0.11190853994854506, 0.11195214663800448, 0.130178334570448, 0.12811855174625497, 0.12358858928216934, 0.13569227544875773, 0.13826594917598212, 0.13619328647810894, 0.1347977721055189, 0.1584565217902912, 0.16397692466860547, 0.1829666851049816, 0.2062705252144474, 0.20704647491743994, 0.2840802872158424, 0.4032247098336487, 1.0]], "mean_cross_task_stability": 0.1894659903074277, "score": "ami"}, "1": {"layer": 1, "S_matrix": [[1.0, 0.10485093645171358, 0.049814498681172055, 0.02543100733696375, 0.02390338072827006, 0.01312994847868121, 0.008425786623110597, 0.0051089883627948, 0.005307719947526857, 0.006397068691877052, 0.004196284486811067, 0.005945949181439617, 0.007619539721859128, 0.0029190647113822524, 0.0027675448372338485, 0.0052888686116091726, 0.004946742569020722, 0.004684586861994419, 0.008291418710617256, 0.005319897820456865], [0.10485093645171358, 1.0, 0.13496386395237792, 0.06941826039625588, 0.0494194365480009, 0.03347626577777984, 0.02247854957664017, 0.006827409142251152, 0.005814370646958517, 0.006404396518196877, 0.0035843250434038775, 0.0028694460517727865, 0.0035380572273545274, 0.002777395974441028, 0.0016959083948266626, 0.0040386562514041525, 0.0037033202548967144, 0.001874101096925675, 0.002867916434505913, 0.0030500030233824296], [0.049814498681172055, 0.13496386395237792, 1.0, 0.12854358649462883, 0.06972611694702167, 0.05202622336976919, 0.0355863004703184, 0.007751529276102835, 0.009175219211990325, 0.00785992747209556, 0.005746254833246555, 0.0048258237693317345, 0.003905468395770498, 0.003556489424091176, 0.0027223985462673773, 0.0023980633588169473, 0.003335988191094217, 0.001874390423166524, 0.0030419294812148107, 0.003294020462285325], [0.02543100733696375, 0.06941826039625588, 0.12854358649462883, 1.0, 0.11531585947612231, 0.07019669941141063, 0.05441101741271037, 0.008613815818817747, 0.01371887359686866, 0.010325402163778072, 0.007381837789204728, 0.006622137022502673, 0.004222109937576393, 0.0034434165762287513, 0.0020243712356803377, 0.002