{"rung": "R6", "scenario": "class", "nexp": 20, "epochs": 50, "seed": 0, "metrics": {"Top1_Acc_Exp/eval_phase/test_stream/Task000/Exp000": 0.0, "Top1_Acc_Exp/eval_phase/test_stream/Task000/Exp001": 0.0, "Top1_Acc_Exp/eval_phase/test_stream/Task000/Exp002": 0.0, "Top1_Acc_Exp/eval_phase/test_stream/Task000/Exp003": 0.0, "Top1_Acc_Exp/eval_phase/test_stream/Task000/Exp004": 0.0, "Top1_Acc_Exp/eval_phase/test_stream/Task000/Exp005": 0.0, "Top1_Acc_Exp/eval_phase/test_stream/Task000/Exp006": 0.0, "Top1_Acc_Exp/eval_phase/test_stream/Task000/Exp007": 0.0, "Top1_Acc_Exp/eval_phase/test_stream/Task000/Exp008": 0.0, "Top1_Acc_Exp/eval_phase/test_stream/Task000/Exp009": 0.0, "Top1_Acc_Exp/eval_phase/test_stream/Task000/Exp010": 0.0, "Top1_Acc_Exp/eval_phase/test_stream/Task000/Exp011": 0.0, "Top1_Acc_Exp/eval_phase/test_stream/Task000/Exp012": 0.0, "Top1_Acc_Exp/eval_phase/test_stream/Task000/Exp013": 0.0, "Top1_Acc_Exp/eval_phase/test_stream/Task000/Exp014": 0.0, "Top1_Acc_Exp/eval_phase/test_stream/Task000/Exp015": 0.0, "Top1_Acc_Exp/eval_phase/test_stream/Task000/Exp016": 0.0, "Top1_Acc_Exp/eval_phase/test_stream/Task000/Exp017": 0.0, "Top1_Acc_Exp/eval_phase/test_stream/Task000/Exp018": 0.0, "Top1_Acc_Exp/eval_phase/test_stream/Task000/Exp019": 0.882, "Top1_Acc_Stream/eval_phase/test_stream/Task000": 0.0441, "StreamForgetting/eval_phase/test_stream": 0.8346315789473685, "StreamBWT/eval_phase/test_stream": -0.8346315789473685, "ExperienceForgetting/eval_phase/test_stream/Task000/Exp000": 0.778, "ExperienceBWT/eval_phase/test_stream/Task000/Exp000": -0.778, "ExperienceForgetting/eval_phase/test_stream/Task000/Exp001": 0.906, "ExperienceBWT/eval_phase/test_stream/Task000/Exp001": -0.906, "ExperienceForgetting/eval_phase/test_stream/Task000/Exp002": 0.786, "ExperienceBWT/eval_phase/test_stream/Task000/Exp002": -0.786, "ExperienceForgetting/eval_phase/test_stream/Task000/Exp003": 0.882, "ExperienceBWT/eval_phase/test_stream/Task000/Exp003": -0.882, "ExperienceForgetting/eval_phase/test_stream/Task000/Exp004": 0.772, "ExperienceBWT/eval_phase/test_stream/Task000/Exp004": -0.772, "ExperienceForgetting/eval_phase/test_stream/Task000/Exp005": 0.804, "ExperienceBWT/eval_phase/test_stream/Task000/Exp005": -0.804, "ExperienceForgetting/eval_phase/test_stream/Task000/Exp006": 0.848, "ExperienceBWT/eval_phase/test_stream/Task000/Exp006": -0.848, "ExperienceForgetting/eval_phase/test_stream/Task000/Exp007": 0.878, "ExperienceBWT/eval_phase/test_stream/Task000/Exp007": -0.878, "ExperienceForgetting/eval_phase/test_stream/Task000/Exp008": 0.84, "ExperienceBWT/eval_phase/test_stream/Task000/Exp008": -0.84, "ExperienceForgetting/eval_phase/test_stream/Task000/Exp009": 0.862, "ExperienceBWT/eval_phase/test_stream/Task000/Exp009": -0.862, "ExperienceForgetting/eval_phase/test_stream/Task000/Exp010": 0.86, "ExperienceBWT/eval_phase/test_stream/Task000/Exp010": -0.86, "ExperienceForgetting/eval_phase/test_stream/Task000/Exp011": 0.762, "ExperienceBWT/eval_phase/test_stream/Task000/Exp011": -0.762, "ExperienceForgetting/eval_phase/test_stream/Task000/Exp012": 0.77, "ExperienceBWT/eval_phase/test_stream/Task000/Exp012": -0.77, "ExperienceForgetting/eval_phase/test_stream/Task000/Exp013": 0.864, "ExperienceBWT/eval_phase/test_stream/Task000/Exp013": -0.864, "ExperienceForgetting/eval_phase/test_stream/Task000/Exp014": 0.842, "ExperienceBWT/eval_phase/test_stream/Task000/Exp014": -0.842, "ExperienceForgetting/eval_phase/test_stream/Task000/Exp015": 0.846, "ExperienceBWT/eval_phase/test_stream/Task000/Exp015": -0.846, "ExperienceForgetting/eval_phase/test_stream/Task000/Exp016": 0.894, "ExperienceBWT/eval_phase/test_stream/Task000/Exp016": -0.894, "ExperienceForgetting/eval_phase/test_stream/Task000/Exp017": 0.858, "ExperienceBWT/eval_phase/test_stream/Task000/Exp017": -0.858, "ExperienceForgetting/eval_phase/test_stream/Task000/Exp018": 0.806, "ExperienceBWT/eval_phase/test_stream/Task000/Exp018": -0.806}, "learning_acc": [0.778, 0.906, 0.786, 0.882, 0.772, 0.804, 0.848, 0.878, 0.84, 0.862, 0.86, 0.762, 0.77, 0.864, 0.842, 0.846, 0.894, 0.858, 0.806, 0.882], "acc_matrix": [[0.778, 0.0, 0.0, 0.0, 0.0, 0.0, 0.0, 0.0, 0.0, 0.0, 0.0, 0.0, 0.0, 0.0, 0.0, 0.0, 0.0, 0.0, 0.0, 0.0], [0.0, 0.906, 0.0, 0.0, 0.0, 0.0, 0.0, 0.0, 0.0, 0.0, 0.0, 0.0, 0.0, 0.0, 0.0, 0.0, 0.0, 0.0, 0.0, 0.0], [0.0, 0.0, 0.786, 0.0, 0.0, 0.0, 0.0, 0.0, 0.0, 0.0, 0.0, 0.0, 0.0, 0.0, 0.0, 0.0, 0.0, 0.0, 0.0, 0.0], [0.0, 0.0, 0.0, 0.882, 0.0, 0.0, 0.0, 0.0, 0.0, 0.0, 0.0, 0.0, 0.0, 0.0, 0.0, 0.0, 0.0, 0.0, 0.0, 0.0], [0.0, 0.0, 0.0, 0.0, 0.772, 0.0, 0.0, 0.0, 0.0, 0.0, 0.0, 0.0, 0.0, 0.0, 0.0, 0.0, 0.0, 0.0, 0.0, 0.0], [0.0, 0.0, 0.0, 0.0, 0.0, 0.804, 0.0, 0.0, 0.0, 0.0, 0.0, 0.0, 0.0, 0.0, 0.0, 0.0, 0.0, 0.0, 0.0, 0.0], [0.0, 0.0, 0.0, 0.0, 0.0, 0.0, 0.848, 0.0, 0.0, 0.0, 0.0, 0.0, 0.0, 0.0, 0.0, 0.0, 0.0, 0.0, 0.0, 0.0], [0.0, 0.0, 0.0, 0.0, 0.0, 0.0, 0.0, 0.878, 0.0, 0.0, 0.0, 0.0, 0.0, 0.0, 0.0, 0.0, 0.0, 0.0, 0.0, 0.0], [0.0, 0.0, 0.0, 0.0, 0.0, 0.0, 0.0, 0.0, 0.84, 0.0, 0.0, 0.0, 0.0, 0.0, 0.0, 0.0, 0.0, 0.0, 0.0, 0.0], [0.0, 0.0, 0.0, 0.0, 0.0, 0.0, 0.0, 0.0, 0.0, 0.862, 0.0, 0.0, 0.0, 0.0, 0.0, 0.0, 0.0, 0.0, 0.0, 0.0], [0.0, 0.0, 0.0, 0.0, 0.0, 0.0, 0.0, 0.0, 0.0, 0.0, 0.86, 0.0, 0.0, 0.0, 0.0, 0.0, 0.0, 0.0, 0.0, 0.0], [0.0, 0.0, 0.0, 0.0, 0.0, 0.0, 0.0, 0.0, 0.0, 0.0, 0.0, 0.762, 0.0, 0.0, 0.0, 0.0, 0.0, 0.0, 0.0, 0.0], [0.0, 0.0, 0.0, 0.0, 0.0, 0.0, 0.0, 0.0, 0.0, 0.0, 0.0, 0.0, 0.77, 0.0, 0.0, 0.0, 0.0, 0.0, 0.0, 0.0], [0.0, 0.0, 0.0, 0.0, 0.0, 0.0, 0.0, 0.0, 0.0, 0.0, 0.0, 0.0, 0.0, 0.864, 0.0, 0.0, 0.0, 0.0, 0.0, 0.0], [0.0, 0.0, 0.0, 0.0, 0.0, 0.0, 0.0, 0.0, 0.0, 0.0, 0.0, 0.0, 0.0, 0.0, 0.842, 0.0, 0.0, 0.0, 0.0, 0.0], [0.0, 0.0, 0.0, 0.0, 0.0, 0.0, 0.0, 0.0, 0.0, 0.0, 0.0, 0.0, 0.0, 0.0, 0.0, 0.846, 0.0, 0.0, 0.0, 0.0], [0.0, 0.0, 0.0, 0.0, 0.0, 0.0, 0.0, 0.0, 0.0, 0.0, 0.0, 0.0, 0.0, 0.0, 0.0, 0.0, 0.894, 0.0, 0.0, 0.0], [0.0, 0.0, 0.0, 0.0, 0.0, 0.0, 0.0, 0.0, 0.0, 0.0, 0.0, 0.0, 0.0, 0.0, 0.0, 0.0, 0.0, 0.858, 0.0, 0.0], [0.0, 0.0, 0.0, 0.0, 0.0, 0.0, 0.0, 0.0, 0.0, 0.0, 0.0, 0.0, 0.0, 0.0, 0.0, 0.0, 0.0, 0.0, 0.806, 0.0], [0.0, 0.0, 0.0, 0.0, 0.0, 0.0, 0.0, 0.0, 0.0, 0.0, 0.0, 0.0, 0.0, 0.0, 0.0, 0.0, 0.0, 0.0, 0.0, 0.882]], "avg_forgetting": 83.46315789473685, "bwt": -83.46315789473685, "selfcheck_ok": true, "h3": {"overlap_summary": {"matrices": {"0": [[1.0, 0.6530571086308299, 0.6545056788152188, 0.5659435422891251, 0.54586608727271, 0.5572659720270605, 0.5651029693525557, 0.548069059186731, 0.5407911155651806, 0.5112110286709514, 0.5004647175164356, 0.48485506909692144, 0.512397030238132, 0.3977767393807954, 0.4931488265944251, 0.4755916999720711, 0.46426142922850583, 0.4918640624823904, 0.48494146858121556, 0.4328551234668903], [0.6530571086308299, 1.0, 0.7422136396100742, 0.7035054286626348, 0.6536158852739605, 0.6100530850810181, 0.7011873432171429, 0.6649932889127327, 0.6152437696509553, 0.6212402335407016, 0.6071757906083753, 0.615946159890811, 0.631939263716712, 0.541636389335187, 0.561676958660735, 0.6038450730892991, 0.5889520970745583, 0.5798788785274712, 0.5740175520904738, 0.5385361446668442], [0.6545056788152188, 0.7422136396100742, 1.0, 0.7993455330674569, 0.7403663606080176, 0.7530387487238401, 0.7155131315677526, 0.7256534681951026, 0.7216748232729231, 0.6888478537563618, 0.6307516384690883, 0.6429645972875316, 0.6773316363613495, 0.5511448330918138, 0.6543095278624235, 0.6268861822286312, 0.6030011780312299, 0.6079006922075659, 0.5813671253989329, 0.5686588422099579], [0.5659435422891251, 0.7035054286626348, 0.7993455330674569, 1.0, 0.7747298215833273, 0.7464429373798313, 0.67730849601156, 0.7116401820693642, 0.6719683110218374, 0.6661790828697803, 0.6429060997974647, 0.6381608522083682, 0.6976814722104563, 0.6287931313613531, 0.661875334464864, 0.6432957439782341, 0.621182629406082, 0.6524732165866167, 0.6152507959911798, 0.6489324229209745], [0.54586608727271, 0.6536158852739605, 0.7403663606080176, 0.7747298215833273, 1.0, 0.8507915774617624, 0.8047442900319534, 0.7983589031042491, 0.7582380421640269, 0.7839946225396786, 0.7473708979828994, 0.7170017020801991, 0.7294429468102342, 0.7047861213834143, 0.7585749719140451, 0.7803744466166563, 0.7472259615649957, 0.7403245422646937, 0.6937262141708488, 0.6732505839169007], [0.5572659720270605, 0.6100530850810181, 0.7530387487238401, 0.7464429373798313, 0.8507915774617624, 1.0, 0.8037545337568619, 0.8109074035978583, 0.7839555966347215, 0.7739180030381392, 0.7303696220448814, 0.7036332792112381, 0.7548599840465218, 0.6990252122605999, 0.7574798016295397, 0.7230953635453303, 0.6989133946567216, 0.7284676120930699, 0.708771160649393, 0.6686379983024549], [0.5651029693525557, 0.7011873432171429, 0.7155131315677526, 0.67730849601156, 0.8047442900319534, 0.8037545337568619, 1.0, 0.8217121734182142, 0.7124387401576258, 0.7426073980619355, 0.7248032516244997, 0.663879904875192, 0.7050086639165349, 0.6497251701115713, 0.6837072279168104, 0.701851247832835, 0.6922169670948014, 0.6771789908355594, 0.6621121921147012, 0.6118422396461294], [0.548069059186731, 0.6649932889127327, 0.7256534681951026, 0.7116401820693642, 0.7983589031042491, 0.8109074035978583, 0.8217121734182142, 1.0, 0.8280157217812315, 0.8184105760914843, 0.7566907531724743, 0.7472968934870017, 0.7939616336488275, 0.7103002988894075, 0.7718030093797207, 0.7605353386042654, 0.7087840211186985, 0.7157730658091458, 0.713498927272546, 0.7123701110852123], [0.5407911155651806, 0.6152437696509553, 0.7216748232729231, 0.6719683110218374, 0.7582380421640269, 0.7839555966347215, 0.7124387401576258, 0.8280157217812315, 1.0, 0.8226424846652951, 0.751335822655574, 0.74896441025783, 0.7337561572054359, 0.6217085713970095, 0.7444580334471957, 0.7742280095629772, 0.7044882903961596, 0.7048136871030211, 0.6659957016600134, 0.6472157397156216], [0.5112110286709514, 0.6212402335407016, 0.6888478537563618, 0.6661790828697803, 0.7839946225396786, 0.7739180030381392, 0.7426073980619355, 0.8184105760914843, 0.8226424846652951, 1.0, 0.8539481437734118, 0.8071213335986741, 0.7921357319225939, 0.7218415616343683, 0.7920951700568016, 0.8116509620459526, 0.7651975563861894, 0.746989347570459, 0.7497513332301646, 0.708629188161198], [0.5004647175164356, 0.6071757906083753, 0.6307516384690883, 0.6429060997974647, 0.7473708979828994, 0.7303696220448814, 0.7248032516244997, 0.7566907531724743, 0.751335822655574, 0.8539481437734118, 1.0, 0.8127754994944091, 0.8077932927531705, 0.7321002040858908, 0.7711575416140564, 0.8022589486279853, 0.751688229891231, 0.7478540741013668, 0.7438259824339505, 0.7163257234405901], [0.48485506909692144, 0.615946159890811, 0.6429645972875316, 0.6381608522083682, 0.7170017020801991, 0.7036332792112381, 0.663879904875192, 0.7472968934870017, 0.74896441025783, 0.8071213335986741, 0.8127754994944091, 1.0, 0.8454336569392037, 0.7464098171200297, 0.7806048185263762, 0.7581890250127601, 0.7359820695835041, 0.731217149161162, 0.7316402114893182, 0.6975051398346703], [0.512397030238132, 0.631939263716712, 0.6773316363613495, 0.6976814722104563, 0.7294429468102342, 0.7548599840465218, 0.7050086639165349, 0.7939616336488275, 0.7337561572054359, 0.7921357319225939, 0.8077932927531705, 0.8454336569392037, 1.0, 0.8362443426653814, 0.7924716245488803, 0.7565471719167512, 0.700760839970543, 0.7455857278537709, 0.7536068308271887, 0.7744505681037184], [0.3977767393807954, 0.541636389335187, 0.5511448330918138, 0.6287931313613531, 0.7047861213834143, 0.6990252122605999, 0.6497251701115713, 0.7103002988894075, 0.6217085713970095, 0.7218415616343683, 0.7321002040858908, 0.7464098171200297, 0.8362443426653814, 1.0, 0.7920719733733662, 0.7452825571754894, 0.7166206885950536, 0.7265248858725866, 0.7459138531857954, 0.8031681383401398], [0.4931488265944251, 0.561676958660735, 0.6543095278624235, 0.661875334464864, 0.7585749719140451, 0.7574798016295397, 0.6837072279168104, 0.7718030093797207, 0.7444580334471957, 0.7920951700568016, 0.7711575416140564, 0.7806048185263762, 0.7924716245488803, 0.7920719733733662, 1.0, 0.8424487074336023, 0.7768408522558634, 0.7531830546331536, 0.7587778444121187, 0.7305551596033014], [0.4755916999720711, 0.6038450730892991, 0.6268861822286312, 0.6432957439782341, 0.7803744466166563, 0.7230953635453303, 0.701851247832835, 0.7605353386042654, 0.7742280095629772, 0.8116509620459526, 0.8022589486279853, 0.7581890250127601, 0.7565471719167512, 0.7452825571754894, 0.8424487074336023, 1.0, 0.8495520923308212, 0.7915864588006414, 0.7740044934121381, 0.7400417475687463], [0.46426142922850583, 0.5889520970745583, 0.6030011780312299, 0.621182629406082, 0.7472259615649957, 0.6989133946567216, 0.6922169670948014, 0.7087840211186985, 0.7044882903961596, 0.7651975563861894, 0.751688229891231, 0.7359820695835041, 0.700760839970543, 0.7166206885950536, 0.7768408522558634, 0.8495520923308212, 1.0, 0.8377209650920354, 0.7758289072593811, 0.701790239331943], [0.4918640624823904, 0.5798788785274712, 0.6079006922075659, 0.6524732165866167, 0.7403245422646937, 0.7284676120930699, 0.6771789908355594, 0.7157730658091458, 0.7048136871030211, 0.746989347570459, 0.7478540741013668, 0.731217149161162, 0.7455857278537709, 0.7265248858725866, 0.7531830546331536, 0.7915864588006414, 0.8377209650920354, 1.0, 0.8117167892064674, 0.7300516045050892], [0.48494146858121556, 0.5740175520904738, 0.5813671253989329, 0.6152507959911798, 0.6937262141708488, 0.708771160649393, 0.6621121921147012, 0.713498927272546, 0.6659957016600134, 0.7497513332301646, 0.7438259824339505, 0.7316402114893182, 0.7536068308271887, 0.7459138531857954, 0.7587778444121187, 0.7740044934121381, 0.7758289072593811, 0.8117167892064674, 1.0, 0.8053502815753021], [0.4328551234668903, 0.5385361446668442, 0.5686588422099579, 0.6489324229209745, 0.6732505839169007, 0.6686379983024549, 0.6118422396461294, 0.7123701110852123, 0.6472157397156216, 0.708629188161198, 0.7163257234405901, 0.6975051398346703, 0.7744505681037184, 0.8031681383401398, 0.7305551596033014, 0.7400417475687463, 0.701790239331943, 0.7300516045050892, 0.8053502815753021, 1.0]], "1": [[1.0, 0.25997633261447856, 0.08094786643444403, 0.07675550419397124, 0.10117455762517893, 0.11103487361300649, 0.09315751098586378, 0.10609686856229053, 0.09687766206019537, 0.06796322149561253, 0.08307553256795151, 0.10987881128794749, 0.08385933731059964, 0.10385816540974642, 0.09985649172794411, 0.09810743009914935, 0.10297398602483654, 0.14768802712794687, 0.13473963523600915, 0.136864332217255], [0.25997633261447856, 1.0, 0.06654578002536542, 0.093258152996982, 0.08129443161995092, 0.12313628350262776, 0.11565789301472401, 0.09050197388225088, 0.08705281965031632, 0.09014218116508271, 0.1003940280931537, 0.09673216381904601, 0.09196655715466556, 0.14383275624977326, 0.11622166557706473, 0.16060580887030598, 0.14938912161106294, 0.2164690662063594, 0.14270716204991638, 0.12462096588192022], [0.08094786643444403, 0.06654578002536542, 1.0, 0.0741185594646525, 0.09624165313215766, 0.08239710913365325, 0.07726230524033817, 0.0887571633267748, 0.07282298012263716, 0.05266497367400641, 0.058081584028581795, 0.07574533416734727, 0.07043571264497428, 0.058663159991685115, 0.06704972394516887, 0.10435088040438287, 0.06437849927737857, 0.06121280798334, 0.053543293007237626, 0.06467433696340656], [0.07675550419397124, 0.093258152996982, 0.0741185594646525, 1.0, 0.08804503039103141, 0.10003125993907021, 0.09290881293879731, 0.08603276909727584, 0.07399096466624493, 0.06428071338487318, 0.13154569862522097, 0.0744297394545902, 0.07444688215969664, 0.06659766528509813, 0.06494164637957156, 0.09991921353136433, 0.07507180277727438, 0.0712124722593578, 0.05236708452679859, 0.0730698228752428], [0.10117455762517893, 0.08129443161995092, 0.09624165313215766, 0.08804503039103141, 1.0, 0.14681437986829116, 0.1295858502820499, 0.10424749349653303, 0.12678943903505258, 0.09422580118908741, 0.08789023793767445, 0.09940215941109135, 0.07415826934302402, 0.0827021398884082, 0.09383734487361993, 0.10314665776248777, 0.10608888031289697, 0.06858373493645752, 0.07136145736003496, 0.07457323620474204], [0.11103487361300649, 0.12313628350262776, 0.08239710913365325, 0.10003125993907021, 0.14681437986829116, 1.0, 0.11897096327506256, 0.11360720036614473, 0.11902491062927624, 0.09695923836767001, 0.11841562261631476, 0.10188935255087607, 0.103551536334443, 0.11486061243056528, 0.08980196657600993, 0.10614040961586252, 0.12052987114526524, 0.10099619670280006, 0.08309058083848919, 0.1082595871642974], [0.09315751098586378, 0.11565789301472401, 0.07726230524033817, 0.09290881293879731, 0.1295858502820499, 0.11897096327506256, 1.0, 0.1207056580989229, 0.10345634573213165, 0.08758040020807964, 0.12405506060787183, 0.10444760803998657, 0.06960909876082538, 0.10870197738056808, 0.0788391813822428, 0.10588385125971314, 0.09892981089452928, 0.10507563875664525, 0.07275490500472985, 0.11251077083737492], [0.10609686856229053, 0.09050197388225088, 0.0887571633267748, 0.08603276909727584, 0.10424749349653303, 0.11360720036614473, 0.1207056580989229, 1.0, 0.11357530841208612, 0.10040684189296206, 0.13985417384176052, 0.13457008571076512, 0.10499916227799237, 0.15763270081493955, 0.11041367134008204, 0.08455955642878749, 0.09563624705291547, 0.12226220647958941, 0.07191259275679485, 0.13139081089609642], [0.09687766206019537, 0.08705281965031632, 0.07282298012263716, 0.07399096466624493, 0.12678943903505258, 0.11902491062927624, 0.10345634573213165, 0.11357530841208612, 1.0, 0.07622533811129929, 0.09247558726226009, 0.12374789965439584, 0.09956525791416035, 0.08676667459727953, 0.10788440486870259, 0.10122352028021334, 0.0734989099340144, 0.07758935667652259, 0.1087569528017053, 0.08970738846352293], [0.06796322149561253, 0.09014218116508271, 0.05266497367400641, 0.06428071338487318, 0.09422580118908741, 0.09695923836767001, 0.08758040020807964, 0.10040684189296206, 0.07622533811129929, 1.0, 0.07982971559204653, 0.07679487617760047, 0.058253972376392335, 0.08167871793907859, 0.06608741993301563, 0.06038722488819684, 0.12683321662061067, 0.07202489729500121, 0.06801589701581938, 0.083442756694643], [0.08307553256795151, 0.1003940280931537, 0.058081584028581795, 0.13154569862522097, 0.08789023793767445, 0.11841562261631476, 0.12405506060787183, 0.13985417384176052, 0.09247558726226009, 0.07982971559204653, 1.0, 0.09746315230196391, 0.0899144962976074, 0.13549930192306253, 0.0882073338652687, 0.07741301998862968, 0.11860768540540181, 0.12514406472148965, 0.09154233188683174, 0.11415852345965974], [0.10987881128794749, 0.09673216381904601, 0.07574533416734727, 0.0744297394545902, 0.09940215941109135, 0.10188935255087607, 0.10444760803998657, 0.13457008571076512, 0.12374789965439584, 0.07679487617760047, 0.09746315230196391, 1.0, 0.18541615447899865, 0.11481049810188117, 0.11444394450865167, 0.12504785467844273, 0.0868126408883365, 0.07258406932229552, 0.09183026386563228, 0.0881521352000683], [0.08385933731059964, 0.09196655715466556, 0.07043571264497428, 0.07444688215969664, 0.07415826934302402, 0.103551536334443, 0.06960909876082538, 0.10499916227799237, 0.09956525791416035, 0.058253972376392335, 0.0899144962976074, 0.18541615447899865, 1.0, 0.15114939448071493, 0.11533088839514313, 0.11108810518317029, 0.08371873987399589, 0.08677180871320232, 0.08296785186369714, 0.09554427871491526], [0.10385816540974642, 0.14383275624977326, 0.058663159991685115, 0.06659766528509813, 0.0827021398884082, 0.11486061243056528, 0.10870197738056808, 0.15763270081493955, 0.08676667459727953, 0.08167871793907859, 0.13549930192306253, 0.11481049810188117, 0.15114939448071493, 1.0, 0.16159292953302626, 0.0973891035342667, 0.1296027360144759, 0.12400279096884025, 0.07971951347341537, 0.1311043188666746], [0.09985649172794411, 0.11622166557706473, 0.06704972394516887, 0.06494164637957156, 0.09383734487361993, 0.08980196657600993, 0.0788391813822428, 0.11041367134008204, 0.10788440486870259, 0.06608741993301563, 0.0882073338652687, 0.11444394450865167, 0.11533088839514313, 0.16159292953302626, 1.0, 0.21154279522484265, 0.09985831012813393, 0.07583606410437646, 0.07019653083658534, 0.06396889721473206], [0.09810743009914935, 0.16060580887030598, 0.10435088040438287, 0.09991921353136433, 0.10314665776248777, 0.10614040961586252, 0.10588385125971314, 0.08455955642878749, 0.10122352028021334, 0.06038722488819684, 0.07741301998862968, 0.12504785467844273, 0.11108810518317029, 0.0973891035342667, 0.21154279522484265, 1.0, 0.14967429930158033, 0.10864154621493437, 0.09313132335339128, 0.09975826387815641], [0.10297398602483654, 0.14938912161106294, 0.06437849927737857, 0.07507180277727438, 0.10608888031289697, 0.12052987114526524, 0.09892981089452928, 0.09563624705291547, 0.0734989099340144, 0.12683321662061067, 0.11860768540540181, 0.0868126408883365, 0.08371873987399589, 0.1296027360144759, 0.09985831012813393, 0.14967429930158033, 1.0, 0.13544427022765732, 0.07388557310686591, 0.10662520020273027], [0.14768802712794687, 0.2164690662063594, 0.06121280798334, 0.0712124722593578, 0.06858373493645752, 0.10099619670280006, 0.10507563875664525, 0.12226220647958941, 0.07758935667652259, 0.07202489729500121, 0.12514406472148965, 0.07258406932229552, 0.08677180871320232, 0.12400279096884025, 0.07583606410437646, 0.10864154621493437, 0.13544427022765732, 1.0, 0.12531767876905592, 0.15934339018922622], [0.13473963523600915, 0.14270716204991638, 0.053543293007237626, 0.05236708452679859, 0.07136145736003496, 0.08309058083848919, 0.07275490500472985, 0.07191259275679485, 0.1087569528017053, 0.06801589701581938, 0.09154233188683174, 0.09183026386563228, 0.08296785186369714, 0.07971951347341537, 0.07019653083658534, 0.09313132335339128, 0.07388557310686591, 0.12531767876905592, 1.0, 0.1252793166452319], [0.136864332217255, 0.12462096588192022, 0.06467433696340656, 0.0730698228752428, 0.07457323620474204, 0.1082595871642974, 0.11251077083737492, 0.13139081089609642, 0.08970738846352293, 0.083442756694643, 0.11415852345965974, 0.0881521352000683, 0.09554427871491526, 0.1311043188666746, 0.06396889721473206, 0.09975826387815641, 0.10662520020273027, 0.15934339018922622, 0.1252793166452319, 1.0]], "2": [[1.0, 0.13229455189494987, 0.26090745776252766, 0.11236306219993898, 0.11252339046128913, 0.15997716988529997, 0.15320243884457882, 0.14305438832955078, 0.14034686458982068, 0.09807833028846491, 0.090805575922713, 0.19656038871483286, 0.11097340189772287, 0.22189931252401807, 0.16304238435312768, 0.07355112933219514, 0.21295246013317906, 0.11935192548106126, 0.12232135602153657, 0.18585609396060698], [0.13229455189494987, 1.0, 0.10752221637360043, 0.1985804716925623, 0.18522745646153674, 0.1348491228571661, 0.20609272879365992, 0.12433795739287608, 0.08983340230892904, 0.13772941991068272, 0.26135282090176054, 0.12242169342809751, 0.09364277287855409, 0.27690169711275486, 0.09682085179051511, 0.21088867228543412, 0.16747738648718977, 0.12246673482479954, 0.24616622908095037, 0.21312448877761495], [0.26090745776252766, 0.10752221637360043, 1.0, 0.22461478987523076, 0.2073945180973224, 0.19025158805822287, 0.13739399516339001, 0.16538645838860405, 0.193890038071537, 0.12273758491787594, 0.09487518549502282, 0.1383438226318107, 0.07824994560385583, 0.22567827304893898, 0.2508457620557091, 0.11737614223418641, 0.33147034776945816, 0.18633694119180433, 0.1575895310033185, 0.2564126246147297], [0.11236306219993898, 0.1985804716925623, 0.22461478987523076, 1.0, 0.16939667410409687, 0.18554138822795835, 0.15291278773829942, 0.2411630355612077, 0.18142973127444514, 0.11763227673403978, 0.2137607149400926, 0.12857457425649116, 0.07606242694406203, 0.1918140968075787, 0.237223024784869, 0.23063225032348825, 0.15660102758022798, 0.197870949719678, 0.15760842031525102, 0.20074685866877323], [0.11252339046128913, 0.18522745646153674, 0.2073945180973224, 0.16939667410409687, 1.0, 0.08960927153957211, 0.1540457981836361, 0.17865991842089937, 0.18318172193649368, 0.1610013489353186, 0.24278051180843735, 0.11462951439689519, 0.12366532409041392, 0.25634153453914765, 0.19209323210144488, 0.25327549278408634, 0.21705527650354497, 0.11095987999516124, 0.17481650027318815, 0.16560815126824704], [0.15997716988529997, 0.1348491228571661, 0.19025158805822287, 0.18554138822795835, 0.08960927153957211, 1.0, 0.15220356580573768, 0.15148968437889204, 0.17323853069503722, 0.16944074822191627, 0.07015372810730888, 0.133252820003495, 0.07488297894780223, 0.14267028725415493, 0.18456022487488374, 0.08506772016539849, 0.1502523390697613, 0.17026165405169974, 0.15584590570352366, 0.1728007337516796], [0.15320243884457882, 0.20609272879365992, 0.13739399516339001, 0.15291278773829942, 0.1540457981836361, 0.15220356580573768, 1.0, 0.219028222704061, 0.16061481677171607, 0.1488621753325188, 0.1969471275720108, 0.11267288439419791, 0.11963948019758133, 0.21113345700486177, 0.1201416114269756, 0.09737600132258674, 0.1613004813608641, 0.16654890835893757, 0.18188867214160426, 0.16580554302420708], [0.14305438832955078, 0.12433795739287608, 0.16538645838860405, 0.2411630355612077, 0.17865991842089937, 0.15148968437889204, 0.219028222704061, 1.0, 0.19518732299059288, 0.25069610280474014, 0.19297971133643824, 0.20493683904425583, 0.09232473869411868, 0.1635386097489758, 0.21021566923654914, 0.24065235691851275, 0.15151428467676842, 0.16039835977574632, 0.1850140224207832, 0.1659050973453682], [0.14034686458982068, 0.08983340230892904, 0.193890038071537, 0.18142973127444514, 0.18318172193649368, 0.17323853069503722, 0.16061481677171607, 0.19518732299059288, 1.0, 0.181541481081158, 0.19982729399091664, 0.10291585019354893, 0.10376601184128063, 0.10317906560053954, 0.1724923208540108, 0.19056616703984203, 0.1380232696298398, 0.1265834775980797, 0.15304515496966442, 0.19228858398757423], [0.09807833028846491, 0.13772941991068272, 0.12273758491787594, 0.11763227673403978, 0.1610013489353186, 0.16944074822191627, 0.1488621753325188, 0.25069610280474014, 0.181541481081158, 1.0, 0.2344542266991163, 0.15276246294951656, 0.057147226651551156, 0.19425618186972743, 0.26775437434819743, 0.29766529765018307, 0.16838549969481764, 0.08012611389832797, 0.2220585028661524, 0.1603081036663616], [0.090805575922713, 0.26135282090176054, 0.09487518549502282, 0.2137607149400926, 0.24278051180843735, 0.07015372810730888, 0.1969471275720108, 0.19297971133643824, 0.19982729399091664, 0.2344542266991163, 1.0, 0.13052982609840338, 0.08628961973213936, 0.26685104568517554, 0.16865406113933665, 0.21817181202044383, 0.11869173569701884, 0.12944971459106702, 0.1689973339508851, 0.1150863374682872], [0.19656038871483286, 0.12242169342809751, 0.1383438226318107, 0.12857457425649116, 0.11462951439689519, 0.133252820003495, 0.11267288439419791, 0.20493683904425583, 0.10291585019354893, 0.15276246294951656, 0.13052982609840338, 1.0, 0.12876981883160635, 0.14713500125530232, 0.1685687226047804, 0.17184698596861198, 0.10967071816279719, 0.12420447700482339, 0.1302387927849107, 0.12995098813627198], [0.11097340189772287, 0.09364277287855409, 0.07824994560385583, 0.07606242694406203, 0.12366532409041392, 0.07488297894780223, 0.11963948019758133, 0.09232473869411868, 0.10376601184128063, 0.057147226651551156, 0.08628961973213936, 0.12876981883160635, 1.0, 0.10827979128276663, 0.08104532231158557, 0.08349167068700711, 0.06614988262945354, 0.10977154296822043, 0.08949762304003246, 0.08897748584852477], [0.22189931252401807, 0.27690169711275486, 0.22567827304893898, 0.1918140968075787, 0.25634153453914765, 0.14267028725415493, 0.21113345700486177, 0.1635386097489758, 0.10317906560053954, 0.19425618186972743, 0.26685104568517554, 0.14713500125530232, 0.10827979128276663, 1.0, 0.2249990990917752, 0.19345360189518232, 0.19136823212051102, 0.1576675941602904, 0.26379438200819055, 0.20217838800817878], [0.16304238435312768, 0.09682085179051511, 0.2508457620557091, 0.237223024784869, 0.19209323210144488, 0.18456022487488374, 0.1201416114269756, 0.21021566923654914, 0.1724923208540108, 0.26775437434819743, 0.16865406113933665, 0.1685687226047804, 0.08104532231158557, 0.2249990990917752, 1.0, 0.22602366218027825, 0.24245000353928123, 0.1726758626410904, 0.14899310960822032, 0.2054751755970817], [0.07355112933219514, 0.21088867228543412, 0.11737614223418641, 0.23063225032348825, 0.25327549278408634, 0.08506772016539849, 0.09737600132258674, 0.24065235691851275, 0.19056616703984203, 0.29766529765018307, 0.21817181202044383, 0.17184698596861198, 0.08349167068700711, 0.19345360189518232, 0.22602366218027825, 1.0, 0.14287839702384592, 0.08175426098377801, 0.2331710299443805, 0.20454215622442307], [0.21295246013317906, 0.16747738648718977, 0.33147034776945816, 0.15660102758022798, 0.21705527650354497, 0.1502523390697613, 0.1613004813608641, 0.15151428467676842, 0.1380232696298398, 0.16838549969481764, 0.11869173569701884, 0.10967071816279719, 0.06614988262945354, 0.19136823212051102, 0.24245000353928123, 0.14287839702384592, 1.0, 0.173945587577726, 0.24635959862915555, 0.23684462992007538], [0.11935192548106126, 0.12246673482479954, 0.18633694119180433, 0.197870949719678, 0.11095987999516124, 0.17026165405169974, 0.16654890835893757, 0.16039835977574632, 0.1265834775980797, 0.08012611389832797, 0.12944971459106702, 0.12420447700482339, 0.10977154296822043, 0.1576675941602904, 0.1726758626410904, 0.08175426098377801, 0.173945587577726, 1.0, 0.11341927822735685, 0.19037100960372652], [0.12232135602153657, 0.24616622908095037, 0.1575895310033185, 0.15760842031525102, 0.17481650027318815, 0.15584590570352366, 0.18188867214160426, 0.1850140224207832, 0.15304515496966442, 0.2220585028661524, 0.1689973339508851, 0.1302387927849107, 0.08949762304003246, 0.26379438200819055, 0.14899310960822032, 0.2331710299443805, 0.24635959862915555, 0.11341927822735685, 1.0, 0.12957599213187207], [0.18585609396060698, 0.21312448877761495, 0.2564126246147297, 0.20074685866877323, 0.16560815126824704, 0.1728007337516796, 0.16580554302420708, 0.1659050973453682, 0.19228858398757423, 0.1603081036663616, 0.1150863374682872, 0.12995098813627198, 0.08897748584852477, 0.20217838800817878, 0.2054751755970817, 0.20454215622442307, 0.23684462992007538, 0.19037100960372652, 0.12957599213187207, 1.0]]}, "per_layer_inter": {"0": 0.6994428881052859, "1": 0.1004857830692152, "2": 0.16433626586666686}, "O_inter": 0.3214216456803893, "O_intra": 1.0, "Obar": 0.3214216456803893, "inner": -0.6785783543196107}, "phase_stability": {"0": {"layer": 0, "S_matrix": [[1.0, 0.28353431868827805, 0.24457144665308186, 0.19344049443562317, 0.18581714365795035, 0.17372356299319083, 0.17731852191489655, 0.15399190840054452, 0.15120376063522198, 0.12566754271137912, 0.1180488379455085, 0.12109124975452004, 0.1204636253326413, 0.11300846493597833, 0.10753849811244412, 0.09216454049851985, 0.09695657339889456, 0.09255464789675198, 0.08650934654288, 0.07924154891980084], [0.28353431868827805, 1.0, 0.2760625704481782, 0.2269039491461004, 0.2024003991297259, 0.18418053263075795, 0.18732165679207108, 0.1717480940930627, 0.16364475317189514, 0.14160557384812297, 0.12890835136295317, 0.12660267935921468, 0.12472375226656253, 0.11358288499287747, 0.11373485338878404, 0.10496367280838578, 0.11026958285041738, 0.0951744219643448, 0.10354924620267462, 0.09576086202506467], [0.24457144665308186, 0.2760625704481782, 1.0, 0.3676445490470646, 0.28860337198353286, 0.26989131906723135, 0.24991773033645812, 0.21566488753516203, 0.21482860015011737, 0.1781484636805006, 0.15609640385649529, 0.1519500698250973, 0.15279209802187432, 0.13870702363248996, 0.1368486014878703, 0.12267590225746612, 0.12962627470313254, 0.11594861288549921, 0.11096581808093157, 0.10596989062527798], [0.19344049443562317, 0.2269039491461004, 0.3676445490470646, 1.0, 0.3349235886746425, 0.30660545078401297, 0.2798699122759106, 0.2329347238877004, 0.23081208101096837, 0.19472002238816818, 0.16434745180724875, 0.15664169167883055, 0.15678716616313687, 0.15065384389883743, 0.14578910516054513, 0.14035096860460444, 0.13581281816555052, 0.12238839410141109, 0.11979446063264994, 0.11351354002209904], [0.18581714365795035, 0.2024003991297259, 0.28860337198353286, 0.3349235886746425, 1.0, 0.41489667812761216, 0.32802708770711053, 0.28707134247651456, 0.2658722593758204, 0.2479645441754798, 0.1950234516788067, 0.19227927310618156, 0.18506799937761728, 0.16716303909655378, 0.1610220098194342, 0.16641363702866477, 0.16073502750582958, 0.13266069821356227, 0.13818187689634423, 0.12212578911724077], [0.17372356299319083, 0.18418053263075795, 0.26989131906723135, 0.30660545078401297, 0.41489667812761216, 1.0, 0.4565114901206479, 0.3337962975894378, 0.30290050023519877, 0.26097555700445574, 0.20312241877183715, 0.18992779894838469, 0.18840714080166487, 0.175518420928055, 0.16533449219027524, 0.1631316045206939, 0.1653442224325529, 0.13646043844705888, 0.14120252538376635, 0.12274499492704427], [0.17731852191489655, 0.18732165679207108, 0.24991773033645812, 0.2798699122759106, 0.32802708770711053, 0.4565114901206479, 1.0, 0.39333988970403383, 0.3319149952580227, 0.28228087361639165, 0.22099825612786217, 0.198476141752034, 0.19909481519543404, 0.1798418929606801, 0.16875499032399757, 0.16010260598873555, 0.1655575644406087, 0.13533909825385942, 0.1444403192140189, 0.1323264105539543], [0.15399190840054452, 0.1717480940930627, 0.21566488753516203, 0.2329347238877004, 0.28707134247651456, 0.3337962975894378, 0.39333988970403383, 1.0, 0.4030045864176546, 0.3305638768880396, 0.2264406726191775, 0.19452587879827402, 0.19876192074417307, 0.18263412366123877, 0.17658730432924358, 0.1650371723100659, 0.16840970663954158, 0.14589654492691853, 0.14824920990651938, 0.13349958631932932], [0.15120376063522198, 0.16364475317189514, 0.21482860015011737, 0.23081208101096837, 0.2658722593758204, 0.30290050023519877, 0.3319149952580227, 0.4030045864176546, 1.0, 0.366356841876024, 0.2671025396443151, 0.21857080743661808, 0.2245181689864694, 0.20077860463406758, 0.19302212741311003, 0.1812606105947435, 0.1822275736118952, 0.15230035845614864, 0.14909248443088902, 0.14379028648453648], [0.12566754271137912, 0.14160557384812297, 0.1781484636805006, 0.19472002238816818, 0.2479645441754798, 0.26097555700445574, 0.28228087361639165, 0.3305638768880396, 0.366356841876024, 1.0, 0.3353924567928845, 0.2523979059528424, 0.24558403055499825, 0.2053934697523152, 0.2091030511036169, 0.2008155749558923, 0.2037489989763387, 0.15887362306719222, 0.16386393357871992, 0.14866972035395948], [0.1180488379455085, 0.12890835136295317, 0.15609640385649529, 0.16434745180724875, 0.1950234516788067, 0.20312241877183715, 0.22099825612786217, 0.2264406726191775, 0.2671025396443151, 0.3353924567928845, 1.0, 0.29667653946955347, 0.27922876217201587, 0.24011442567324817, 0.21074525293360152, 0.19493193445069526, 0.20545565767881782, 0.17245142640259434, 0.16411479050298594, 0.15491924513648375], [0.12109124975452004, 0.12660267935921468, 0.1519500698250973, 0.15664169167883055, 0.19227927310618156, 0.18992779894838469, 0.198476141752034, 0.19452587879827402, 0.21857080743661808, 0.2523979059528424, 0.29667653946955347, 1.0, 0.3914166670125324, 0.2858911628816312, 0.25390158744847463, 0.22605982274505723, 0.2065866256860663, 0.1900120026282516, 0.17376468664104475, 0.16209931140520623], [0.1204636253326413, 0.12472375226656253, 0.15279209802187432, 0.15678716616313687, 0.18506799937761728, 0.18840714080166487, 0.19909481519543404, 0.19876192074417307, 0.2245181689864694, 0.24558403055499825, 0.27922876217201587, 0.3914166670125324, 1.0, 0.3885494941820265, 0.3100235281259122, 0.25036927744112436, 0.240121842894725, 0.19841769150528368, 0.19331076898855715, 0.17760529628116664], [0.11300846493597833, 0.11358288499287747, 0.13870702363248996, 0.15065384389883743, 0.16716303909655378, 0.175518420928055, 0.1798418929606801, 0.18263412366123877, 0.20077860463406758, 0.2053934697523152, 0.24011442567324817, 0.2858911628816312, 0.3885494941820265, 1.0, 0.36638801601742327, 0.2629789149738181, 0.2324862808133008, 0.2026775732255137, 0.19185150830358147, 0.18039270643517397], [0.10753849811244412, 0.11373485338878404, 0.1368486014878703, 0.14578910516054513, 0.1610220098194342, 0.16533449219027524, 0.16875499032399757, 0.17658730432924358, 0.19302212741311003, 0.2091030511036169, 0.21074525293360152, 0.25390158744847463, 0.3100235281259122, 0.36638801601742327, 1.0, 0.3386392805741661, 0.2784537629586415, 0.2295613792771684, 0.22774076117450137, 0.20655804740081563], [0.09216454049851985, 0.10496367280838578, 0.12267590225746612, 0.14035096860460444, 0.16641363702866477, 0.1631316045206939, 0.16010260598873555, 0.1650371723100659, 0.1812606105947435, 0.2008155749558923, 0.19493193445069526, 0.22605982274505723, 0.25036927744112436, 0.2629789149738181, 0.3386392805741661, 1.0, 0.3081244658475197, 0.2475779846972855, 0.228608988698838, 0.21131888903574003], [0.09695657339889456, 0.11026958285041738, 0.12962627470313254, 0.13581281816555052, 0.16073502750582958, 0.1653442224325529, 0.1655575644406087, 0.16840970663954158, 0.1822275736118952, 0.2037489989763387, 0.20545565767881782, 0.2065866256860663, 0.240121842894725, 0.2324862808133008, 0.2784537629586415, 0.3081244658475197, 1.0, 0.31088489587126217, 0.2861745547876733, 0.23354373897499317], [0.09255464789675198, 0.0951744219643448, 0.11594861288549921, 0.12238839410141109, 0.13266069821356227, 0.13646043844705888, 0.13533909825385942, 0.14589654492691853, 0.15230035845614864, 0.15887362306719222, 0.17245142640259434, 0.1900120026282516, 0.19841769150528368, 0.2026775732255137, 0.2295613792771684, 0.2475779846972855, 0.31088489587126217, 1.0, 0.3129303101903394, 0.26322127274436585], [0.08650934654288, 0.10354924620267462, 0.11096581808093157, 0.11979446063264994, 0.13818187689634423, 0.14120252538376635, 0.1444403192140189, 0.14824920990651938, 0.14909248443088902, 0.16386393357871992, 0.16411479050298594, 0.17376468664104475, 0.19331076898855715, 0.19185150830358147, 0.22774076117450137, 0.228608988698838, 0.2861745547876733, 0.3129303101903394, 1.0, 0.3738642636051918], [0.07924154891980084, 0.09576086202506467, 0.10596989062527798, 0.11351354002209904, 0.12212578911724077, 0.12274499492704427, 0.1323264105539543, 0.13349958631932932, 0.14379028648453648, 0.14866972035395948, 0.15491924513648375, 0.16209931140520623, 0.17760529628116664, 0.18039270643517397, 0.20655804740081563, 0.21131888903574003, 0.23354373897499317, 0.26322127274436585, 0.3738642636051918, 1.0]], "mean_cross_task_stability": 0.20157778065182852, "score": "ami"}, "1": {"layer": 1, "S_matrix": [[1.0, 0.13800227499150383, 0.012284695388748186, 0.0071290051943385425, 0.007496036883064648, 0.00426919741536605, 0.003579320024727647, 0.008136817027698617, 0.001662439428083762, 0.006268310272108299, 0.00428872881080961, 0.008346585980956046, 0.0037743434537862576, 0.010797712471278446, 0.006525281706088149, 0.008041083916242649, 0.008059234720625658, 0.005881688955674971, 0.0037265330566932106, 0.007502705922726394], [0.13800227499150383, 1.0, 0.02468886338277376, 0.0064124768671588684, 0.012423057242831765, 0.007889842636052849, 0.007950273574807466, 0.007693280000103625, 0.002517408047741363, 0.004551857162936307, 0.002275933991091697, 0.0043035122815277905, 0.002894376832679261, 0.005871277374325665, 0.0029663325978684604, 0.00331435760903881, 0.004623353988766843, 0.003665205775729893, 0.003147586539286575, 0.0043300746322754045], [0.012284695388748186, 0.02468886338277376, 1.0, 0.0769269077695686, 0.06422401238977016, 0.042160625223083906, 0.037396425783241344, 0.01016732229769612, 0.015120377332007984, 0.009063070077180138, 0.006571612094560499, 0.005103228794649982, 0.005897214958346068, 0.005230321550252978, 0.005551700375587374, 0.005261551282270978, 0.004107350332043622, 0.004790326304120665, 0.004553788670356322, 0.0055001726272332265], [0.0071290051943385425, 0.0064124768671588684, 0.0769269077695686, 1.0, 0.10541019519616682, 0.06614726838270894, 0.0561585207480022, 0.02795546288751249, 0.01943861505352596, 0.011132742624399294, 0.010507755882926536, 0.006946555547294873, 0.014656515136545416, 0.00863616670