{"rung": "R6", "scenario": "class", "nexp": 20, "epochs": 50, "seed": 1, "metrics": {"Top1_Acc_Exp/eval_phase/test_stream/Task000/Exp000": 0.0, "Top1_Acc_Exp/eval_phase/test_stream/Task000/Exp001": 0.0, "Top1_Acc_Exp/eval_phase/test_stream/Task000/Exp002": 0.0, "Top1_Acc_Exp/eval_phase/test_stream/Task000/Exp003": 0.0, "Top1_Acc_Exp/eval_phase/test_stream/Task000/Exp004": 0.0, "Top1_Acc_Exp/eval_phase/test_stream/Task000/Exp005": 0.0, "Top1_Acc_Exp/eval_phase/test_stream/Task000/Exp006": 0.0, "Top1_Acc_Exp/eval_phase/test_stream/Task000/Exp007": 0.0, "Top1_Acc_Exp/eval_phase/test_stream/Task000/Exp008": 0.0, "Top1_Acc_Exp/eval_phase/test_stream/Task000/Exp009": 0.0, "Top1_Acc_Exp/eval_phase/test_stream/Task000/Exp010": 0.0, "Top1_Acc_Exp/eval_phase/test_stream/Task000/Exp011": 0.0, "Top1_Acc_Exp/eval_phase/test_stream/Task000/Exp012": 0.0, "Top1_Acc_Exp/eval_phase/test_stream/Task000/Exp013": 0.0, "Top1_Acc_Exp/eval_phase/test_stream/Task000/Exp014": 0.0, "Top1_Acc_Exp/eval_phase/test_stream/Task000/Exp015": 0.0, "Top1_Acc_Exp/eval_phase/test_stream/Task000/Exp016": 0.0, "Top1_Acc_Exp/eval_phase/test_stream/Task000/Exp017": 0.0, "Top1_Acc_Exp/eval_phase/test_stream/Task000/Exp018": 0.0, "Top1_Acc_Exp/eval_phase/test_stream/Task000/Exp019": 0.86, "Top1_Acc_Stream/eval_phase/test_stream/Task000": 0.043, "StreamForgetting/eval_phase/test_stream": 0.8357894736842105, "StreamBWT/eval_phase/test_stream": -0.8357894736842105, "ExperienceForgetting/eval_phase/test_stream/Task000/Exp000": 0.77, "ExperienceBWT/eval_phase/test_stream/Task000/Exp000": -0.77, "ExperienceForgetting/eval_phase/test_stream/Task000/Exp001": 0.802, "ExperienceBWT/eval_phase/test_stream/Task000/Exp001": -0.802, "ExperienceForgetting/eval_phase/test_stream/Task000/Exp002": 0.844, "ExperienceBWT/eval_phase/test_stream/Task000/Exp002": -0.844, "ExperienceForgetting/eval_phase/test_stream/Task000/Exp003": 0.83, "ExperienceBWT/eval_phase/test_stream/Task000/Exp003": -0.83, "ExperienceForgetting/eval_phase/test_stream/Task000/Exp004": 0.818, "ExperienceBWT/eval_phase/test_stream/Task000/Exp004": -0.818, "ExperienceForgetting/eval_phase/test_stream/Task000/Exp005": 0.918, "ExperienceBWT/eval_phase/test_stream/Task000/Exp005": -0.918, "ExperienceForgetting/eval_phase/test_stream/Task000/Exp006": 0.88, "ExperienceBWT/eval_phase/test_stream/Task000/Exp006": -0.88, "ExperienceForgetting/eval_phase/test_stream/Task000/Exp007": 0.834, "ExperienceBWT/eval_phase/test_stream/Task000/Exp007": -0.834, "ExperienceForgetting/eval_phase/test_stream/Task000/Exp008": 0.89, "ExperienceBWT/eval_phase/test_stream/Task000/Exp008": -0.89, "ExperienceForgetting/eval_phase/test_stream/Task000/Exp009": 0.816, "ExperienceBWT/eval_phase/test_stream/Task000/Exp009": -0.816, "ExperienceForgetting/eval_phase/test_stream/Task000/Exp010": 0.854, "ExperienceBWT/eval_phase/test_stream/Task000/Exp010": -0.854, "ExperienceForgetting/eval_phase/test_stream/Task000/Exp011": 0.844, "ExperienceBWT/eval_phase/test_stream/Task000/Exp011": -0.844, "ExperienceForgetting/eval_phase/test_stream/Task000/Exp012": 0.83, "ExperienceBWT/eval_phase/test_stream/Task000/Exp012": -0.83, "ExperienceForgetting/eval_phase/test_stream/Task000/Exp013": 0.888, "ExperienceBWT/eval_phase/test_stream/Task000/Exp013": -0.888, "ExperienceForgetting/eval_phase/test_stream/Task000/Exp014": 0.848, "ExperienceBWT/eval_phase/test_stream/Task000/Exp014": -0.848, "ExperienceForgetting/eval_phase/test_stream/Task000/Exp015": 0.764, "ExperienceBWT/eval_phase/test_stream/Task000/Exp015": -0.764, "ExperienceForgetting/eval_phase/test_stream/Task000/Exp016": 0.736, "ExperienceBWT/eval_phase/test_stream/Task000/Exp016": -0.736, "ExperienceForgetting/eval_phase/test_stream/Task000/Exp017": 0.888, "ExperienceBWT/eval_phase/test_stream/Task000/Exp017": -0.888, "ExperienceForgetting/eval_phase/test_stream/Task000/Exp018": 0.826, "ExperienceBWT/eval_phase/test_stream/Task000/Exp018": -0.826}, "learning_acc": [0.77, 0.802, 0.844, 0.83, 0.818, 0.918, 0.88, 0.834, 0.89, 0.816, 0.854, 0.844, 0.83, 0.888, 0.848, 0.764, 0.736, 0.888, 0.826, 0.86], "acc_matrix": [[0.77, 0.0, 0.0, 0.0, 0.0, 0.0, 0.0, 0.0, 0.0, 0.0, 0.0, 0.0, 0.0, 0.0, 0.0, 0.0, 0.0, 0.0, 0.0, 0.0], [0.0, 0.802, 0.0, 0.0, 0.0, 0.0, 0.0, 0.0, 0.0, 0.0, 0.0, 0.0, 0.0, 0.0, 0.0, 0.0, 0.0, 0.0, 0.0, 0.0], [0.0, 0.0, 0.844, 0.0, 0.0, 0.0, 0.0, 0.0, 0.0, 0.0, 0.0, 0.0, 0.0, 0.0, 0.0, 0.0, 0.0, 0.0, 0.0, 0.0], [0.0, 0.0, 0.0, 0.83, 0.0, 0.0, 0.0, 0.0, 0.0, 0.0, 0.0, 0.0, 0.0, 0.0, 0.0, 0.0, 0.0, 0.0, 0.0, 0.0], [0.0, 0.0, 0.0, 0.0, 0.818, 0.0, 0.0, 0.0, 0.0, 0.0, 0.0, 0.0, 0.0, 0.0, 0.0, 0.0, 0.0, 0.0, 0.0, 0.0], [0.0, 0.0, 0.0, 0.0, 0.0, 0.918, 0.0, 0.0, 0.0, 0.0, 0.0, 0.0, 0.0, 0.0, 0.0, 0.0, 0.0, 0.0, 0.0, 0.0], [0.0, 0.0, 0.0, 0.0, 0.0, 0.0, 0.88, 0.0, 0.0, 0.0, 0.0, 0.0, 0.0, 0.0, 0.0, 0.0, 0.0, 0.0, 0.0, 0.0], [0.0, 0.0, 0.0, 0.0, 0.0, 0.0, 0.0, 0.834, 0.0, 0.0, 0.0, 0.0, 0.0, 0.0, 0.0, 0.0, 0.0, 0.0, 0.0, 0.0], [0.0, 0.0, 0.0, 0.0, 0.0, 0.0, 0.0, 0.0, 0.89, 0.0, 0.0, 0.0, 0.0, 0.0, 0.0, 0.0, 0.0, 0.0, 0.0, 0.0], [0.0, 0.0, 0.0, 0.0, 0.0, 0.0, 0.0, 0.0, 0.0, 0.816, 0.0, 0.0, 0.0, 0.0, 0.0, 0.0, 0.0, 0.0, 0.0, 0.0], [0.0, 0.0, 0.0, 0.0, 0.0, 0.0, 0.0, 0.0, 0.0, 0.0, 0.854, 0.0, 0.0, 0.0, 0.0, 0.0, 0.0, 0.0, 0.0, 0.0], [0.0, 0.0, 0.0, 0.0, 0.0, 0.0, 0.0, 0.0, 0.0, 0.0, 0.0, 0.844, 0.0, 0.0, 0.0, 0.0, 0.0, 0.0, 0.0, 0.0], [0.0, 0.0, 0.0, 0.0, 0.0, 0.0, 0.0, 0.0, 0.0, 0.0, 0.0, 0.0, 0.83, 0.0, 0.0, 0.0, 0.0, 0.0, 0.0, 0.0], [0.0, 0.0, 0.0, 0.0, 0.0, 0.0, 0.0, 0.0, 0.0, 0.0, 0.0, 0.0, 0.0, 0.888, 0.0, 0.0, 0.0, 0.0, 0.0, 0.0], [0.0, 0.0, 0.0, 0.0, 0.0, 0.0, 0.0, 0.0, 0.0, 0.0, 0.0, 0.0, 0.0, 0.0, 0.848, 0.0, 0.0, 0.0, 0.0, 0.0], [0.0, 0.0, 0.0, 0.0, 0.0, 0.0, 0.0, 0.0, 0.0, 0.0, 0.0, 0.0, 0.0, 0.0, 0.0, 0.764, 0.0, 0.0, 0.0, 0.0], [0.0, 0.0, 0.0, 0.0, 0.0, 0.0, 0.0, 0.0, 0.0, 0.0, 0.0, 0.0, 0.0, 0.0, 0.0, 0.0, 0.736, 0.0, 0.0, 0.0], [0.0, 0.0, 0.0, 0.0, 0.0, 0.0, 0.0, 0.0, 0.0, 0.0, 0.0, 0.0, 0.0, 0.0, 0.0, 0.0, 0.0, 0.888, 0.0, 0.0], [0.0, 0.0, 0.0, 0.0, 0.0, 0.0, 0.0, 0.0, 0.0, 0.0, 0.0, 0.0, 0.0, 0.0, 0.0, 0.0, 0.0, 0.0, 0.826, 0.0], [0.0, 0.0, 0.0, 0.0, 0.0, 0.0, 0.0, 0.0, 0.0, 0.0, 0.0, 0.0, 0.0, 0.0, 0.0, 0.0, 0.0, 0.0, 0.0, 0.86]], "avg_forgetting": 83.57894736842105, "bwt": -83.57894736842105, "selfcheck_ok": true, "h3": {"overlap_summary": {"matrices": {"0": [[1.0, 0.8048000748272379, 0.7153159799830331, 0.7307037820743044, 0.6832054399587667, 0.601733155104004, 0.6296258473014591, 0.6726481479086877, 0.5750971547453488, 0.5245527901620805, 0.4666932529573671, 0.42553676000688634, 0.4460821881854277, 0.49352720951773044, 0.4876326425154598, 0.4906844338998625, 0.4938333703442181, 0.4241099912398108, 0.5558504630852467, 0.4843826150214764], [0.8048000748272379, 1.0, 0.8500663408674379, 0.826409194186287, 0.7597731830293508, 0.7132480624354087, 0.7265645494241112, 0.7428388554628926, 0.7107555897449365, 0.6536224727293585, 0.5805080726576113, 0.5629059579692752, 0.5622343787189166, 0.5619204306451178, 0.552988955588573, 0.6019745308824507, 0.6083442991939201, 0.5560390715873595, 0.6114412926990621, 0.5913374301621572], [0.7153159799830331, 0.8500663408674379, 1.0, 0.8307462588815385, 0.8120687149144846, 0.7711658497408314, 0.7471162734527237, 0.7277665155107097, 0.7382108042393739, 0.6760219000850042, 0.6178008632736718, 0.6333122367579838, 0.614312028964782, 0.6067626497559883, 0.6279616039698095, 0.672695385093689, 0.6659256729882562, 0.6359525225651054, 0.6735674264400319, 0.6662562026116104], [0.7307037820743044, 0.826409194186287, 0.8307462588815385, 1.0, 0.8526331262907525, 0.774830689717173, 0.7912478586372991, 0.7651326772713902, 0.741293880430626, 0.7148083288195131, 0.6510485073035247, 0.6443181999738171, 0.6528857067450539, 0.6845134254085813, 0.6407143534901435, 0.6855799494226028, 0.6813863154646232, 0.6157073244604772, 0.6797706388628614, 0.6658971751786382], [0.6832054399587667, 0.7597731830293508, 0.8120687149144846, 0.8526331262907525, 1.0, 0.8609902455116565, 0.8062665754804851, 0.7891549190048587, 0.7922919445654067, 0.7461501155352217, 0.6663649689790517, 0.6505477794439319, 0.7018133784628591, 0.6682342946010722, 0.7261076113494527, 0.7260618747579974, 0.7070221533798209, 0.6438882003315841, 0.7273324998805535, 0.7367534485890388], [0.601733155104004, 0.7132480624354087, 0.7711658497408314, 0.774830689717173, 0.8609902455116565, 1.0, 0.8096498925207416, 0.7352208030733506, 0.7896681017757532, 0.7486857583039435, 0.7298019753985018, 0.7068693645245347, 0.7305289817478533, 0.6846725443831582, 0.7288233890627003, 0.7414726287799633, 0.7535890213886692, 0.7011110485931241, 0.7454575709355499, 0.7496123765825814], [0.6296258473014591, 0.7265645494241112, 0.7471162734527237, 0.7912478586372991, 0.8062665754804851, 0.8096498925207416, 1.0, 0.8022512549168098, 0.7660320192714847, 0.7537376648864292, 0.6940772947004576, 0.7310159628608122, 0.6885832980147151, 0.6710026753019099, 0.655131075849063, 0.7342862533524867, 0.7331170731765786, 0.667611648572636, 0.7290046529538386, 0.7187248135826545], [0.6726481479086877, 0.7428388554628926, 0.7277665155107097, 0.7651326772713902, 0.7891549190048587, 0.7352208030733506, 0.8022512549168098, 1.0, 0.7952951360540405, 0.7301172077118991, 0.6488513257558043, 0.6018677712396299, 0.6282119268249401, 0.6211685456484929, 0.6290548354362855, 0.6664226276162714, 0.6929683922897711, 0.5682475095827385, 0.6557740376015029, 0.6574517531760239], [0.5750971547453488, 0.7107555897449365, 0.7382108042393739, 0.741293880430626, 0.7922919445654067, 0.7896681017757532, 0.7660320192714847, 0.7952951360540405, 1.0, 0.8153593765554915, 0.7633817967991653, 0.6984832702725363, 0.7446321743629333, 0.7152815407086521, 0.749990081805521, 0.7657874183710578, 0.7277056278243871, 0.6604459439290621, 0.6818285684985453, 0.7237333666811968], [0.5245527901620805, 0.6536224727293585, 0.6760219000850042, 0.7148083288195131, 0.7461501155352217, 0.7486857583039435, 0.7537376648864292, 0.7301172077118991, 0.8153593765554915, 1.0, 0.840507577071836, 0.6937460138869626, 0.7255317149214983, 0.7631298904193717, 0.6894549313762387, 0.7175141758845566, 0.7326400846072338, 0.5933928560454813, 0.6645265994582499, 0.6892182076119395], [0.4666932529573671, 0.5805080726576113, 0.6178008632736718, 0.6510485073035247, 0.6663649689790517, 0.7298019753985018, 0.6940772947004576, 0.6488513257558043, 0.7633817967991653, 0.840507577071836, 1.0, 0.7635999621935999, 0.7821290694455607, 0.768538060500568, 0.7075831701425815, 0.7210625377855628, 0.755077216752037, 0.6630980695130759, 0.6529546595329461, 0.6993625181943524], [0.42553676000688634, 0.5629059579692752, 0.6333122367579838, 0.6443181999738171, 0.6505477794439319, 0.7068693645245347, 0.7310159628608122, 0.6018677712396299, 0.6984832702725363, 0.6937460138869626, 0.7635999621935999, 1.0, 0.832051314408257, 0.6857208378123028, 0.7174645107057179, 0.7889071937439516, 0.7432493537695235, 0.7569420047163582, 0.6887952277515524, 0.7470019064174295], [0.4460821881854277, 0.5622343787189166, 0.614312028964782, 0.6528857067450539, 0.7018133784628591, 0.7305289817478533, 0.6885832980147151, 0.6282119268249401, 0.7446321743629333, 0.7255317149214983, 0.7821290694455607, 0.832051314408257, 1.0, 0.7584793753077318, 0.8027597422497071, 0.7932630449873849, 0.7832337911438756, 0.7339589351406296, 0.7204781067683017, 0.7737946765278892], [0.49352720951773044, 0.5619204306451178, 0.6067626497559883, 0.6845134254085813, 0.6682342946010722, 0.6846725443831582, 0.6710026753019099, 0.6211685456484929, 0.7152815407086521, 0.7631298904193717, 0.768538060500568, 0.6857208378123028, 0.7584793753077318, 1.0, 0.736412483962322, 0.7045070269817258, 0.7244299721935611, 0.5909389155609982, 0.6398688484811672, 0.6934174411268008], [0.4876326425154598, 0.552988955588573, 0.6279616039698095, 0.6407143534901435, 0.7261076113494527, 0.7288233890627003, 0.655131075849063, 0.6290548354362855, 0.749990081805521, 0.6894549313762387, 0.7075831701425815, 0.7174645107057179, 0.8027597422497071, 0.736412483962322, 1.0, 0.8317846220820617, 0.7447993007905453, 0.6718626708931962, 0.7514498207774053, 0.7731835736487689], [0.4906844338998625, 0.6019745308824507, 0.672695385093689, 0.6855799494226028, 0.7260618747579974, 0.7414726287799633, 0.7342862533524867, 0.6664226276162714, 0.7657874183710578, 0.7175141758845566, 0.7210625377855628, 0.7889071937439516, 0.7932630449873849, 0.7045070269817258, 0.8317846220820617, 1.0, 0.8175169602912586, 0.7368969215394656, 0.7630631365276326, 0.7916147135782212], [0.4938333703442181, 0.6083442991939201, 0.6659256729882562, 0.6813863154646232, 0.7070221533798209, 0.7535890213886692, 0.7331170731765786, 0.6929683922897711, 0.7277056278243871, 0.7326400846072338, 0.755077216752037, 0.7432493537695235, 0.7832337911438756, 0.7244299721935611, 0.7447993007905453, 0.8175169602912586, 1.0, 0.7702206794342669, 0.7702874965976085, 0.7854869220534458], [0.4241099912398108, 0.5560390715873595, 0.6359525225651054, 0.6157073244604772, 0.6438882003315841, 0.7011110485931241, 0.667611648572636, 0.5682475095827385, 0.6604459439290621, 0.5933928560454813, 0.6630980695130759, 0.7569420047163582, 0.7339589351406296, 0.5909389155609982, 0.6718626708931962, 0.7368969215394656, 0.7702206794342669, 1.0, 0.7451767471862986, 0.7370905872494958], [0.5558504630852467, 0.6114412926990621, 0.6735674264400319, 0.6797706388628614, 0.7273324998805535, 0.7454575709355499, 0.7290046529538386, 0.6557740376015029, 0.6818285684985453, 0.6645265994582499, 0.6529546595329461, 0.6887952277515524, 0.7204781067683017, 0.6398688484811672, 0.7514498207774053, 0.7630631365276326, 0.7702874965976085, 0.7451767471862986, 1.0, 0.8317616179169781], [0.4843826150214764, 0.5913374301621572, 0.6662562026116104, 0.6658971751786382, 0.7367534485890388, 0.7496123765825814, 0.7187248135826545, 0.6574517531760239, 0.7237333666811968, 0.6892182076119395, 0.6993625181943524, 0.7470019064174295, 0.7737946765278892, 0.6934174411268008, 0.7731835736487689, 0.7916147135782212, 0.7854869220534458, 0.7370905872494958, 0.8317616179169781, 1.0]], "1": [[1.0, 0.35787224699025894, 0.20318565295882354, 0.22277273254707095, 0.1731445300562043, 0.13965269274646072, 0.18841263898585633, 0.12701505700057864, 0.0974613946872267, 0.1296050033708167, 0.16147490200357478, 0.12046779261556008, 0.12389118613625667, 0.12229469388190829, 0.0963706529385099, 0.16891755258793686, 0.08835557964913912, 0.0855467595786334, 0.11317394087640292, 0.08342140113535446], [0.35787224699025894, 1.0, 0.19480149157874058, 0.165431899855789, 0.1786729176041831, 0.14846882884301318, 0.16940495119232787, 0.13696897430142688, 0.10450452111039273, 0.16096729714294766, 0.173927358258093, 0.10998428976480173, 0.11372397018798226, 0.08406803823745729, 0.089627228359152, 0.1991485903357265, 0.07125425515135109, 0.07712140149632697, 0.12131027491065854, 0.07128195676976279], [0.20318565295882354, 0.19480149157874058, 1.0, 0.20213238202650133, 0.13521620400430198, 0.1106702135102429, 0.18975588235568994, 0.08860183816020849, 0.07999259710507156, 0.09896722320634783, 0.12986459609277964, 0.09549022296138931, 0.0937490488943681, 0.08625905528131597, 0.06731681537466638, 0.1078775984200148, 0.06739845523593482, 0.0894477814818335, 0.0853109313442483, 0.11258903740125614], [0.22277273254707095, 0.165431899855789, 0.20213238202650133, 1.0, 0.15007073013755381, 0.11918869572322742, 0.1391501667627415, 0.08814108059231672, 0.07387623179132284, 0.08972411158800442, 0.15964912254474697, 0.08615645637036648, 0.07590117103154706, 0.06762883895395864, 0.06741921261943173, 0.09381366440638211, 0.06265383434989379, 0.07122283677784297, 0.0727791489882607, 0.07292815283938507], [0.1731445300562043, 0.1786729176041831, 0.13521620400430198, 0.15007073013755381, 1.0, 0.18265681590974842, 0.13740700193423297, 0.1097038908323803, 0.10464919409981202, 0.1264557043468198, 0.12752696667553426, 0.10734827628863117, 0.12671946124753833, 0.06903856582175373, 0.0662902967318463, 0.1395589936225227, 0.07880278194796816, 0.09599118256533298, 0.097881782462493, 0.06902075778301543], [0.13965269274646072, 0.14846882884301318, 0.1106702135102429, 0.11918869572322742, 0.18265681590974842, 1.0, 0.12789163079134339, 0.11042609187411104, 0.10537745837939609, 0.13133751110920155, 0.1748362647928075, 0.09885696147894803, 0.07676970505795182, 0.09327429230555837, 0.06353860178257913, 0.09959834915324357, 0.07919247326068751, 0.08094071382883306, 0.12309257212927664, 0.09759732041749106], [0.18841263898585633, 0.16940495119232787, 0.18975588235568994, 0.1391501667627415, 0.13740700193423297, 0.12789163079134339, 1.0, 0.11372443355470653, 0.10903730193316635, 0.10945753388092712, 0.10980578203331376, 0.10332763877236822, 0.10482789403857831, 0.09655063555790261, 0.06911262290353933, 0.12170057523349047, 0.07204057710802797, 0.09497290511312956, 0.11404715581081354, 0.08787619075558789], [0.12701505700057864, 0.13696897430142688, 0.08860183816020849, 0.08814108059231672, 0.1097038908323803, 0.11042609187411104, 0.11372443355470653, 1.0, 0.1799344046534491, 0.1637277330996034, 0.08659580313557554, 0.08354120673794296, 0.08702791097580932, 0.05045431573917217, 0.07014494435629455, 0.0967483218078376, 0.05789313702519711, 0.05370798248095695, 0.08377824667219182, 0.06598874424174818], [0.0974613946872267, 0.10450452111039273, 0.07999259710507156, 0.07387623179132284, 0.10464919409981202, 0.10537745837939609, 0.10903730193316635, 0.1799344046534491, 1.0, 0.144165100931941, 0.08704094476600019, 0.0879079015846912, 0.06746273044238864, 0.06144974837896839, 0.06061842568388515, 0.08066143013612874, 0.06223195215442374, 0.05776353249764857, 0.06892879080520127, 0.07441331411976769], [0.1296050033708167, 0.16096729714294766, 0.09896722320634783, 0.08972411158800442, 0.1264557043468198, 0.13133751110920155, 0.10945753388092712, 0.1637277330996034, 0.144165100931941, 1.0, 0.18316255040388918, 0.1263547906807077, 0.12064668456821695, 0.08328987756141672, 0.08544757680083141, 0.1767665292320637, 0.09501553512030227, 0.0613234318645841, 0.1232440631841084, 0.11389723728916494], [0.16147490200357478, 0.173927358258093, 0.12986459609277964, 0.15964912254474697, 0.12752696667553426, 0.1748362647928075, 0.10980578203331376, 0.08659580313557554, 0.08704094476600019, 0.18316255040388918, 1.0, 0.15728474470092543, 0.1252149939084375, 0.0836353036419675, 0.07061688837053826, 0.1478097012179965, 0.06098030594472112, 0.06926124569706851, 0.15861438440808176, 0.06403299276439624], [0.12046779261556008, 0.10998428976480173, 0.09549022296138931, 0.08615645637036648, 0.10734827628863117, 0.09885696147894803, 0.10332763877236822, 0.08354120673794296, 0.0879079015846912, 0.1263547906807077, 0.15728474470092543, 1.0, 0.22218022736349533, 0.12509038469756076, 0.08334515301014381, 0.1370642919225098, 0.09057500378866219, 0.06143346817444538, 0.06589405363870217, 0.06841396095094718], [0.12389118613625667, 0.11372397018798226, 0.0937490488943681, 0.07590117103154706, 0.12671946124753833, 0.07676970505795182, 0.10482789403857831, 0.08702791097580932, 0.06746273044238864, 0.12064668456821695, 0.1252149939084375, 0.22218022736349533, 1.0, 0.1011495138971318, 0.047134678312916775, 0.1252925401582847, 0.0715719436528248, 0.05171004600234449, 0.06911019318763399, 0.06490560574331054], [0.12229469388190829, 0.08406803823745729, 0.08625905528131597, 0.06762883895395864, 0.06903856582175373, 0.09327429230555837, 0.09655063555790261, 0.05045431573917217, 0.06144974837896839, 0.08328987756141672, 0.0836353036419675, 0.12509038469756076, 0.1011495138971318, 1.0, 0.05961714566010247, 0.05690256838052056, 0.08681051336928032, 0.0754157167376456, 0.06501964990274231, 0.06670714079796919], [0.0963706529385099, 0.089627228359152, 0.06731681537466638, 0.06741921261943173, 0.0662902967318463, 0.06353860178257913, 0.06911262290353933, 0.07014494435629455, 0.06061842568388515, 0.08544757680083141, 0.07061688837053826, 0.08334515301014381, 0.047134678312916775, 0.05961714566010247, 1.0, 0.1010612782611777, 0.06415216060907487, 0.07797813520738994, 0.0696978941264732, 0.09699673030573637], [0.16891755258793686, 0.1991485903357265, 0.1078775984200148, 0.09381366440638211, 0.1395589936225227, 0.09959834915324357, 0.12170057523349047, 0.0967483218078376, 0.08066143013612874, 0.1767665292320637, 0.1478097012179965, 0.1370642919225098, 0.1252925401582847, 0.05690256838052056, 0.1010612782611777, 1.0, 0.11382241643791832, 0.06924943844783973, 0.12567773361143544, 0.07613258612695002], [0.08835557964913912, 0.07125425515135109, 0.06739845523593482, 0.06265383434989379, 0.07880278194796816, 0.07919247326068751, 0.07204057710802797, 0.05789313702519711, 0.06223195215442374, 0.09501553512030227, 0.06098030594472112, 0.09057500378866219, 0.0715719436528248, 0.08681051336928032, 0.06415216060907487, 0.11382241643791832, 1.0, 0.15042512806367903, 0.08663850784767285, 0.06653053617602991], [0.0855467595786334, 0.07712140149632697, 0.0894477814818335, 0.07122283677784297, 0.09599118256533298, 0.08094071382883306, 0.09497290511312956, 0.05370798248095695, 0.05776353249764857, 0.0613234318645841, 0.06926124569706851, 0.06143346817444538, 0.05171004600234449, 0.0754157167376456, 0.07797813520738994, 0.06924943844783973, 0.15042512806367903, 1.0, 0.1372378532658368, 0.054779576676731556], [0.11317394087640292, 0.12131027491065854, 0.0853109313442483, 0.0727791489882607, 0.097881782462493, 0.12309257212927664, 0.11404715581081354, 0.08377824667219182, 0.06892879080520127, 0.1232440631841084, 0.15861438440808176, 0.06589405363870217, 0.06911019318763399, 0.06501964990274231, 0.0696978941264732, 0.12567773361143544, 0.08663850784767285, 0.1372378532658368, 1.0, 0.10938927902404338], [0.08342140113535446, 0.07128195676976279, 0.11258903740125614, 0.07292815283938507, 0.06902075778301543, 0.09759732041749106, 0.08787619075558789, 0.06598874424174818, 0.07441331411976769, 0.11389723728916494, 0.06403299276439624, 0.06841396095094718, 0.06490560574331054, 0.06670714079796919, 0.09699673030573637, 0.07613258612695002, 0.06653053617602991, 0.054779576676731556, 0.10938927902404338, 1.0]], "2": [[1.0, 0.16670295084399467, 0.20194113802447244, 0.15411983775073726, 0.18561067282559487, 0.20077450473337713, 0.1785858733473446, 0.10480344017013349, 0.11424459308452384, 0.10954894097098812, 0.07809586322035889, 0.19591578317470074, 0.1887097879088413, 0.08332570882966268, 0.1811774831992682, 0.15522292168554772, 0.11414198863245892, 0.14907676350899574, 0.10873165615455534, 0.09563398954101128], [0.16670295084399467, 1.0, 0.09075295029103199, 0.20254192757041453, 0.11646157749662468, 0.3307244539822972, 0.3329043280506613, 0.1553471853671165, 0.2164153201368008, 0.10533409192652853, 0.12966090879010742, 0.1964806013181795, 0.3022713397267812, 0.13115116112927278, 0.12951601278773917, 0.25733304650988476, 0.22209800571544752, 0.2584489448063357, 0.13601701103476163, 0.22206706293996958], [0.20194113802447244, 0.09075295029103199, 1.0, 0.11175617109873925, 0.11546778602953467, 0.1888966109205134, 0.11392084919056288, 0.0948405057477135, 0.11967024449502565, 0.12138070150056837, 0.10003079083971801, 0.18568187495728675, 0.15634431330626797, 0.1318289812300352, 0.10943146022802196, 0.09262864593074832, 0.1339916626017643, 0.13049801929879598, 0.0754823135609184, 0.13529511519237505], [0.15411983775073726, 0.20254192757041453, 0.11175617109873925, 1.0, 0.14294260088168118, 0.25562552118220905, 0.21147102510346913, 0.1647249709100883, 0.22104099132441568, 0.20353311807461005, 0.21965541567565403, 0.1740082914171005, 0.21095797846809217, 0.1642054038758844, 0.17587863818934293, 0.24387162179766325, 0.17704133584034548, 0.2142004167044504, 0.10539221981197706, 0.24073174949004217], [0.18561067282559487, 0.11646157749662468, 0.11546778602953467, 0.14294260088168118, 1.0, 0.18520503051365486, 0.1419181884168224, 0.16071032895007997, 0.14499070363051864, 0.13872701597757858, 0.11150141676377695, 0.1695096573791571, 0.15005318357643319, 0.0934532061421455, 0.19567120055378404, 0.1470195393122019, 0.10628628064652766, 0.12743260161693898, 0.14275680560408524, 0.11349169294183452], [0.20077450473337713, 0.3307244539822972, 0.1888966109205134, 0.25562552118220905, 0.18520503051365486, 1.0, 0.25947936311993397, 0.10497828146834183, 0.25306568366372933, 0.21790493274123682, 0.2856452971260266, 0.19706003587471335, 0.44389412667037537, 0.2032128127647491, 0.179566276759315, 0.2624440168618539, 0.25220801487751054, 0.27382162274457106, 0.10181903974701248, 0.28440559048529734], [0.1785858733473446, 0.3329043280506613, 0.11392084919056288, 0.21147102510346913, 0.1419181884168224, 0.25947936311993397, 1.0, 0.1828280848698727, 0.19062889748656967, 0.07962057888881467, 0.13119085528381824, 0.24807819154898902, 0.2313515121918741, 0.14626556783041955, 0.2559542522338562, 0.19227749422640714, 0.3513750859381081, 0.23036014995391035, 0.1410260320421323, 0.20787553990716864], [0.10480344017013349, 0.1553471853671165, 0.0948405057477135, 0.1647249709100883, 0.16071032895007997, 0.10497828146834183, 0.1828280848698727, 1.0, 0.11110759114875457, 0.09270863594805567, 0.05964828388310929, 0.20010749945955572, 0.08846548557337894, 0.09892073129064721, 0.18250090961198498, 0.11252717012835108, 0.19895046526482588, 0.12538261318076147, 0.11380557243993297, 0.08350457974978716], [0.11424459308452384, 0.2164153201368008, 0.11967024449502565, 0.22104099132441568, 0.14499070363051864, 0.25306568366372933, 0.19062889748656967, 0.11110759114875457, 1.0, 0.14936974961961266, 0.12431489245252281, 0.18612609821154943, 0.2263802537641369, 0.1378441959531998, 0.1696880568842431, 0.22337977148108074, 0.11989053521079025, 0.21422080235047017, 0.13391007482518225, 0.20504823728139077], [0.10954894097098812, 0.10533409192652853, 0.12138070150056837, 0.20353311807461005, 0.13872701597757858, 0.21790493274123682, 0.07962057888881467, 0.09270863594805567, 0.14936974961961266, 1.0, 0.310785461535968, 0.10631450592344707, 0.19697404887458217, 0.1078844647689725, 0.13121836374637738, 0.12679125561795107, 0.10198609796322357, 0.08681888454146325, 0.14623293277755836, 0.16678412371245172], [0.07809586322035889, 0.12966090879010742, 0.10003079083971801, 0.21965541567565403, 0.11150141676377695, 0.2856452971260266, 0.13119085528381824, 0.05964828388310929, 0.12431489245252281, 0.310785461535968, 1.0, 0.1601458917263672, 0.32929903319929155, 0.1921575947106513, 0.15460325419557752, 0.13460919362035959, 0.14862865487897234, 0.2096292186665975, 0.08686747983909848, 0.27213833095645246], [0.19591578317470074, 0.1964806013181795, 0.18568187495728675, 0.1740082914171005, 0.1695096573791571, 0.19706003587471335, 0.24807819154898902, 0.20010749945955572, 0.18612609821154943, 0.10631450592344707, 0.1601458917263672, 1.0, 0.30023545972281124, 0.1549568133689912, 0.21534738203290713, 0.1807458159243643, 0.17306719700481948, 0.30052756361426086, 0.13168897002595556, 0.2140733553603043], [0.1887097879088413, 0.3022713397267812, 0.15634431330626797, 0.21095797846809217, 0.15005318357643319, 0.44389412667037537, 0.2313515121918741, 0.08846548557337894, 0.2263802537641369, 0.19697404887458217, 0.32929903319929155, 0.30023545972281124, 1.0, 0.2582329712254657, 0.23390205348254028, 0.25482783471980713, 0.18912167489987652, 0.33333330781450016, 0.09066041041512192, 0.34575552952105565], [0.08332570882966268, 0.13115116112927278, 0.1318289812300352, 0.1642054038758844, 0.0934532061421455, 0.2032128127647491, 0.14626556783041955, 0.09892073129064721, 0.1378441959531998, 0.1078844647689725, 0.1921575947106513, 0.1549568133689912, 0.2582329712254657, 1.0, 0.19149954404299244, 0.1686256779606546, 0.16032799378616652, 0.16693096428754514, 0.06395018481951735, 0.21281898138375296], [0.1811774831992682, 0.12951601278773917, 0.10943146022802196, 0.17587863818934293, 0.19567120055378404, 0.179566276759315, 0.2559542522338562, 0.18250090961198498, 0.1696880568842431, 0.13121836374637738, 0.15460325419557752, 0.21534738203290713, 0.23390205348254028, 0.19149954404299244, 1.0, 0.18764452117468558, 0.17559558594150437, 0.15739857060990364, 0.15281010765373387, 0.19895484413289055], [0.15522292168554772, 0.25733304650988476, 0.09262864593074832, 0.24387162179766325, 0.1470195393122019, 0.2624440168618539, 0.19227749422640714, 0.11252717012835108, 0.22337977148108074, 0.12679125561795107, 0.13460919362035959, 0.1807458159243643, 0.25482783471980713, 0.1686256779606546, 0.18764452117468558, 1.0, 0.1263950006532082, 0.25836011570298467, 0.11913839186383694, 0.22506276410567158], [0.11414198863245892, 0.22209800571544752, 0.1339916626017643, 0.17704133584034548, 0.10628628064652766, 0.25220801487751054, 0.3513750859381081, 0.19895046526482588, 0.11989053521079025, 0.10198609796322357, 0.14862865487897234, 0.17306719700481948, 0.18912167489987652, 0.16032799378616652, 0.17559558594150437, 0.1263950006532082, 1.0, 0.1804396859396123, 0.1480212864560624, 0.15516379582295475], [0.14907676350899574, 0.2584489448063357, 0.13049801929879598, 0.2142004167044504, 0.12743260161693898, 0.27382162274457106, 0.23036014995391035, 0.12538261318076147, 0.21422080235047017, 0.08681888454146325, 0.2096292186665975, 0.30052756361426086, 0.33333330781450016, 0.16693096428754514, 0.15739857060990364, 0.25836011570298467, 0.1804396859396123, 1.0, 0.13272134550629744, 0.22938882356483517], [0.10873165615455534, 0.13601701103476163, 0.0754823135609184, 0.10539221981197706, 0.14275680560408524, 0.10181903974701248, 0.1410260320421323, 0.11380557243993297, 0.13391007482518225, 0.14623293277755836, 0.08686747983909848, 0.13168897002595556, 0.09066041041512192, 0.06395018481951735, 0.15281010765373387, 0.11913839186383694, 0.1480212864560624, 0.13272134550629744, 1.0, 0.08469268099800907], [0.09563398954101128, 0.22206706293996958, 0.13529511519237505, 0.24073174949004217, 0.11349169294183452, 0.28440559048529734, 0.20787553990716864, 0.08350457974978716, 0.20504823728139077, 0.16678412371245172, 0.27213833095645246, 0.2140733553603043, 0.34575552952105565, 0.21281898138375296, 0.19895484413289055, 0.22506276410567158, 0.15516379582295475, 0.22938882356483517, 0.08469268099800907, 1.0]]}, "per_layer_inter": {"0": 0.6978427169386422, "1": 0.10603583880436776, "2": 0.17358668191527674}, "O_inter": 0.3258217458860955, "O_intra": 1.0, "Obar": 0.3258217458860955, "inner": -0.6741782541139045}, "phase_stability": {"0": {"layer": 0, "S_matrix": [[1.0, 0.3259754247223473, 0.26986565763119275, 0.21773815769799906, 0.19558473272241922, 0.16870375688528233, 0.15826100916580466, 0.1343138153110379, 0.12719584846246276, 0.12343720053107621, 0.10144091294680438, 0.10124033783706349, 0.09007090741688364, 0.09559102478860945, 0.09681870029830063, 0.09735759881619764, 0.09566868454372343, 0.08429272801706597, 0.08984505650715989, 0.08087818795934835], [0.3259754247223473, 1.0, 0.35130398240554256, 0.26481517729898796, 0.2620617737796152, 0.21490362086548348, 0.21393924256503713, 0.16922554683560845, 0.16149070721712622, 0.15020994987898653, 0.1269603063278877, 0.12047202502262569, 0.11437171571432175, 0.11047402243440793, 0.11864682897455511, 0.1144103311969102, 0.11043018800814804, 0.1018508802863602, 0.10393566008934967, 0.09921204175289842], [0.26986565763119275, 0.35130398240554256, 1.0, 0.3185210586506049, 0.32114474206828764, 0.2575457521026059, 0.22829542754292093, 0.19987624887590139, 0.19903582043113877, 0.17599579303476895, 0.1420672535555246, 0.13092437743763477, 0.11899010617878772, 0.12024910142792432, 0.12247820676503353, 0.12336220020475981, 0.12466176147306327, 0.11374994003299942, 0.11849248874539141, 0.10516173247087195], [0.21773815769799906, 0.26481517729898796, 0.3185210586506049, 1.0, 0.3265118878710517, 0.2624970322181115, 0.24171049294056476, 0.19709420404884886, 0.18867007108152822, 0.17429187022358755, 0.15308329497720521, 0.14020687619242617, 0.12644113843802557, 0.1300500273534993, 0.12405014771051007, 0.12575609947951596, 0.12746567906135928, 0.11307939290920876, 0.11573601905983152, 0.10496435975940044], [0.19558473272241922, 0.2620617737796152, 0.32114474206828764, 0.3265118878710517, 1.0, 0.3728559172119077, 0.31336546003159405, 0.23948344825796827, 0.2316674256792145, 0.21815064433637082, 0.17801683504207588, 0.16465599208492265, 0.15181663231986808, 0.14854657797079182, 0.13855124465234347, 0.13832564322685173, 0.12821088241359813, 0.11719957807762303, 0.11991844764469876, 0.11230568470534644], [0.16870375688528233, 0.21490362086548348, 0.2575457521026059, 0.2624970322181115, 0.3728559172119077, 1.0, 0.3457508488487135, 0.26232176690365155, 0.2289369527200704, 0.20925148025231174, 0.18309202377655215, 0.17585451178373004, 0.15829268751489067, 0.14694848036635838, 0.14308662744818193, 0.14167174603903873, 0.12938951090404227, 0.12540710789136003, 0.12266955871089003, 0.11939690192772869], [0.15826100916580466, 0.21393924256503713, 0.22829542754292093, 0.24171049294056476, 0.31336546003159405, 0.3457508488487135, 1.0, 0.3205796845409116, 0.27597395726353624, 0.2319947924542956, 0.20605614664630995, 0.18817593676317176, 0.17671583237506083, 0.1701491480590741, 0.15881114063264765, 0.14911385506969635, 0.13192647366887936, 0.12986954877715892, 0.13655013224821871, 0.12389295533445759], [0.1343138153110379, 0.16922554683560845, 0.19987624887590139, 0.19709420404884886, 0.23948344825796827, 0.26232176690365155, 0.3205796845409116, 1.0, 0.40171504083894993, 0.297521858076088, 0.24544614642017473, 0.2070830677060012, 0.18201013813410835, 0.17236651078720633, 0.16039056729288365, 0.15487254605801717, 0.13747319293884802, 0.1302783861173512, 0.1432693526370871, 0.1312255748794107], [0.12719584846246276, 0.16149070721712622, 0.19903582043113877, 0.18867007108152822, 0.2316674256792145, 0.2289369527200704, 0.27597395726353624, 0.40171504083894993, 1.0, 0.37340765218072436, 0.2651515435738047, 0.22671129960767364, 0.20208336129846344, 0.19395337484845376, 0.169002377995914, 0.1596160356166288, 0.15127234656987432, 0.1342836885834625, 0.1504686903381142, 0.13380986742050707], [0.12343720053107621, 0.15020994987898653, 0.17599579303476895, 0.17429187022358755, 0.21815064433637082, 0.20925148025231174, 0.2319947924542956, 0.297521858076088, 0.37340765218072436, 1.0, 0.3143205400165112, 0.2654979291193414, 0.22641314882949257, 0.20972167057413607, 0.18505780509778838, 0.17098140717214833, 0.15131817132050643, 0.13328749226435427, 0.14704813581891113, 0.13322582443186584], [0.10144091294680438, 0.1269603063278877, 0.1420672535555246, 0.15308329497720521, 0.17801683504207588, 0.18309202377655215, 0.20605614664630995, 0.24544614642017473, 0.2651515435738047, 0.3143205400165112, 1.0, 0.3577696478725793, 0.2686487797255851, 0.247515481928684, 0.20598387387801836, 0.19454707500872012, 0.15367399995571657, 0.15264395519208937, 0.15749585550409914, 0.14358912345535652], [0.10124033783706349, 0.12047202502262569, 0.13092437743763477, 0.14020687619242617, 0.16465599208492265, 0.17585451178373004, 0.18817593676317176, 0.2070830677060012, 0.22671129960767364, 0.2654979291193414, 0.3577696478725793, 1.0, 0.3314326715413247, 0.2648363255128149, 0.2473280672252732, 0.23199895505638377, 0.17793678967961762, 0.17114792247026253, 0.17497207825371108, 0.1636623421358484], [0.09007090741688364, 0.11437171571432175, 0.11899010617878772, 0.12644113843802557, 0.15181663231986808, 0.15829268751489067, 0.17671583237506083, 0.18201013813410835, 0.20208336129846344, 0.22641314882949257, 0.2686487797255851, 0.3314326715413247, 1.0, 0.31113996943417266, 0.27804825697990504, 0.24185709148112658, 0.1840159083102741, 0.17419631796481586, 0.1683030233270492, 0.16446736885206195], [0.09559102478860945, 0.11047402243440793, 0.12024910142792432, 0.1300500273534993, 0.14854657797079182, 0.14694848036635838, 0.1701491480590741, 0.17236651078720633, 0.19395337484845376, 0.20972167057413607, 0.247515481928684, 0.2648363255128149, 0.31113996943417266, 1.0, 0.3238100472873386, 0.2913449935891513, 0.24963089487793236, 0.20429484251741795, 0.20808584340791675, 0.19116611653943014], [0.09681870029830063, 0.11864682897455511, 0.12247820676503353, 0.12405014771051007, 0.13855124465234347, 0.14308662744818193, 0.15881114063264765, 0.16039056729288365, 0.169002377995914, 0.18505780509778838, 0.20598387387801836, 0.2473280672252732, 0.27804825697990504, 0.3238100472873386, 1.0, 0.3508611956492421, 0.25123783650491355, 0.22336046787584588, 0.22151185102781834, 0.20770066471247892], [0.09735759881619764, 0.1144103311969102, 0.12336220020475981, 0.12575609947951596, 0.13832564322685173, 0.14167174603903873, 0.14911385506969635, 0.15487254605801717, 0.1596160356166288, 0.17098140717214833, 0.19454707500872012, 0.23199895505638377, 0.24185709148112658, 0.2913449935891513, 0.3508611956492421, 1.0, 0.3328221163103807, 0.27080961174013973, 0.2568849223254263, 0.2363474167278319], [0.09566868454372343, 0.11043018800814804, 0.12466176147306327, 0.12746567906135928, 0.12821088241359813, 0.12938951090404227, 0.13192647366887936, 0.13747319293884802, 0.15127234656987432, 0.15131817132050643, 0.15367399995571657, 0.17793678967961762, 0.1840159083102741, 0.24963089487793236, 0.25123783650491355, 0.3328221163103807, 1.0, 0.3841120106991955, 0.2934790951812997, 0.2515454655760558], [0.08429272801706597, 0.1018508802863602, 0.11374994003299942, 0.11307939290920876, 0.11719957807762303, 0.12540710789136003, 0.12986954877715892, 0.1302783861173512, 0.1342836885834625, 0.13328749226435427, 0.15264395519208937, 0.17114792247026253, 0.17419631796481586, 0.20429484251741795, 0.22336046787584588, 0.27080961174013973, 0.3841120106991955, 1.0, 0.329210722187486, 0.2982289351847309], [0.08984505650715989, 0.10393566008934967, 0.11849248874539141, 0.11573601905983152, 0.11991844764469876, 0.12266955871089003, 0.13655013224821871, 0.1432693526370871, 0.1504686903381142, 0.14704813581891113, 0.15749585550409914, 0.17497207825371108, 0.1683030233270492, 0.20808584340791675, 0.22151185102781834, 0.2568849223254263, 0.2934790951812997, 0.329210722187486, 1.0, 0.33260650330608815], [0.08087818795934835, 0.09921204175289842, 0.10516173247087195, 0.10496435975940044, 0.11230568470534644, 0.11939690192772869, 0.12389295533445759, 0.1312255748794107, 0.13380986742050707, 0.13322582443186584, 0.14358912345535652, 0.1636623421358484, 0.16446736885206195, 0.19116611653943014, 0.20770066471247892, 0.2363474167278319, 0.2515454655760558, 0.2982289351847309, 0.33260650330608815, 1.0]], "mean_cross_task_stability": 0.190192903938695, "score": "ami"}, "1": {"layer": 1, "S_matrix": [[1.0, 0.11705328048036447, 0.04042635460560731, 0.023221614754808724, 0.023373684686445365, 0.009476385067398922, 0.007087711522745384, 0.005734438155222431, 0.005748953006115706, 0.004503889730384103, 0.0035337570329674215, 0.0027318906444406053, 0.002943165264444347, 0.0023255828160616073, 0.00268610935714993, 0.0028148028184259216, 0.0031302094427644238, 0.0018397858355497657, 0.0022328222432694833, 0.0025211681428496677], [0.11705328048036447, 1.0, 0.11080249748201224, 0.0643456071015235, 0.056472760792099536, 0.02995745184959925, 0.015790822351873356, 0.017385807336338634, 0.013042012572849775, 0.007209848693010341, 0.004839324883848394, 0.004993293920382333, 0.005342604559094258, 0.003556518974721777, 0.004055460619964378, 0.004355798277150314, 0.004386824502552461, 0.0026505642721879486, 0.0032751099503186224, 0.0017924892254283864], [0.04042635460560731, 0.11080249748201224, 1.0, 0.10693721591293008, 0.0796452683273948, 0.05132519593131821, 0.024056721019160857, 0.027758563496342196, 0.019898408836358815, 0.012027384514476281, 0.006764868330836411, 0.00594885344516268, 0.0050134878512635515, 0.0027648504365993336, 0.00388903603135027, 0.00355167401321245, 0.0026286862875194296, 0.003282965688913585, 0.0027096572192526775, 0.0018517316816834186], [0.023221614754808724, 0.0643456071015235, 0.10693721591293008, 1.0, 0.11568828930779784, 0.07573040598421685, 0.04222035037737256, 0.0387030682615987, 0.02458904764806541, 0.02027745896079738, 0.0094578823748955, 0.008797135932886797, 0.005272076746768117, 0.0018204008