{"rung": "R6", "scenario": "class", "nexp": 10, "epochs": 50, "seed": 3, "metrics": {"Top1_Acc_Exp/eval_phase/test_stream/Task000/Exp000": 0.0, "Top1_Acc_Exp/eval_phase/test_stream/Task000/Exp001": 0.0, "Top1_Acc_Exp/eval_phase/test_stream/Task000/Exp002": 0.0, "Top1_Acc_Exp/eval_phase/test_stream/Task000/Exp003": 0.0, "Top1_Acc_Exp/eval_phase/test_stream/Task000/Exp004": 0.0, "Top1_Acc_Exp/eval_phase/test_stream/Task000/Exp005": 0.0, "Top1_Acc_Exp/eval_phase/test_stream/Task000/Exp006": 0.0, "Top1_Acc_Exp/eval_phase/test_stream/Task000/Exp007": 0.0, "Top1_Acc_Exp/eval_phase/test_stream/Task000/Exp008": 0.0, "Top1_Acc_Exp/eval_phase/test_stream/Task000/Exp009": 0.772, "Top1_Acc_Stream/eval_phase/test_stream/Task000": 0.0772, "StreamForgetting/eval_phase/test_stream": 0.7883333333333334, "StreamBWT/eval_phase/test_stream": -0.7883333333333334, "ExperienceForgetting/eval_phase/test_stream/Task000/Exp000": 0.718, "ExperienceBWT/eval_phase/test_stream/Task000/Exp000": -0.718, "ExperienceForgetting/eval_phase/test_stream/Task000/Exp001": 0.742, "ExperienceBWT/eval_phase/test_stream/Task000/Exp001": -0.742, "ExperienceForgetting/eval_phase/test_stream/Task000/Exp002": 0.777, "ExperienceBWT/eval_phase/test_stream/Task000/Exp002": -0.777, "ExperienceForgetting/eval_phase/test_stream/Task000/Exp003": 0.849, "ExperienceBWT/eval_phase/test_stream/Task000/Exp003": -0.849, "ExperienceForgetting/eval_phase/test_stream/Task000/Exp004": 0.859, "ExperienceBWT/eval_phase/test_stream/Task000/Exp004": -0.859, "ExperienceForgetting/eval_phase/test_stream/Task000/Exp005": 0.805, "ExperienceBWT/eval_phase/test_stream/Task000/Exp005": -0.805, "ExperienceForgetting/eval_phase/test_stream/Task000/Exp006": 0.739, "ExperienceBWT/eval_phase/test_stream/Task000/Exp006": -0.739, "ExperienceForgetting/eval_phase/test_stream/Task000/Exp007": 0.767, "ExperienceBWT/eval_phase/test_stream/Task000/Exp007": -0.767, "ExperienceForgetting/eval_phase/test_stream/Task000/Exp008": 0.839, "ExperienceBWT/eval_phase/test_stream/Task000/Exp008": -0.839}, "learning_acc": [0.718, 0.742, 0.777, 0.849, 0.859, 0.805, 0.739, 0.767, 0.839, 0.772], "acc_matrix": [[0.718, 0.0, 0.0, 0.0, 0.0, 0.0, 0.0, 0.0, 0.0, 0.0], [0.0, 0.742, 0.0, 0.0, 0.0, 0.0, 0.0, 0.0, 0.0, 0.0], [0.0, 0.0, 0.777, 0.0, 0.0, 0.0, 0.0, 0.0, 0.0, 0.0], [0.0, 0.0, 0.0, 0.849, 0.0, 0.0, 0.0, 0.0, 0.0, 0.0], [0.0, 0.0, 0.0, 0.0, 0.859, 0.0, 0.0, 0.0, 0.0, 0.0], [0.0, 0.0, 0.0, 0.0, 0.0, 0.805, 0.0, 0.0, 0.0, 0.0], [0.0, 0.0, 0.0, 0.0, 0.0, 0.0, 0.739, 0.0, 0.0, 0.0], [0.0, 0.0, 0.0, 0.0, 0.0, 0.0, 0.0, 0.767, 0.0, 0.0], [0.0, 0.0, 0.0, 0.0, 0.0, 0.0, 0.0, 0.0, 0.839, 0.0], [0.0, 0.0, 0.0, 0.0, 0.0, 0.0, 0.0, 0.0, 0.0, 0.772]], "avg_forgetting": 78.83333333333334, "bwt": -78.83333333333334, "selfcheck_ok": true, "h3": {"overlap_summary": {"matrices": {"0": [[1.0, 0.8110527314249056, 0.6909856009092535, 0.6762922231848777, 0.6553864104100934, 0.6146559963697383, 0.6189360811298321, 0.6619733365468021, 0.6136133859768151, 0.6005425633468819], [0.8110527314249056, 1.0, 0.8607839356400084, 0.8223680731380822, 0.7966212036267778, 0.7602542323714677, 0.7676495965736405, 0.7974099027687389, 0.7659172850207878, 0.7424453342165078], [0.6909856009092535, 0.8607839356400084, 1.0, 0.9176906738623256, 0.8962119647109712, 0.8590704151501425, 0.869918389113189, 0.8790588429862606, 0.8529345261377931, 0.8371101313090759], [0.6762922231848777, 0.8223680731380822, 0.9176906738623256, 1.0, 0.9102745091369198, 0.8541603063382712, 0.8637728645226135, 0.8589752799898605, 0.863499238069666, 0.8432839910126573], [0.6553864104100934, 0.7966212036267778, 0.8962119647109712, 0.9102745091369198, 1.0, 0.9016793170690703, 0.8676104016797943, 0.8750826610675608, 0.8549419694727007, 0.8470169608916437], [0.6146559963697383, 0.7602542323714677, 0.8590704151501425, 0.8541603063382712, 0.9016793170690703, 1.0, 0.8912929487984348, 0.8678059446992425, 0.8649845069544335, 0.8616989179440084], [0.6189360811298321, 0.7676495965736405, 0.869918389113189, 0.8637728645226135, 0.8676104016797943, 0.8912929487984348, 1.0, 0.9108946134246314, 0.8857935506644661, 0.8875378470468843], [0.6619733365468021, 0.7974099027687389, 0.8790588429862606, 0.8589752799898605, 0.8750826610675608, 0.8678059446992425, 0.9108946134246314, 1.0, 0.9137584089253554, 0.9045446737196583], [0.6136133859768151, 0.7659172850207878, 0.8529345261377931, 0.863499238069666, 0.8549419694727007, 0.8649845069544335, 0.8857935506644661, 0.9137584089253554, 1.0, 0.9263747098272707], [0.6005425633468819, 0.7424453342165078, 0.8371101313090759, 0.8432839910126573, 0.8470169608916437, 0.8616989179440084, 0.8875378470468843, 0.9045446737196583, 0.9263747098272707, 1.0]], "1": [[1.0, 0.3018302558277318, 0.2107011531240568, 0.17748026146863727, 0.179832884310631, 0.1978197703930234, 0.1638755549622786, 0.17986589919972854, 0.19499821339915005, 0.19007243506974345], [0.3018302558277318, 1.0, 0.3325288566909163, 0.2762661618324304, 0.24221337014457214, 0.24587567951544345, 0.19890621537272113, 0.27042641032633125, 0.25072492171442834, 0.22749585643604095], [0.2107011531240568, 0.3325288566909163, 1.0, 0.30760874307546976, 0.2308019470384361, 0.24124406368608423, 0.19502321510536902, 0.22712980572897576, 0.22206626933215132, 0.20318091666539534], [0.17748026146863727, 0.2762661618324304, 0.30760874307546976, 1.0, 0.304069014044312, 0.2502188979238963, 0.23378565571942275, 0.2064726341513532, 0.2383841265184361, 0.22652939674902361], [0.179832884310631, 0.24221337014457214, 0.2308019470384361, 0.304069014044312, 1.0, 0.3162436636174195, 0.24881550643353464, 0.2075675034193761, 0.24364838457093363, 0.2518057291139288], [0.1978197703930234, 0.24587567951544345, 0.24124406368608423, 0.2502188979238963, 0.3162436636174195, 1.0, 0.31044816267519704, 0.21806813471418027, 0.2292732361567372, 0.2283000701543932], [0.1638755549622786, 0.19890621537272113, 0.19502321510536902, 0.23378565571942275, 0.24881550643353464, 0.31044816267519704, 1.0, 0.2855565684750705, 0.23007706199233335, 0.24739577919964767], [0.17986589919972854, 0.27042641032633125, 0.22712980572897576, 0.2064726341513532, 0.2075675034193761, 0.21806813471418027, 0.2855565684750705, 1.0, 0.3087500511236857, 0.2887090586290656], [0.19499821339915005, 0.25072492171442834, 0.22206626933215132, 0.2383841265184361, 0.24364838457093363, 0.2292732361567372, 0.23007706199233335, 0.3087500511236857, 1.0, 0.33100507250339295], [0.19007243506974345, 0.22749585643604095, 0.20318091666539534, 0.22652939674902361, 0.2518057291139288, 0.2283000701543932, 0.24739577919964767, 0.2887090586290656, 0.33100507250339295, 1.0]], "2": [[1.0, 0.25825912570065845, 0.28539210684766764, 0.25520798975516523, 0.33618894039031316, 0.3167281463418256, 0.2882914323609574, 0.2929986884869661, 0.29434381580289304, 0.24866251356034236], [0.25825912570065845, 1.0, 0.2972167749019751, 0.32615111391045587, 0.38047883279959754, 0.26882566051012347, 0.20818877711648012, 0.2508037571578073, 0.2559040083976014, 0.2570489126706245], [0.28539210684766764, 0.2972167749019751, 1.0, 0.3020215798861652, 0.3534798795824538, 0.21843096387678526, 0.2893289339966024, 0.304151053427064, 0.3236380263752271, 0.33950979783867646], [0.25520798975516523, 0.32615111391045587, 0.3020215798861652, 1.0, 0.40212235232880794, 0.26775842345255896, 0.23703755618656108, 0.33129078248355215, 0.27130042696201245, 0.30016252551348904], [0.33618894039031316, 0.38047883279959754, 0.3534798795824538, 0.40212235232880794, 1.0, 0.3244442064400804, 0.2829438559913243, 0.3707752736191752, 0.3402854227812227, 0.39262231662344516], [0.3167281463418256, 0.26882566051012347, 0.21843096387678526, 0.26775842345255896, 0.3244442064400804, 1.0, 0.32083132739069636, 0.30574077880090034, 0.2813099037852788, 0.25556259963923866], [0.2882914323609574, 0.20818877711648012, 0.2893289339966024, 0.23703755618656108, 0.2829438559913243, 0.32083132739069636, 1.0, 0.2868986836314337, 0.2836893111965206, 0.29888136884996286], [0.2929986884869661, 0.2508037571578073, 0.304151053427064, 0.33129078248355215, 0.3707752736191752, 0.30574077880090034, 0.2868986836314337, 1.0, 0.3727515147450547, 0.3093593071920144], [0.29434381580289304, 0.2559040083976014, 0.3236380263752271, 0.27130042696201245, 0.3402854227812227, 0.2813099037852788, 0.2836893111965206, 0.3727515147450547, 1.0, 0.3717407110520314], [0.24866251356034236, 0.2570489126706245, 0.33950979783867646, 0.30016252551348904, 0.39262231662344516, 0.25556259963923866, 0.29888136884996286, 0.3093593071920144, 0.3717407110520314, 1.0]]}, "per_layer_inter": {"0": 0.8183081434928915, "1": 0.2416242792956686, "2": 0.30130576623021754}, "O_inter": 0.45374606300625925, "O_intra": 1.0, "Obar": 0.45374606300625925, "inner": -0.5462539369937407}, "phase_stability": {"0": {"layer": 0, "S_matrix": [[1.0, 0.3276106152720773, 0.25686091598524396, 0.23544706913395688, 0.2044503097683893, 0.1909833117054002, 0.17924580935284987, 0.16229533141894628, 0.1605994751387549, 0.15601812691274436], [0.3276106152720773, 1.0, 0.3164914677995849, 0.2867327678554409, 0.24122855440232557, 0.22233480508564316, 0.2040388010878471, 0.18635858548340367, 0.17453753710493997, 0.17564068449744763], [0.25686091598524396, 0.3164914677995849, 1.0, 0.4183801250584201, 0.33948027300277206, 0.2815401855489454, 0.24470533444748915, 0.21552794217121027, 0.20475333298139334, 0.20518771749630302], [0.23544706913395688, 0.2867327678554409, 0.4183801250584201, 1.0, 0.42782554809119333, 0.3227449964916253, 0.26589153348410366, 0.227155880131599, 0.21366878438319475, 0.22498807689085995], [0.2044503097683893, 0.24122855440232557, 0.33948027300277206, 0.42782554809119333, 1.0, 0.386275210074885, 0.2731492800035767, 0.24082482527143598, 0.2269395539800102, 0.24591036183760256], [0.1909833117054002, 0.22233480508564316, 0.2815401855489454, 0.3227449964916253, 0.386275210074885, 1.0, 0.36590065398028954, 0.2540736119628463, 0.23915455237370434, 0.24684172390019718], [0.17924580935284987, 0.2040388010878471, 0.24470533444748915, 0.26589153348410366, 0.2731492800035767, 0.36590065398028954, 1.0, 0.33817038693861345, 0.27885240137055384, 0.2556010028197871], [0.16229533141894628, 0.18635858548340367, 0.21552794217121027, 0.227155880131599, 0.24082482527143598, 0.2540736119628463, 0.33817038693861345, 1.0, 0.3937934950075891, 0.2990553631213323], [0.1605994751387549, 0.17453753710493997, 0.20475333298139334, 0.21366878438319475, 0.2269395539800102, 0.23915455237370434, 0.27885240137055384, 0.3937934950075891, 1.0, 0.3486068317898661], [0.15601812691274436, 0.17564068449744763, 0.20518771749630302, 0.22498807689085995, 0.24591036183760256, 0.24684172390019718, 0.2556010028197871, 0.2990553631213323, 0.3486068317898661, 1.0]], "mean_cross_task_stability": 0.2592416256136977, "score": "ami"}, "1": {"layer": 1, "S_matrix": [[1.0, 0.05716022204414009, 0.03712223952602069, 0.030978117568102457, 0.015039569468536145, 0.012895279649773893, 0.00790763548723326, 0.004923633453224863, 0.0034056176808093795, 0.0025771552412350626], [0.05716022204414009, 1.0, 0.14028167608836928, 0.08759433662078424, 0.04469486892333515, 0.04186589827453094, 0.030229201886042244, 0.024144662725391095, 0.019520740166130746, 0.014580277676682848], [0.03712223952602069, 0.14028167608836928, 1.0, 0.17335276487135884, 0.09137892405187491, 0.06923447401484614, 0.05356924126568577, 0.04050952864160951, 0.031957934093545144, 0.02453477021075226], [0.030978117568102457, 0.08759433662078424, 0.17335276487135884, 1.0, 0.1597252006635403, 0.09807861851854448, 0.06923361845829615, 0.05148795886900709, 0.040609495302192, 0.028972128744539236], [0.015039569468536145, 0.04469486892333515, 0.09137892405187491, 0.1597252006635403, 1.0, 0.16460070979024258, 0.09705005124907833, 0.0753941580089458, 0.04471082164883891, 0.036213798876908815], [0.012895279649773893, 0.04186589827453094, 0.06923447401484614, 0.09807861851854448, 0.16460070979024258, 1.0, 0.16317734362092132, 0.10526689664784694, 0.07856854748615826, 0.056261332640631476], [0.00790763548723326, 0.030229201886042244, 0.05356924126568577, 0.06923361845829615, 0.09705005124907833, 0.16317734362092132, 1.0, 0.17393466143248273, 0.10857819308783896, 0.07740269511392044], [0.004923633453224863, 0.024144662725391095, 0.04050952864160951, 0.05148795886900709, 0.0753941580089458, 0.10526689664784694, 0.17393466143248273, 1.0, 0.17034526283026452, 0.11673818969620413], [0.0034056176808093795, 0.019520740166130746, 0.031957934093545144, 0.040609495302192, 0.04471082164883891, 0.07856854748615826, 0.10857819308783896, 0.17034526283026452, 1.0, 0.1734541591796656], [0.0025771552412350626, 0.014580277676682848, 0.02453477021075226, 0.028972128744539236, 0.036213798876908815, 0.056261332640631476, 0.07740269511392044, 0.11673818969620413, 0.1734541591796656, 1.0]], "mean_cross_task_stability": 0.06998361358880184, "score": "ami"}, "2": {"layer": 2, "S_matrix": [[1.0, 0.013899066841922563, 0.008882310334491715, 0.011677147124616373, 0.009451795703057373, 0.010598264326973467, 0.003052325543590761, 0.001521391049990438, 0.002097099536145791, 0.00313935472542676], [0.013899066841922563, 1.0, 0.03635095602894992, 0.014109306904307001, 0.00707243023078484, 0.0062159037807429755, 0.0019026091956171334, 0.0013460168941018154, 0.0017654761724271942, 0.0025614012684931084], [0.008882310334491715, 0.03635095602894992, 1.0, 0.05951148309659788, 0.009141440320059414, 0.007186819556606691, 0.003695315463771839, 0.0018660414293622835, 0.0036498677283892276, 0.002981024535971797], [0.011677147124616373, 0.014109306904307001, 0.05951148309659788, 1.0, 0.029479269507363955, 0.013021585825076749, 0.0053432117892422346, 0.0012672515904317203, 0.001628087119525697, 0.00148364843142901], [0.009451795703057373, 0.00707243023078484, 0.009141440320059414, 0.029479269507363955, 1.0, 0.05971486663993617, 0.02119600348243116, 0.004625090828003984, 0.0013157088709767712, 0.003205617845571059], [0.010598264326973467, 0.0062159037807429755, 0.007186819556606691, 0.013021585825076749, 0.05971486663993617, 1.0, 0.05476773920204507, 0.00973249081992848, 0.0037199806281418136, 0.004873299576268497], [0.003052325543590761, 0.0019026091956171334, 0.003695315463771839, 0.0053432117892422346, 0.02119600348243116, 0.05476773920204507, 1.0, 0.044983346687969356, 0.0077745216170136446, 0.007533827840909295], [0.001521391049990438, 0.0013460168941018154, 0.0018660414293622835, 0.0012672515904317203, 0.004625090828003984, 0.00973249081992848, 0.044983346687969356, 1.0, 0.034722832441497556, 0.014900144750370983], [0.002097099536145791, 0.0017654761724271942, 0.0036498677283892276, 0.001628087119525697, 0.0013157088709767712, 0.0037199806281418136, 0.0077745216170136446, 0.034722832441497556, 1.0, 0.05670814073659965], [0.00313935472542676, 0.0025614012684931084, 0.002981024535971797, 0.00148364843142901, 0.003205617845571059, 0.004873299576268497, 0.007533827840909295, 0.014900144750370983, 0.05670814073659965, 1.0]], "mean_cross_task_stability": 0.013459366978291806, "score": "ami"}}}}