{"rung": "R6", "scenario": "class", "nexp": 10, "epochs": 50, "seed": 2, "metrics": {"Top1_Acc_Exp/eval_phase/test_stream/Task000/Exp000": 0.0, "Top1_Acc_Exp/eval_phase/test_stream/Task000/Exp001": 0.0, "Top1_Acc_Exp/eval_phase/test_stream/Task000/Exp002": 0.0, "Top1_Acc_Exp/eval_phase/test_stream/Task000/Exp003": 0.0, "Top1_Acc_Exp/eval_phase/test_stream/Task000/Exp004": 0.0, "Top1_Acc_Exp/eval_phase/test_stream/Task000/Exp005": 0.0, "Top1_Acc_Exp/eval_phase/test_stream/Task000/Exp006": 0.0, "Top1_Acc_Exp/eval_phase/test_stream/Task000/Exp007": 0.0, "Top1_Acc_Exp/eval_phase/test_stream/Task000/Exp008": 0.0, "Top1_Acc_Exp/eval_phase/test_stream/Task000/Exp009": 0.799, "Top1_Acc_Stream/eval_phase/test_stream/Task000": 0.0799, "StreamForgetting/eval_phase/test_stream": 0.7882222222222223, "StreamBWT/eval_phase/test_stream": -0.7882222222222223, "ExperienceForgetting/eval_phase/test_stream/Task000/Exp000": 0.804, "ExperienceBWT/eval_phase/test_stream/Task000/Exp000": -0.804, "ExperienceForgetting/eval_phase/test_stream/Task000/Exp001": 0.785, "ExperienceBWT/eval_phase/test_stream/Task000/Exp001": -0.785, "ExperienceForgetting/eval_phase/test_stream/Task000/Exp002": 0.785, "ExperienceBWT/eval_phase/test_stream/Task000/Exp002": -0.785, "ExperienceForgetting/eval_phase/test_stream/Task000/Exp003": 0.823, "ExperienceBWT/eval_phase/test_stream/Task000/Exp003": -0.823, "ExperienceForgetting/eval_phase/test_stream/Task000/Exp004": 0.848, "ExperienceBWT/eval_phase/test_stream/Task000/Exp004": -0.848, "ExperienceForgetting/eval_phase/test_stream/Task000/Exp005": 0.812, "ExperienceBWT/eval_phase/test_stream/Task000/Exp005": -0.812, "ExperienceForgetting/eval_phase/test_stream/Task000/Exp006": 0.708, "ExperienceBWT/eval_phase/test_stream/Task000/Exp006": -0.708, "ExperienceForgetting/eval_phase/test_stream/Task000/Exp007": 0.768, "ExperienceBWT/eval_phase/test_stream/Task000/Exp007": -0.768, "ExperienceForgetting/eval_phase/test_stream/Task000/Exp008": 0.761, "ExperienceBWT/eval_phase/test_stream/Task000/Exp008": -0.761}, "learning_acc": [0.804, 0.785, 0.785, 0.823, 0.848, 0.812, 0.708, 0.768, 0.761, 0.799], "acc_matrix": [[0.804, 0.0, 0.0, 0.0, 0.0, 0.0, 0.0, 0.0, 0.0, 0.0], [0.0, 0.785, 0.0, 0.0, 0.0, 0.0, 0.0, 0.0, 0.0, 0.0], [0.0, 0.0, 0.785, 0.0, 0.0, 0.0, 0.0, 0.0, 0.0, 0.0], [0.0, 0.0, 0.0, 0.823, 0.0, 0.0, 0.0, 0.0, 0.0, 0.0], [0.0, 0.0, 0.0, 0.0, 0.848, 0.0, 0.0, 0.0, 0.0, 0.0], [0.0, 0.0, 0.0, 0.0, 0.0, 0.812, 0.0, 0.0, 0.0, 0.0], [0.0, 0.0, 0.0, 0.0, 0.0, 0.0, 0.708, 0.0, 0.0, 0.0], [0.0, 0.0, 0.0, 0.0, 0.0, 0.0, 0.0, 0.768, 0.0, 0.0], [0.0, 0.0, 0.0, 0.0, 0.0, 0.0, 0.0, 0.0, 0.761, 0.0], [0.0, 0.0, 0.0, 0.0, 0.0, 0.0, 0.0, 0.0, 0.0, 0.799]], "avg_forgetting": 78.82222222222222, "bwt": -78.82222222222222, "selfcheck_ok": true, "h3": {"overlap_summary": {"matrices": {"0": [[1.0, 0.8723947821304103, 0.836426125278921, 0.7962655907235557, 0.7991335979979921, 0.7781806333089407, 0.778337709211743, 0.7904329471821274, 0.7774161171956931, 0.7642851651726819], [0.8723947821304103, 1.0, 0.8667980476755371, 0.8525300170035018, 0.8474137346553092, 0.8194482108917097, 0.8400061935284152, 0.8442378734796623, 0.8151646682328156, 0.8231188926576299], [0.836426125278921, 0.8667980476755371, 1.0, 0.891397350053933, 0.8749577585285219, 0.8667613861323392, 0.8595555173711288, 0.8617920881288142, 0.8541126850590616, 0.8340140851494616], [0.7962655907235557, 0.8525300170035018, 0.891397350053933, 1.0, 0.9023920744725563, 0.9026485779065272, 0.8975207177134166, 0.8861094844028058, 0.8778054278244775, 0.8615446096467559], [0.7991335979979921, 0.8474137346553092, 0.8749577585285219, 0.9023920744725563, 1.0, 0.9107349866267306, 0.9081806948182872, 0.893848411202126, 0.8883466081723115, 0.8711629147718057], [0.7781806333089407, 0.8194482108917097, 0.8667613861323392, 0.9026485779065272, 0.9107349866267306, 1.0, 0.9095607633052026, 0.8934827520225764, 0.8922862170927004, 0.8684881012129662], [0.778337709211743, 0.8400061935284152, 0.8595555173711288, 0.8975207177134166, 0.9081806948182872, 0.9095607633052026, 1.0, 0.9365561733652789, 0.9068852416721191, 0.8993109636780349], [0.7904329471821274, 0.8442378734796623, 0.8617920881288142, 0.8861094844028058, 0.893848411202126, 0.8934827520225764, 0.9365561733652789, 1.0, 0.9224592986492437, 0.9081383245666466], [0.7774161171956931, 0.8151646682328156, 0.8541126850590616, 0.8778054278244775, 0.8883466081723115, 0.8922862170927004, 0.9068852416721191, 0.9224592986492437, 1.0, 0.9253985184492832], [0.7642851651726819, 0.8231188926576299, 0.8340140851494616, 0.8615446096467559, 0.8711629147718057, 0.8684881012129662, 0.8993109636780349, 0.9081383245666466, 0.9253985184492832, 1.0]], "1": [[1.0, 0.21476310463584394, 0.22935835827728734, 0.25755510585657365, 0.18757806081655087, 0.20805044817745647, 0.20076163036937716, 0.19563856992937417, 0.18376894369204966, 0.20591070207800435], [0.21476310463584394, 1.0, 0.2091155696807182, 0.2208527151807569, 0.20235195348016632, 0.19185001226795106, 0.1617885787587259, 0.20677029874192765, 0.18575505085097813, 0.16886907436797607], [0.22935835827728734, 0.2091155696807182, 1.0, 0.2842922227899065, 0.21160619065328368, 0.23226079409623795, 0.22454982124355646, 0.19783978215231118, 0.17301782588042897, 0.1923891531460844], [0.25755510585657365, 0.2208527151807569, 0.2842922227899065, 1.0, 0.44435755645457065, 0.3529989898740367, 0.26394007191838254, 0.22354947840527364, 0.20513474698716858, 0.24208222286447442], [0.18757806081655087, 0.20235195348016632, 0.21160619065328368, 0.44435755645457065, 1.0, 0.3669730484751064, 0.25322625270784077, 0.2071181127413794, 0.1713180008637475, 0.20609037626074217], [0.20805044817745647, 0.19185001226795106, 0.23226079409623795, 0.3529989898740367, 0.3669730484751064, 1.0, 0.3227766955838355, 0.2401982351487393, 0.21017723263848903, 0.25505382252686093], [0.20076163036937716, 0.1617885787587259, 0.22454982124355646, 0.26394007191838254, 0.25322625270784077, 0.3227766955838355, 1.0, 0.32049029856984035, 0.22311223071395497, 0.21575437300631128], [0.19563856992937417, 0.20677029874192765, 0.19783978215231118, 0.22354947840527364, 0.2071181127413794, 0.2401982351487393, 0.32049029856984035, 1.0, 0.3061634532009312, 0.2580842246434473], [0.18376894369204966, 0.18575505085097813, 0.17301782588042897, 0.20513474698716858, 0.1713180008637475, 0.21017723263848903, 0.22311223071395497, 0.3061634532009312, 1.0, 0.3762147511597769], [0.20591070207800435, 0.16886907436797607, 0.1923891531460844, 0.24208222286447442, 0.20609037626074217, 0.25505382252686093, 0.21575437300631128, 0.2580842246434473, 0.3762147511597769, 1.0]], "2": [[1.0, 0.3010478063279995, 0.2921205039120191, 0.22201102724474528, 0.2764980725334877, 0.2656649579170634, 0.31500982613762457, 0.252908467316499, 0.298414701989053, 0.29837704362185247], [0.3010478063279995, 1.0, 0.3024719413321414, 0.23558246899183433, 0.29867189736005195, 0.3033109942497695, 0.27152533196361095, 0.30979577922720847, 0.23565792537708025, 0.2559985236782173], [0.2921205039120191, 0.3024719413321414, 1.0, 0.29680344194970737, 0.30390815865673926, 0.33588323916013835, 0.32097321199222667, 0.28012891740750684, 0.31751240568265804, 0.309228254142708], [0.22201102724474528, 0.23558246899183433, 0.29680344194970737, 1.0, 0.289865069854179, 0.303552205946862, 0.27866147319373963, 0.28731508394263655, 0.3880349071622057, 0.3107387673412357], [0.2764980725334877, 0.29867189736005195, 0.30390815865673926, 0.289865069854179, 1.0, 0.32479338737004065, 0.3416285649697345, 0.32492055283054244, 0.26747675177248553, 0.27356845174164474], [0.2656649579170634, 0.3033109942497695, 0.33588323916013835, 0.303552205946862, 0.32479338737004065, 1.0, 0.22448445029183084, 0.28462570411300975, 0.25686307582053436, 0.32554127346216344], [0.31500982613762457, 0.27152533196361095, 0.32097321199222667, 0.27866147319373963, 0.3416285649697345, 0.22448445029183084, 1.0, 0.3443443445046976, 0.3515529665937369, 0.3332751289097963], [0.252908467316499, 0.30979577922720847, 0.28012891740750684, 0.28731508394263655, 0.32492055283054244, 0.28462570411300975, 0.3443443445046976, 1.0, 0.3225155748447858, 0.2817234814320583], [0.298414701989053, 0.23565792537708025, 0.31751240568265804, 0.3880349071622057, 0.26747675177248553, 0.25686307582053436, 0.3515529665937369, 0.3225155748447858, 1.0, 0.3908209510308661], [0.29837704362185247, 0.2559985236782173, 0.309228254142708, 0.3107387673412357, 0.27356845174164474, 0.32554127346216344, 0.3332751289097963, 0.2817234814320583, 0.3908209510308661, 1.0]]}, "per_layer_inter": {"0": 0.862378711962706, "1": 0.23581129204152076, "2": 0.29790682367334953}, "O_inter": 0.46536560922585873, "O_intra": 1.0, "Obar": 0.46536560922585873, "inner": -0.5346343907741413}, "phase_stability": {"0": {"layer": 0, "S_matrix": [[1.0, 0.31213265391999545, 0.2564133172075979, 0.21191672022123906, 0.18874609266940634, 0.19193659186784728, 0.16592599682865397, 0.15341390019902243, 0.14574256952395928, 0.14818884832269524], [0.31213265391999545, 1.0, 0.31761713573569184, 0.2469933718334441, 0.2331256434991789, 0.2312172447734515, 0.18795881203184492, 0.19091688205416182, 0.16610300984421983, 0.16491823563265623], [0.2564133172075979, 0.31761713573569184, 1.0, 0.3292105476492962, 0.2606085181445818, 0.2572966523356973, 0.2238211276602401, 0.20078416418549763, 0.1924785632840508, 0.19321189439543954], [0.21191672022123906, 0.2469933718334441, 0.3292105476492962, 1.0, 0.30276552772065146, 0.2867273941286845, 0.246319093386811, 0.22668509999130018, 0.21464801007022008, 0.20837221243631177], [0.18874609266940634, 0.2331256434991789, 0.2606085181445818, 0.30276552772065146, 1.0, 0.386243575749115, 0.2932260927292375, 0.2687988230309309, 0.22888595182586813, 0.21255047077073497], [0.19193659186784728, 0.2312172447734515, 0.2572966523356973, 0.2867273941286845, 0.386243575749115, 1.0, 0.35949367747591315, 0.336050125808018, 0.24388464014097372, 0.22885722138485473], [0.16592599682865397, 0.18795881203184492, 0.2238211276602401, 0.246319093386811, 0.2932260927292375, 0.35949367747591315, 1.0, 0.3648913225584044, 0.2697653182972558, 0.25268841003866754], [0.15341390019902243, 0.19091688205416182, 0.20078416418549763, 0.22668509999130018, 0.2687988230309309, 0.336050125808018, 0.3648913225584044, 1.0, 0.3099156034293652, 0.2674175655471244], [0.14574256952395928, 0.16610300984421983, 0.1924785632840508, 0.21464801007022008, 0.22888595182586813, 0.24388464014097372, 0.2697653182972558, 0.3099156034293652, 1.0, 0.40805172752403734], [0.14818884832269524, 0.16491823563265623, 0.19321189439543954, 0.20837221243631177, 0.21255047077073497, 0.22885722138485473, 0.25268841003866754, 0.2674175655471244, 0.40805172752403734, 1.0]], "mean_cross_task_stability": 0.24637591906365222, "score": "ami"}, "1": {"layer": 1, "S_matrix": [[1.0, 0.0969833232953035, 0.03703898527581386, 0.02517708686803197, 0.02475866204495243, 0.017662352076418853, 0.010591031787497264, 0.006836126746881792, 0.0056228878804796675, 0.00308249755347557], [0.0969833232953035, 1.0, 0.10825793541626656, 0.06813749256257025, 0.05609820101360392, 0.04023776153548653, 0.023377578711051113, 0.01642003799404818, 0.012239239506359105, 0.00942157595701875], [0.03703898527581386, 0.10825793541626656, 1.0, 0.15279869222599277, 0.11041145503607218, 0.08563237265472225, 0.05393865958147284, 0.041411891648824146, 0.03326924337021552, 0.0258937357900091], [0.02517708686803197, 0.06813749256257025, 0.15279869222599277, 1.0, 0.17884077240772167, 0.12429572134808584, 0.07555725279486192, 0.05345923723830763, 0.039374232572740045, 0.031750844788859464], [0.02475866204495243, 0.05609820101360392, 0.11041145503607218, 0.17884077240772167, 1.0, 0.20885783687944362, 0.10145643268470139, 0.0690618760948732, 0.04607687942050016, 0.03529226671172926], [0.017662352076418853, 0.04023776153548653, 0.08563237265472225, 0.12429572134808584, 0.20885783687944362, 1.0, 0.15512370824650096, 0.09638172162115026, 0.06906195159722148, 0.050598142827990265], [0.010591031787497264, 0.023377578711051113, 0.05393865958147284, 0.07555725279486192, 0.10145643268470139, 0.15512370824650096, 1.0, 0.17166949982435892, 0.10800663482644092, 0.0727218908559459], [0.006836126746881792, 0.01642003799404818, 0.041411891648824146, 0.05345923723830763, 0.0690618760948732, 0.09638172162115026, 0.17166949982435892, 1.0, 0.17935541035022445, 0.11830624754702199], [0.0056228878804796675, 0.012239239506359105, 0.03326924337021552, 0.039374232572740045, 0.04607687942050016, 0.06906195159722148, 0.10800663482644092, 0.17935541035022445, 1.0, 0.17801773569577906], [0.00308249755347557, 0.00942157595701875, 0.0258937357900091, 0.031750844788859464, 0.03529226671172926, 0.050598142827990265, 0.0727218908559459, 0.11830624754702199, 0.17801773569577906, 1.0]], "mean_cross_task_stability": 0.07174589161926727, "score": "ami"}, "2": {"layer": 2, "S_matrix": [[1.0, 0.012100572383977624, 0.004938444899711751, 0.0022514555599573386, 0.002129360288088484, 0.0035118245858157997, 0.0023865995143255094, 0.002043986007133457, 0.00330424217269286, 0.0018138318939420674], [0.012100572383977624, 1.0, 0.0022865518713055975, 0.0028049010428248824, 0.002929447939622731, 0.0017928833199635352, 0.0032654700517339647, 0.0031742728748826894, 0.00621505520947806, 0.005331839206410061], [0.004938444899711751, 0.0022865518713055975, 1.0, 0.059517067384127854, 0.016076444542008395, 0.010291985758975263, 0.004812204937159745, 0.005091414985224962, 0.0027487600180726122, 0.0037902162786332314], [0.0022514555599573386, 0.0028049010428248824, 0.059517067384127854, 1.0, 0.06125587530976331, 0.02506437616375358, 0.008710056873812608, 0.009170166759976069, 0.004482132569402076, 0.004350661891310079], [0.002129360288088484, 0.002929447939622731, 0.016076444542008395, 0.06125587530976331, 1.0, 0.0648823074142727, 0.013597919573723553, 0.008280302083332013, 0.0012817295586702727, 0.0015602550568158437], [0.0035118245858157997, 0.0017928833199635352, 0.010291985758975263, 0.02506437616375358, 0.0648823074142727, 1.0, 0.043225934505785005, 0.02003266331313895, 0.002344615998134736, 0.0025737920691003163], [0.0023865995143255094, 0.0032654700517339647, 0.004812204937159745, 0.008710056873812608, 0.013597919573723553, 0.043225934505785005, 1.0, 0.0580133432332794, 0.008628614425956865, 0.007483777227073013], [0.002043986007133457, 0.0031742728748826894, 0.005091414985224962, 0.009170166759976069, 0.008280302083332013, 0.02003266331313895, 0.0580133432332794, 1.0, 0.03216343328478844, 0.013195415794382185], [0.00330424217269286, 0.00621505520947806, 0.0027487600180726122, 0.004482132569402076, 0.0012817295586702727, 0.002344615998134736, 0.008628614425956865, 0.03216343328478844, 1.0, 0.06141293465490998], [0.0018138318939420674, 0.005331839206410061, 0.0037902162786332314, 0.004350661891310079, 0.0015602550568158437, 0.0025737920691003163, 0.007483777227073013, 0.013195415794382185, 0.06141293465490998, 1.0]], "mean_cross_task_stability": 0.0136959808997211, "score": "ami"}}}}