{"rung": "R6", "scenario": "class", "nexp": 20, "epochs": 50, "seed": 8, "metrics": {"Top1_Acc_Exp/eval_phase/test_stream/Task000/Exp000": 0.0, "Top1_Acc_Exp/eval_phase/test_stream/Task000/Exp001": 0.0, "Top1_Acc_Exp/eval_phase/test_stream/Task000/Exp002": 0.0, "Top1_Acc_Exp/eval_phase/test_stream/Task000/Exp003": 0.0, "Top1_Acc_Exp/eval_phase/test_stream/Task000/Exp004": 0.0, "Top1_Acc_Exp/eval_phase/test_stream/Task000/Exp005": 0.0, "Top1_Acc_Exp/eval_phase/test_stream/Task000/Exp006": 0.0, "Top1_Acc_Exp/eval_phase/test_stream/Task000/Exp007": 0.0, "Top1_Acc_Exp/eval_phase/test_stream/Task000/Exp008": 0.0, "Top1_Acc_Exp/eval_phase/test_stream/Task000/Exp009": 0.0, "Top1_Acc_Exp/eval_phase/test_stream/Task000/Exp010": 0.0, "Top1_Acc_Exp/eval_phase/test_stream/Task000/Exp011": 0.0, "Top1_Acc_Exp/eval_phase/test_stream/Task000/Exp012": 0.0, "Top1_Acc_Exp/eval_phase/test_stream/Task000/Exp013": 0.0, "Top1_Acc_Exp/eval_phase/test_stream/Task000/Exp014": 0.0, "Top1_Acc_Exp/eval_phase/test_stream/Task000/Exp015": 0.0, "Top1_Acc_Exp/eval_phase/test_stream/Task000/Exp016": 0.0, "Top1_Acc_Exp/eval_phase/test_stream/Task000/Exp017": 0.0, "Top1_Acc_Exp/eval_phase/test_stream/Task000/Exp018": 0.0, "Top1_Acc_Exp/eval_phase/test_stream/Task000/Exp019": 0.874, "Top1_Acc_Stream/eval_phase/test_stream/Task000": 0.0437, "StreamForgetting/eval_phase/test_stream": 0.8456842105263158, "StreamBWT/eval_phase/test_stream": -0.8456842105263158, "ExperienceForgetting/eval_phase/test_stream/Task000/Exp000": 0.862, "ExperienceBWT/eval_phase/test_stream/Task000/Exp000": -0.862, "ExperienceForgetting/eval_phase/test_stream/Task000/Exp001": 0.744, "ExperienceBWT/eval_phase/test_stream/Task000/Exp001": -0.744, "ExperienceForgetting/eval_phase/test_stream/Task000/Exp002": 0.792, "ExperienceBWT/eval_phase/test_stream/Task000/Exp002": -0.792, "ExperienceForgetting/eval_phase/test_stream/Task000/Exp003": 0.78, "ExperienceBWT/eval_phase/test_stream/Task000/Exp003": -0.78, "ExperienceForgetting/eval_phase/test_stream/Task000/Exp004": 0.858, "ExperienceBWT/eval_phase/test_stream/Task000/Exp004": -0.858, "ExperienceForgetting/eval_phase/test_stream/Task000/Exp005": 0.862, "ExperienceBWT/eval_phase/test_stream/Task000/Exp005": -0.862, "ExperienceForgetting/eval_phase/test_stream/Task000/Exp006": 0.91, "ExperienceBWT/eval_phase/test_stream/Task000/Exp006": -0.91, "ExperienceForgetting/eval_phase/test_stream/Task000/Exp007": 0.86, "ExperienceBWT/eval_phase/test_stream/Task000/Exp007": -0.86, "ExperienceForgetting/eval_phase/test_stream/Task000/Exp008": 0.808, "ExperienceBWT/eval_phase/test_stream/Task000/Exp008": -0.808, "ExperienceForgetting/eval_phase/test_stream/Task000/Exp009": 0.882, "ExperienceBWT/eval_phase/test_stream/Task000/Exp009": -0.882, "ExperienceForgetting/eval_phase/test_stream/Task000/Exp010": 0.91, "ExperienceBWT/eval_phase/test_stream/Task000/Exp010": -0.91, "ExperienceForgetting/eval_phase/test_stream/Task000/Exp011": 0.838, "ExperienceBWT/eval_phase/test_stream/Task000/Exp011": -0.838, "ExperienceForgetting/eval_phase/test_stream/Task000/Exp012": 0.812, "ExperienceBWT/eval_phase/test_stream/Task000/Exp012": -0.812, "ExperienceForgetting/eval_phase/test_stream/Task000/Exp013": 0.892, "ExperienceBWT/eval_phase/test_stream/Task000/Exp013": -0.892, "ExperienceForgetting/eval_phase/test_stream/Task000/Exp014": 0.85, "ExperienceBWT/eval_phase/test_stream/Task000/Exp014": -0.85, "ExperienceForgetting/eval_phase/test_stream/Task000/Exp015": 0.868, "ExperienceBWT/eval_phase/test_stream/Task000/Exp015": -0.868, "ExperienceForgetting/eval_phase/test_stream/Task000/Exp016": 0.774, "ExperienceBWT/eval_phase/test_stream/Task000/Exp016": -0.774, "ExperienceForgetting/eval_phase/test_stream/Task000/Exp017": 0.912, "ExperienceBWT/eval_phase/test_stream/Task000/Exp017": -0.912, "ExperienceForgetting/eval_phase/test_stream/Task000/Exp018": 0.854, "ExperienceBWT/eval_phase/test_stream/Task000/Exp018": -0.854}, "learning_acc": [0.862, 0.744, 0.792, 0.78, 0.858, 0.862, 0.91, 0.86, 0.808, 0.882, 0.91, 0.838, 0.812, 0.892, 0.85, 0.868, 0.774, 0.912, 0.854, 0.874], "acc_matrix": [[0.862, 0.0, 0.0, 0.0, 0.0, 0.0, 0.0, 0.0, 0.0, 0.0, 0.0, 0.0, 0.0, 0.0, 0.0, 0.0, 0.0, 0.0, 0.0, 0.0], [0.0, 0.744, 0.0, 0.0, 0.0, 0.0, 0.0, 0.0, 0.0, 0.0, 0.0, 0.0, 0.0, 0.0, 0.0, 0.0, 0.0, 0.0, 0.0, 0.0], [0.0, 0.0, 0.792, 0.0, 0.0, 0.0, 0.0, 0.0, 0.0, 0.0, 0.0, 0.0, 0.0, 0.0, 0.0, 0.0, 0.0, 0.0, 0.0, 0.0], [0.0, 0.0, 0.0, 0.78, 0.0, 0.0, 0.0, 0.0, 0.0, 0.0, 0.0, 0.0, 0.0, 0.0, 0.0, 0.0, 0.0, 0.0, 0.0, 0.0], [0.0, 0.0, 0.0, 0.0, 0.858, 0.0, 0.0, 0.0, 0.0, 0.0, 0.0, 0.0, 0.0, 0.0, 0.0, 0.0, 0.0, 0.0, 0.0, 0.0], [0.0, 0.0, 0.0, 0.0, 0.0, 0.862, 0.0, 0.0, 0.0, 0.0, 0.0, 0.0, 0.0, 0.0, 0.0, 0.0, 0.0, 0.0, 0.0, 0.0], [0.0, 0.0, 0.0, 0.0, 0.0, 0.0, 0.91, 0.0, 0.0, 0.0, 0.0, 0.0, 0.0, 0.0, 0.0, 0.0, 0.0, 0.0, 0.0, 0.0], [0.0, 0.0, 0.0, 0.0, 0.0, 0.0, 0.0, 0.86, 0.0, 0.0, 0.0, 0.0, 0.0, 0.0, 0.0, 0.0, 0.0, 0.0, 0.0, 0.0], [0.0, 0.0, 0.0, 0.0, 0.0, 0.0, 0.0, 0.0, 0.808, 0.0, 0.0, 0.0, 0.0, 0.0, 0.0, 0.0, 0.0, 0.0, 0.0, 0.0], [0.0, 0.0, 0.0, 0.0, 0.0, 0.0, 0.0, 0.0, 0.0, 0.882, 0.0, 0.0, 0.0, 0.0, 0.0, 0.0, 0.0, 0.0, 0.0, 0.0], [0.0, 0.0, 0.0, 0.0, 0.0, 0.0, 0.0, 0.0, 0.0, 0.0, 0.91, 0.0, 0.0, 0.0, 0.0, 0.0, 0.0, 0.0, 0.0, 0.0], [0.0, 0.0, 0.0, 0.0, 0.0, 0.0, 0.0, 0.0, 0.0, 0.0, 0.0, 0.838, 0.0, 0.0, 0.0, 0.0, 0.0, 0.0, 0.0, 0.0], [0.0, 0.0, 0.0, 0.0, 0.0, 0.0, 0.0, 0.0, 0.0, 0.0, 0.0, 0.0, 0.812, 0.0, 0.0, 0.0, 0.0, 0.0, 0.0, 0.0], [0.0, 0.0, 0.0, 0.0, 0.0, 0.0, 0.0, 0.0, 0.0, 0.0, 0.0, 0.0, 0.0, 0.892, 0.0, 0.0, 0.0, 0.0, 0.0, 0.0], [0.0, 0.0, 0.0, 0.0, 0.0, 0.0, 0.0, 0.0, 0.0, 0.0, 0.0, 0.0, 0.0, 0.0, 0.85, 0.0, 0.0, 0.0, 0.0, 0.0], [0.0, 0.0, 0.0, 0.0, 0.0, 0.0, 0.0, 0.0, 0.0, 0.0, 0.0, 0.0, 0.0, 0.0, 0.0, 0.868, 0.0, 0.0, 0.0, 0.0], [0.0, 0.0, 0.0, 0.0, 0.0, 0.0, 0.0, 0.0, 0.0, 0.0, 0.0, 0.0, 0.0, 0.0, 0.0, 0.0, 0.774, 0.0, 0.0, 0.0], [0.0, 0.0, 0.0, 0.0, 0.0, 0.0, 0.0, 0.0, 0.0, 0.0, 0.0, 0.0, 0.0, 0.0, 0.0, 0.0, 0.0, 0.912, 0.0, 0.0], [0.0, 0.0, 0.0, 0.0, 0.0, 0.0, 0.0, 0.0, 0.0, 0.0, 0.0, 0.0, 0.0, 0.0, 0.0, 0.0, 0.0, 0.0, 0.854, 0.0], [0.0, 0.0, 0.0, 0.0, 0.0, 0.0, 0.0, 0.0, 0.0, 0.0, 0.0, 0.0, 0.0, 0.0, 0.0, 0.0, 0.0, 0.0, 0.0, 0.874]], "avg_forgetting": 84.56842105263158, "bwt": -84.56842105263158, "selfcheck_ok": true, "h3": {"overlap_summary": {"matrices": {"0": [[1.0, 0.724922330952636, 0.6673734138227001, 0.6388456465865296, 0.5548072632805385, 0.6011594073056818, 0.6027332451773828, 0.506565666775134, 0.4824603776901068, 0.5745697473511947, 0.47766621283684146, 0.4501332950986472, 0.5144300747296486, 0.5005142206186273, 0.4107186906092817, 0.4425619808626511, 0.4586558437888184, 0.39728912957057494, 0.49962417021010147, 0.46367568362281053], [0.724922330952636, 1.0, 0.8183798827116836, 0.7488765619050824, 0.6896279102823856, 0.6769278563715904, 0.6583100530559878, 0.628330628052169, 0.6034433605145579, 0.6314382614446472, 0.5762267546421503, 0.5940627104565518, 0.6494227587331414, 0.6416054786560467, 0.5606461657400745, 0.5795572194124884, 0.5591632950684408, 0.5162873482151425, 0.599403169419114, 0.5559812552530438], [0.6673734138227001, 0.8183798827116836, 1.0, 0.7887519624967909, 0.7538066194089879, 0.6867678381466357, 0.6829300572524483, 0.6498269560621494, 0.6204341674816631, 0.5924092556277596, 0.5744752107184915, 0.6455613798861503, 0.6801979304576697, 0.6336550931990201, 0.5672744447008102, 0.6341191349144195, 0.5900511878573087, 0.5246166598677997, 0.6069440847353754, 0.5656025865143951], [0.6388456465865296, 0.7488765619050824, 0.7887519624967909, 1.0, 0.8399926533634865, 0.761111153397923, 0.8177255081060935, 0.748986348120803, 0.7426300476700538, 0.701506100160091, 0.6926146177510002, 0.7216532974851039, 0.7548238092763923, 0.7503515336609514, 0.7117285444416451, 0.6919620251552847, 0.7016914519748464, 0.6636015915932045, 0.6547488044698248, 0.662812469990694], [0.5548072632805385, 0.6896279102823856, 0.7538066194089879, 0.8399926533634865, 1.0, 0.7913740989896267, 0.7891546680604318, 0.7675944572978123, 0.7392832393949258, 0.6581065102160599, 0.7021591834301092, 0.7550096689171771, 0.7919308168169519, 0.7769111295241141, 0.7006364738781826, 0.736669553160558, 0.6973070790726354, 0.6591533886297288, 0.6777455994790778, 0.67074377717554], [0.6011594073056818, 0.6769278563715904, 0.6867678381466357, 0.761111153397923, 0.7913740989896267, 1.0, 0.7743251821930199, 0.7700212318092039, 0.761193703307399, 0.683846165622338, 0.6929343751039718, 0.6719893391543628, 0.7299216396113631, 0.736575455489468, 0.6702069686791987, 0.686532869683776, 0.7049808041213391, 0.6314924694436166, 0.7083367818826165, 0.7152514823704431], [0.6027332451773828, 0.6583100530559878, 0.6829300572524483, 0.8177255081060935, 0.7891546680604318, 0.7743251821930199, 1.0, 0.8045938165133267, 0.7503681017683828, 0.7349892817908968, 0.698402319185442, 0.7201962695341481, 0.7404631774767427, 0.7635239156680885, 0.7121789683829353, 0.7091209710540199, 0.7304013725989311, 0.6848681168608073, 0.6765114217971957, 0.7022225747165702], [0.506565666775134, 0.628330628052169, 0.6498269560621494, 0.748986348120803, 0.7675944572978123, 0.7700212318092039, 0.8045938165133267, 1.0, 0.8357386568699618, 0.7738945951484241, 0.7337043542891295, 0.7113608739660985, 0.785956887987086, 0.7915017743016691, 0.7591043025885416, 0.73808035815909, 0.7604817509382478, 0.7516286043261103, 0.7377467834302854, 0.7563507796557449], [0.4824603776901068, 0.6034433605145579, 0.6204341674816631, 0.7426300476700538, 0.7392832393949258, 0.761193703307399, 0.7503681017683828, 0.8357386568699618, 1.0, 0.8331855242102351, 0.8022053642449636, 0.7625917423881082, 0.7840078610335094, 0.7852542406868935, 0.7939873947855903, 0.7290446616503908, 0.7731687559078502, 0.7650626461128308, 0.7372751968198518, 0.7545774030338197], [0.5745697473511947, 0.6314382614446472, 0.5924092556277596, 0.701506100160091, 0.6581065102160599, 0.683846165622338, 0.7349892817908968, 0.7738945951484241, 0.8331855242102351, 1.0, 0.7755890427688372, 0.7297331301560246, 0.7165959062031655, 0.7233715905065509, 0.7466013399308973, 0.6822449644895856, 0.7154064583717151, 0.7084489109431115, 0.6905267882700774, 0.7201908532491126], [0.47766621283684146, 0.5762267546421503, 0.5744752107184915, 0.6926146177510002, 0.7021591834301092, 0.6929343751039718, 0.698402319185442, 0.7337043542891295, 0.8022053642449636, 0.7755890427688372, 1.0, 0.7793381055810755, 0.7812023212167, 0.7727726493182303, 0.7915560224564226, 0.7198460850149251, 0.7329304080718817, 0.7457851116163543, 0.7104320762740467, 0.7628918012988417], [0.4501332950986472, 0.5940627104565518, 0.6455613798861503, 0.7216532974851039, 0.7550096689171771, 0.6719893391543628, 0.7201962695341481, 0.7113608739660985, 0.7625917423881082, 0.7297331301560246, 0.7793381055810755, 1.0, 0.81659208556887, 0.7647438089021557, 0.7774034674071904, 0.757854219721776, 0.7077935629482169, 0.7372042835708223, 0.7044374919294859, 0.6992981611207593], [0.5144300747296486, 0.6494227587331414, 0.6801979304576697, 0.7548238092763923, 0.7919308168169519, 0.7299216396113631, 0.7404631774767427, 0.785956887987086, 0.7840078610335094, 0.7165959062031655, 0.7812023212167, 0.81659208556887, 1.0, 0.8887989077990982, 0.8241133446167764, 0.8000692033930685, 0.7575557354637342, 0.7497202632015094, 0.7804539438138642, 0.7571606962736075], [0.5005142206186273, 0.6416054786560467, 0.6336550931990201, 0.7503515336609514, 0.7769111295241141, 0.736575455489468, 0.7635239156680885, 0.7915017743016691, 0.7852542406868935, 0.7233715905065509, 0.7727726493182303, 0.7647438089021557, 0.8887989077990982, 1.0, 0.8710652649593558, 0.8161527413762276, 0.8011504278817339, 0.7875366499127925, 0.7317990576207429, 0.7595640695948683], [0.4107186906092817, 0.5606461657400745, 0.5672744447008102, 0.7117285444416451, 0.7006364738781826, 0.6702069686791987, 0.7121789683829353, 0.7591043025885416, 0.7939873947855903, 0.7466013399308973, 0.7915560224564226, 0.7774034674071904, 0.8241133446167764, 0.8710652649593558, 1.0, 0.8275743888296202, 0.7953246496299163, 0.8316532059565807, 0.7369297769800897, 0.7651453285830987], [0.4425619808626511, 0.5795572194124884, 0.6341191349144195, 0.6919620251552847, 0.736669553160558, 0.686532869683776, 0.7091209710540199, 0.73808035815909, 0.7290446616503908, 0.6822449644895856, 0.7198460850149251, 0.757854219721776, 0.8000692033930685, 0.8161527413762276, 0.8275743888296202, 1.0, 0.8174718360559571, 0.7737140042231304, 0.7530531585805428, 0.7583645655000167], [0.4586558437888184, 0.5591632950684408, 0.5900511878573087, 0.7016914519748464, 0.6973070790726354, 0.7049808041213391, 0.7304013725989311, 0.7604817509382478, 0.7731687559078502, 0.7154064583717151, 0.7329304080718817, 0.7077935629482169, 0.7575557354637342, 0.8011504278817339, 0.7953246496299163, 0.8174718360559571, 1.0, 0.8461879055507013, 0.7295816838760663, 0.7783867970833124], [0.39728912957057494, 0.5162873482151425, 0.5246166598677997, 0.6636015915932045, 0.6591533886297288, 0.6314924694436166, 0.6848681168608073, 0.7516286043261103, 0.7650626461128308, 0.7084489109431115, 0.7457851116163543, 0.7372042835708223, 0.7497202632015094, 0.7875366499127925, 0.8316532059565807, 0.7737140042231304, 0.8461879055507013, 1.0, 0.7632484678954646, 0.7678218576445007], [0.49962417021010147, 0.599403169419114, 0.6069440847353754, 0.6547488044698248, 0.6777455994790778, 0.7083367818826165, 0.6765114217971957, 0.7377467834302854, 0.7372751968198518, 0.6905267882700774, 0.7104320762740467, 0.7044374919294859, 0.7804539438138642, 0.7317990576207429, 0.7369297769800897, 0.7530531585805428, 0.7295816838760663, 0.7632484678954646, 1.0, 0.8325039163307743], [0.46367568362281053, 0.5559812552530438, 0.5656025865143951, 0.662812469990694, 0.67074377717554, 0.7152514823704431, 0.7022225747165702, 0.7563507796557449, 0.7545774030338197, 0.7201908532491126, 0.7628918012988417, 0.6992981611207593, 0.7571606962736075, 0.7595640695948683, 0.7651453285830987, 0.7583645655000167, 0.7783867970833124, 0.7678218576445007, 0.8325039163307743, 1.0]], "1": [[1.0, 0.1234952118117223, 0.11952142198921246, 0.10322678059637318, 0.11448524592028216, 0.14015230148075852, 0.24465779573487018, 0.16509263568346946, 0.13208702291259083, 0.1750388377533106, 0.16030508816504524, 0.0883798451618465, 0.14009219423766614, 0.13282932659504051, 0.10601688040732353, 0.12025198493719648, 0.19592477982850467, 0.14948093781765293, 0.12660619149360539, 0.16449845247731767], [0.1234952118117223, 1.0, 0.08042382439149148, 0.0709666592701781, 0.08632511058297841, 0.08969757148808798, 0.09721842975788607, 0.07468825014205568, 0.08530388282581669, 0.06643269552670729, 0.08656545185883549, 0.0947738742517327, 0.06157476592957685, 0.06311279550469046, 0.05915615017982095, 0.05005023352452592, 0.06147886578514241, 0.053719216614148205, 0.06074781690350218, 0.06609440294855728], [0.11952142198921246, 0.08042382439149148, 1.0, 0.13969098047631195, 0.08179859527307573, 0.1266131546288465, 0.09597755949725532, 0.08138469558436279, 0.08338491341771984, 0.06759666547302683, 0.08128211194684357, 0.07053889286223466, 0.0857182888161268, 0.08216847486644054, 0.071748765208504, 0.05824075688255073, 0.07355634097918502, 0.10860754920325197, 0.06216912920334901, 0.06807818269435857], [0.10322678059637318, 0.0709666592701781, 0.13969098047631195, 1.0, 0.11544367365036654, 0.11767651621695341, 0.08538624878306257, 0.09777556976409506, 0.07831339407854664, 0.06130808419411037, 0.0679662599871962, 0.06067260064696831, 0.05599242886279633, 0.060661626762667564, 0.06003553145802119, 0.07360447229622509, 0.07396743665332436, 0.0664384840545746, 0.05834953181639756, 0.06815787726365777], [0.11448524592028216, 0.08632511058297841, 0.08179859527307573, 0.11544367365036654, 1.0, 0.15862176998822705, 0.11093047310320418, 0.09934740589955836, 0.09733144102587206, 0.10696278956210617, 0.0650846592673302, 0.05381680567523811, 0.11401035687741629, 0.05464512360784457, 0.09191088162996161, 0.046369344720444836, 0.0710284776911331, 0.059007236276921976, 0.06223057903863377, 0.061927461445564644], [0.14015230148075852, 0.08969757148808798, 0.1266131546288465, 0.11767651621695341, 0.15862176998822705, 1.0, 0.11103912622558729, 0.11246963531366723, 0.12594517368727423, 0.09420319352207986, 0.0924502349838849, 0.0798600053595349, 0.09575602662111997, 0.07397332650931897, 0.06792711169267535, 0.06901846174809122, 0.0812783490091824, 0.08368117588361418, 0.08902100905818504, 0.07350523495211624], [0.24465779573487018, 0.09721842975788607, 0.09597755949725532, 0.08538624878306257, 0.11093047310320418, 0.11103912622558729, 1.0, 0.2327121181880038, 0.10532980147771032, 0.17417708913460012, 0.12370767443184733, 0.10883182779615135, 0.11414450835128057, 0.07159158063906247, 0.0771609375570419, 0.11094174026463031, 0.1308466651825043, 0.08482714267731505, 0.10105857582239827, 0.11727096727717515], [0.16509263568346946, 0.07468825014205568, 0.08138469558436279, 0.09777556976409506, 0.09934740589955836, 0.11246963531366723, 0.2327121181880038, 1.0, 0.09592467778876962, 0.10946863207814783, 0.1314654656762921, 0.06928512039030882, 0.10560341935295658, 0.0967745613870045, 0.061456922073018144, 0.07232194735665765, 0.11262418412731942, 0.08488109394815675, 0.07307950318339514, 0.12448510072881629], [0.13208702291259083, 0.08530388282581669, 0.08338491341771984, 0.07831339407854664, 0.09733144102587206, 0.12594517368727423, 0.10532980147771032, 0.09592467778876962, 1.0, 0.08840889356725419, 0.10458750603721076, 0.07866808315653415, 0.07875196243657388, 0.06060815853324208, 0.07080417316452478, 0.06296212430616978, 0.08786028813830624, 0.07394417427801882, 0.06933344029441155, 0.07839549251399042], [0.1750388377533106, 0.06643269552670729, 0.06759666547302683, 0.06130808419411037, 0.10696278956210617, 0.09420319352207986, 0.17417708913460012, 0.10946863207814783, 0.08840889356725419, 1.0, 0.14584169343523692, 0.08099208272324329, 0.08163503768853586, 0.06386396266870335, 0.10554612711436466, 0.09937836843269393, 0.11811403167715141, 0.06529009706990985, 0.12762939348678898, 0.08478935772044807], [0.16030508816504524, 0.08656545185883549, 0.08128211194684357, 0.0679662599871962, 0.0650846592673302, 0.0924502349838849, 0.12370767443184733, 0.1314654656762921, 0.10458750603721076, 0.14584169343523692, 1.0, 0.07065934946799939, 0.10710942275247373, 0.09652877523600392, 0.08159031004445925, 0.07561855568059735, 0.10821557659257071, 0.07829704895916167, 0.09234196733428868, 0.11169868468647622], [0.0883798451618465, 0.0947738742517327, 0.07053889286223466, 0.06067260064696831, 0.05381680567523811, 0.0798600053595349, 0.10883182779615135, 0.06928512039030882, 0.07866808315653415, 0.08099208272324329, 0.07065934946799939, 1.0, 0.045090200535563896, 0.12465141373586104, 0.10096391559145401, 0.06347086213207426, 0.05531073403614292, 0.051217989326497015, 0.11280475884713594, 0.047834118821873634], [0.14009219423766614, 0.06157476592957685, 0.0857182888161268, 0.05599242886279633, 0.11401035687741629, 0.09575602662111997, 0.11414450835128057, 0.10560341935295658, 0.07875196243657388, 0.08163503768853586, 0.10710942275247373, 0.045090200535563896, 1.0, 0.12835031105771094, 0.1405938933782142, 0.06313683931854881, 0.10767974074710635, 0.13868885238068274, 0.05506532021132781, 0.1166766721806757], [0.13282932659504051, 0.06311279550469046, 0.08216847486644054, 0.060661626762667564, 0.05464512360784457, 0.07397332650931897, 0.07159158063906247, 0.0967745613870045, 0.06060815853324208, 0.06386396266870335, 0.09652877523600392, 0.12465141373586104, 0.12835031105771094, 1.0, 0.09336736718564322, 0.05224803708268917, 0.07235744448259944, 0.08982701585133919, 0.08376700000925257, 0.10170672462696007], [0.10601688040732353, 0.05915615017982095, 0.071748765208504, 0.06003553145802119, 0.09191088162996161, 0.06792711169267535, 0.0771609375570419, 0.061456922073018144, 0.07080417316452478, 0.10554612711436466, 0.08159031004445925, 0.10096391559145401, 0.1405938933782142, 0.09336736718564322, 1.0, 0.05162939923419488, 0.07966429182716012, 0.07373225308405189, 0.08599601560334477, 0.04747624750006473], [0.12025198493719648, 0.05005023352452592, 0.05824075688255073, 0.07360447229622509, 0.046369344720444836, 0.06901846174809122, 0.11094174026463031, 0.07232194735665765, 0.06296212430616978, 0.09937836843269393, 0.07561855568059735, 0.06347086213207426, 0.06313683931854881, 0.05224803708268917, 0.05162939923419488, 1.0, 0.09949874100920332, 0.07277680526862858, 0.051200640222618284, 0.0719894162979201], [0.19592477982850467, 0.06147886578514241, 0.07355634097918502, 0.07396743665332436, 0.0710284776911331, 0.0812783490091824, 0.1308466651825043, 0.11262418412731942, 0.08786028813830624, 0.11811403167715141, 0.10821557659257071, 0.05531073403614292, 0.10767974074710635, 0.07235744448259944, 0.07966429182716012, 0.09949874100920332, 1.0, 0.11110251821130007, 0.07306704717781748, 0.12684857217416284], [0.14948093781765293, 0.053719216614148205, 0.10860754920325197, 0.0664384840545746, 0.059007236276921976, 0.08368117588361418, 0.08482714267731505, 0.08488109394815675, 0.07394417427801882, 0.06529009706990985, 0.07829704895916167, 0.051217989326497015, 0.13868885238068274, 0.08982701585133919, 0.07373225308405189, 0.07277680526862858, 0.11110251821130007, 1.0, 0.07249947432996985, 0.10187922429029098], [0.12660619149360539, 0.06074781690350218, 0.06216912920334901, 0.05834953181639756, 0.06223057903863377, 0.08902100905818504, 0.10105857582239827, 0.07307950318339514, 0.06933344029441155, 0.12762939348678898, 0.09234196733428868, 0.11280475884713594, 0.05506532021132781, 0.08376700000925257, 0.08599601560334477, 0.051200640222618284, 0.07306704717781748, 0.07249947432996985, 1.0, 0.09466312035816589], [0.16449845247731767, 0.06609440294855728, 0.06807818269435857, 0.06815787726365777, 0.061927461445564644, 0.07350523495211624, 0.11727096727717515, 0.12448510072881629, 0.07839549251399042, 0.08478935772044807, 0.11169868468647622, 0.047834118821873634, 0.1166766721806757, 0.10170672462696007, 0.04747624750006473, 0.0719894162979201, 0.12684857217416284, 0.10187922429029098, 0.09466312035816589, 1.0]], "2": [[1.0, 0.0968903042647046, 0.06305408811638075, 0.09653201216581161, 0.1047650417966363, 0.14236689324887344, 0.1818919280158322, 0.06979139153911591, 0.12657956344647034, 0.12587194037266833, 0.13993565653623757, 0.09817575907702798, 0.12974474340274972, 0.1276720454913005, 0.10124019582081174, 0.09171568862484464, 0.12588329851478103, 0.07718390357948395, 0.14455608576432544, 0.17767388761492986], [0.0968903042647046, 1.0, 0.19120939140859342, 0.13761030599797575, 0.20543985892302946, 0.14985352286823317, 0.11287230502578242, 0.05666548696911007, 0.1325392272015628, 0.07203200280254202, 0.107952938477123, 0.14454658393838374, 0.09808932150223909, 0.08936485779155881, 0.15216274816570505, 0.08799309023689511, 0.08031401330673232, 0.11581879262885118, 0.14191509742437072, 0.17116190075520574], [0.06305408811638075, 0.19120939140859342, 1.0, 0.12116258935316175, 0.23463960463652014, 0.16218187572521395, 0.18301135577978242, 0.11594675654810481, 0.10850954496854841, 0.12116750508459691, 0.13422229649585338, 0.1499296313438774, 0.13940772746544577, 0.14860889650731146, 0.23168165261802892, 0.2055639333880688, 0.09950315557378893, 0.20593667045761543, 0.13451265685734098, 0.14954049524197446], [0.09653201216581161, 0.13761030599797575, 0.12116258935316175, 1.0, 0.091600595657818, 0.11102157737075628, 0.14405933668747142, 0.08388055346345298, 0.096898943392988, 0.17515331374001467, 0.11965033910266573, 0.16443651137981793, 0.13477279764285996, 0.1537688629163176, 0.12514322513097584, 0.07920574927134713, 0.08470988666438545, 0.10941948956029564, 0.09033368384739084, 0.1676381413504798], [0.1047650417966363, 0.20543985892302946, 0.23463960463652014, 0.091600595657818, 1.0, 0.11464867585857134, 0.1926218095803841, 0.14743157033547194, 0.11057179571947146, 0.12865575719821276, 0.13414687193777577, 0.26840402667377516, 0.15402167160280966, 0.22816518669853392, 0.33808728447154074, 0.30034974343580934, 0.0950758061216461, 0.21239638851425385, 0.18460603066326528, 0.1840370001549748], [0.14236689324887344, 0.14985352286823317, 0.16218187572521395, 0.11102157737075628, 0.11464867585857134, 1.0, 0.16989250460642888, 0.18116982950510385, 0.23253718012576577, 0.14908435163027967, 0.15577250000327797, 0.09716832366023632, 0.23151472535894863, 0.1826146902843128, 0.1092469879713878, 0.09336968520989287, 0.18736887098972543, 0.12497513595708291, 0.14675146687680707, 0.15458305958469673], [0.1818919280158322, 0.11287230502578242, 0.18301135577978242, 0.14405933668747142, 0.1926218095803841, 0.16989250460642888, 1.0, 0.16032836477560555, 0.11893281038505103, 0.23192815972916997, 0.23089184060581702, 0.2797274239150099, 0.2020915358683624, 0.2715633755540074, 0.20802342825309703, 0.24396851469679495, 0.13916077977492453, 0.1956237231329571, 0.2628677745604269, 0.32019032918907375], [0.06979139153911591, 0.05666548696911007, 0.11594675654810481, 0.08388055346345298, 0.14743157033547194, 0.18116982950510385, 0.16032836477560555, 1.0, 0.17990302785816573, 0.20573606149920587, 0.15502794854227156, 0.12704887154121952, 0.2723723414186994, 0.29850784731940305, 0.2033510757889784, 0.22228949377031906, 0.2037427869447057, 0.1971869203797842, 0.14231867478697513, 0.1519952381012026], [0.12657956344647034, 0.1325392272015628, 0.10850954496854841, 0.096898943392988, 0.11057179571947146, 0.23253718012576577, 0.11893281038505103, 0.17990302785816573, 1.0, 0.1352439168421552, 0.22911265534795838, 0.17531099739516884, 0.16159086715394874, 0.18855721841892834, 0.13138451255147363, 0.1310399887764145, 0.16001632519066106, 0.1246330689514142, 0.08850415812571748, 0.14103594223750146], [0.12587194037266833, 0.07203200280254202, 0.12116750508459691, 0.17515331374001467, 0.12865575719821276, 0.14908435163027967, 0.23192815972916997, 0.20573606149920587, 0.1352439168421552, 1.0, 0.17381832680537287, 0.22323773219017012, 0.21962190946308413, 0.26817980623718496, 0.21246124225632565, 0.18574293803113756, 0.14300890180070494, 0.2029092646488317, 0.1829181731749466, 0.1980870329828089], [0.13993565653623757, 0.107952938477123, 0.13422229649585338, 0.11965033910266573, 0.13414687193777577, 0.15577250000327797, 0.23089184060581702, 0.15502794854227156, 0.22911265534795838, 0.17381832680537287, 1.0, 0.3378782791934994, 0.18821898018596075, 0.21830413392569412, 0.2876343643145431, 0.17968561730017024, 0.20628817422371795, 0.21353933925312144, 0.1320291874813069, 0.2180416757554594], [0.09817575907702798, 0.14454658393838374, 0.1499296313438774, 0.16443651137981793, 0.26840402667377516, 0.09716832366023632, 0.2797274239150099, 0.12704887154121952, 0.17531099739516884, 0.22323773219017012, 0.3378782791934994, 1.0, 0.16964340750753448, 0.2574767232360212, 0.28140981290912387, 0.21465339952147247, 0.11420334435358966, 0.17711906923511575, 0.18803262583478994, 0.21478118886523512], [0.12974474340274972, 0.09808932150223909, 0.13940772746544577, 0.13477279764285996, 0.15402167160280966, 0.23151472535894863, 0.2020915358683624, 0.2723723414186994, 0.16159086715394874, 0.21962190946308413, 0.18821898018596075, 0.16964340750753448, 1.0, 0.36004311146503937, 0.1837514072425661, 0.15502095669332525, 0.14831726734352726, 0.20662061367585222, 0.19247256174193364, 0.21662525044359107], [0.1276720454913005, 0.08936485779155881, 0.14860889650731146, 0.1537688629163176, 0.22816518669853392, 0.1826146902843128, 0.2715633755540074, 0.29850784731940305, 0.18855721841892834, 0.26817980623718496, 0.21830413392569412, 0.2574767232360212, 0.36004311146503937, 1.0, 0.27019814353940075, 0.2623916100726837, 0.28231155735694297, 0.2515986949150858, 0.20408824706155623, 0.2515570648294195], [0.10124019582081174, 0.15216274816570505, 0.23168165261802892, 0.12514322513097584, 0.33808728447154074, 0.1092469879713878, 0.20802342825309703, 0.2033510757889784, 0.13138451255147363, 0.21246124225632565, 0.2876343643145431, 0.28140981290912387, 0.1837514072425661, 0.27019814353940075, 1.0, 0.2839213318829464, 0.154272035534867, 0.39019423625084904, 0.12692016771753925, 0.22494340126121806], [0.09171568862484464, 0.08799309023689511, 0.2055639333880688, 0.07920574927134713, 0.30034974343580934, 0.09336968520989287, 0.24396851469679495, 0.22228949377031906, 0.1310399887764145, 0.18574293803113756, 0.17968561730017024, 0.21465339952147247, 0.15502095669332525, 0.2623916100726837, 0.2839213318829464, 1.0, 0.16750787593340594, 0.3194020864028339, 0.1545405637482843, 0.13072776341521092], [0.12588329851478103, 0.08031401330673232, 0.09950315557378893, 0.08470988666438545, 0.0950758061216461, 0.18736887098972543, 0.13916077977492453, 0.2037427869447057, 0.16001632519066106, 0.14300890180070494, 0.20628817422371795, 0.11420334435358966, 0.14831726734352726, 0.28231155735694297, 0.154272035534867, 0.16750787593340594, 1.0, 0.15946829554811906, 0.1208559582219993, 0.20062551247553762], [0.07718390357948395, 0.11581879262885118, 0.20593667045761543, 0.10941948956029564, 0.21239638851425385, 0.12497513595708291, 0.1956237231329571, 0.1971869203797842, 0.1246330689514142, 0.2029092646488317, 0.21353933925312144, 0.17711906923511575, 0.20662061367585222, 0.2515986949150858, 0.39019423625084904, 0.3194020864028339, 0.15946829554811906, 1.0, 0.12455827600270016, 0.17702448816349445], [0.14455608576432544, 0.14191509742437072, 0.13451265685734098, 0.09033368384739084, 0.18460603066326528, 0.14675146687680707, 0.2628677745604269, 0.14231867478697513, 0.08850415812571748, 0.1829181731749466, 0.1320291874813069, 0.18803262583478994, 0.19247256174193364, 0.20408824706155623, 0.12692016771753925, 0.1545405637482843, 0.1208559582219993, 0.12455827600270016, 1.0, 0.18389042560920948], [0.17767388761492986, 0.17116190075520574, 0.14954049524197446, 0.1676381413504798, 0.1840370001549748, 0.15458305958469673, 0.32019032918907375, 0.1519952381012026, 0.14103594223750146, 0.1980870329828089, 0.2180416757554594, 0.21478118886523512, 0.21662525044359107, 0.2515570648294195, 0.22494340126121806, 0.13072776341521092, 0.20062551247553762, 0.17702448816349445, 0.18389042560920948, 1.0]]}, "per_layer_inter": {"0": 0.7035778580247392, "1": 0.09238104721359935, "2": 0.17083966164942224}, "O_inter": 0.3222661889625869, "O_intra": 1.0, "Obar": 0.3222661889625869, "inner": -0.6777338110374131}, "phase_stability": {"0": {"layer": 0, "S_matrix": [[1.0, 0.3747363948889741, 0.25415148692674694, 0.20676898408999916, 0.1768828800782609, 0.1447821352581392, 0.13074455080817315, 0.11155982629356131, 0.11417804679795827, 0.10524359990609937, 0.09387519359051014, 0.09644451116171665, 0.09862044842066953, 0.09706089786722606, 0.09599150485108507, 0.08305254799474589, 0.08436599506073761, 0.08050667859401615, 0.0833959932632506, 0.07989522370910383], [0.3747363948889741, 1.0, 0.35820806509254866, 0.27053990738400696, 0.24702725223971567, 0.19400627205225723, 0.16634211444849897, 0.13381402108187343, 0.1415631638540462, 0.12846731825987825, 0.11680104058969697, 0.11747199384880722, 0.1173368562298964, 0.11147989716517458, 0.11867613648810385, 0.09419183505498596, 0.09713680631639313, 0.09003400661359204, 0.0909026243969124, 0.09250669185278057], [0.25415148692674694, 0.35820806509254866, 1.0, 0.295330008665921, 0.2598445163005984, 0.21211593319267613, 0.18740252150990477, 0.1493484228938627, 0.15344963115047133, 0.1388753946840058, 0.12259393043594109, 0.1242548745812743, 0.11822207836982825, 0.1158423031219876, 0.11639269669031001, 0.10127902271526075, 0.09538583763889995, 0.09167426545687556, 0.09941107509119691, 0.09733056707916928], [0.20676898408999916, 0.27053990738400696, 0.295330008665921, 1.0, 0.3262669416611241, 0.24079455718147647, 0.23394167806193442, 0.1858844114922129, 0.18994131932590955, 0.17424923007724394, 0.15397315880385717, 0.15373438484072158, 0.14620431999269226, 0.1352750373420309, 0.13161374025667635, 0.11767971779903462, 0.10919954853592738, 0.11001581846485022, 0.10930528471980472, 0.11090840398339014], [0.1768828800782609, 0.24702725223971567, 0.2598445163005984, 0.3262669416611241, 1.0, 0.3246175821831296, 0.2533058956520391, 0.21336648294747437, 0.2068545302131299, 0.17847394870873298, 0.1688976226400208, 0.1646060719619057, 0.15736401279433013, 0.15379397573293546, 0.1511054220320797, 0.12325452851409349, 0.11464648771852928, 0.11364187815211063, 0.11398965677824657, 0.11531654709248207], [0.1447821352581392, 0.19400627205225723, 0.21211593319267613, 0.24079455718147647, 0.3246175821831296, 1.0, 0.34019732971469935, 0.22897959843418364, 0.2178170864146378, 0.18604632251575845, 0.18492025456076183, 0.1834296244422323, 0.1693495206249694, 0.1558535060861713, 0.15798783076244619, 0.12797028826409385, 0.12438393037028803, 0.11646121823612351, 0.11207639046667842, 0.11187618552602575], [0.13074455080817315, 0.16634211444849897, 0.18740252150990477, 0.23394167806193442, 0.2533058956520391, 0.34019732971469935, 1.0, 0.27920549512151543, 0.24729172788827364, 0.23350615865428495, 0.20702868350564313, 0.20518763127886333, 0.1914253199393041, 0.16977859729401876, 0.16182518344904212, 0.13561751547680614, 0.13720164748757935, 0.12518793745303575, 0.12068822588439349, 0.12389803621308636], [0.11155982629356131, 0.13381402108187343, 0.1493484228938627, 0.1858844114922129, 0.21336648294747437, 0.22897959843418364, 0.27920549512151543, 1.0, 0.30279040772940746, 0.24563443572832513, 0.22727793759462253, 0.19682224230199358, 0.18055748287252807, 0.1721966960307756, 0.16524967519806547, 0.13817233582168334, 0.14091170269671174, 0.13489039742520134, 0.12843344268401086, 0.1297576668011707], [0.11417804679795827, 0.1415631638540462, 0.15344963115047133, 0.18994131932590955, 0.2068545302131299, 0.2178170864146378, 0.24729172788827364, 0.30279040772940746, 1.0, 0.3491117617268187, 0.29249457319911765, 0.26041021813967374, 0.22307202777999233, 0.17957933628455983, 0.18079333230682107, 0.14903968976912077, 0.1504795446820294, 0.14122278042818034, 0.13523118998900305, 0.1417729838712534], [0.10524359990609937, 0.12846731825987825, 0.1388753946840058, 0.17424923007724394, 0.17847394870873298, 0.18604632251575845, 0.23350615865428495, 0.24563443572832513, 0.3491117617268187, 1.0, 0.3573401153886171, 0.2694163833481147, 0.22626855370501361, 0.19575333194147257, 0.18773079509674337, 0.15785295088757417, 0.16509379174629044, 0.15505851149455374, 0.14198639853017286, 0.15211135855763644], [0.09387519359051014, 0.11680104058969697, 0.12259393043594109, 0.15397315880385717, 0.1688976226400208, 0.18492025456076183, 0.20702868350564313, 0.22727793759462253, 0.29249457319911765, 0.3573401153886171, 1.0, 0.32326599857096866, 0.2796800000099536, 0.2232333937764152, 0.21157219688943912, 0.1673448105381819, 0.1585544603549436, 0.15348365846233877, 0.13721070803849422, 0.1481510753664381], [0.09644451116171665, 0.11747199384880722, 0.1242548745812743, 0.15373438484072158, 0.1646060719619057, 0.1834296244422323, 0.20518763127886333, 0.19682224230199358, 0.26041021813967374, 0.2694163833481147, 0.32326599857096866, 1.0, 0.332764324115963, 0.2593042741192899, 0.23406301072053556, 0.17933405873115865, 0.173741635270746, 0.1741634294810911, 0.15524385423958714, 0.1671413975709804], [0.09862044842066953, 0.1173368562298964, 0.11822207836982825, 0.14620431999269226, 0.15736401279433013, 0.1693495206249694, 0.1914253199393041, 0.18055748287252807, 0.22307202777999233, 0.22626855370501361, 0.2796800000099536, 0.332764324115963, 1.0, 0.3334483082153505, 0.2859238360771784, 0.20675773303825232, 0.19799519472851268, 0.20033245500103683, 0.17183315826859963, 0.1823940079828138], [0.09706089786722606, 0.11147989716517458, 0.1158423031219876, 0.1352750373420309, 0.15379397573293546, 0.1558535060861713, 0.16977859729401876, 0.1721966960307756, 0.17957933628455983, 0.19575333194147257, 0.2232333937764152, 0.2593042741192899, 0.3334483082153505, 1.0, 0.40931276175033854, 0.2511993320074318, 0.2233029783915957, 0.2144687403130324, 0.19345773418716386, 0.19320778604690708], [0.09599150485108507, 0.11867613648810385, 0.11639269669031001, 0.13161374025667635, 0.1511054220320797, 0.15798783076244619, 0.16182518344904212, 0.16524967519806547, 0.18079333230682107, 0.18773079509674337, 0.21157219688943912, 0.23406301072053556, 0.2859238360771784, 0.40931276175033854, 1.0, 0.309475322054437, 0.27536133227910153, 0.2599758627077632, 0.23120018363753894, 0.22689732354312803], [0.08305254799474589, 0.09419183505498596, 0.10127902271526075, 0.11767971779903462, 0.12325452851409349, 0.12797028826409385, 0.13561751547680614, 0.13817233582168334, 0.14903968976912077, 0.15785295088757417, 0.1673448105381819, 0.17933405873115865, 0.20675773303825232, 0.2511993320074318, 0.309475322054437, 1.0, 0.37792587409648243, 0.3216321312130393, 0.2547446576366953, 0.2158073345343705], [0.08436599506073761, 0.09713680631639313, 0.09538583763889995, 0.10919954853592738, 0.11464648771852928, 0.12438393037028803, 0.13720164748757935, 0.14091170269671174, 0.1504795446820294, 0.16509379174629044, 0.1585544603549436, 0.173741635270746, 0.19799519472851268, 0.2233029783915957, 0.27536133227910153, 0.37792587409648243, 1.0, 0.40292271631947135, 0.29212277434941203, 0.23849729847540163], [0.08050667859401615, 0.09003400661359204, 0.09167426545687556, 0.11001581846485022, 0.11364187815211063, 0.11646121823612351, 0.12518793745303575, 0.13489039742520134, 0.14122278042818034, 0.15505851149455374, 0.15348365846233877, 0.1741634294810911, 0.20033245500103683, 0.2144687403130324, 0.2599758627077632, 0.3216321312130393, 0.40292271631947135, 1.0, 0.3905576145210793, 0.2881233093203267], [0.0833959932632506, 0.0909026243969124, 0.09941107509119691, 0.10930528471980472, 0.11398965677824657, 0.11207639046667842, 0.12068822588439349, 0.12843344268401086, 0.13523118998900305, 0.14198639853017286, 0.13721070803849422, 0.15524385423958714, 0.17183315826859963, 0.19345773418716386, 0.23120018363753894, 0.2547446576366953, 0.29212277434941203, 0.3905576145210793, 1.0, 0.38775902662056516], [0.07989522370910383, 0.09250669185278057, 0.09733056707916928, 0.11090840398339014, 0.11531654709248207, 0.11187618552602575, 0.12389803621308636, 0.1297576668011707, 0.1417729838712534, 0.15211135855763644, 0.1481510753664381, 0.1671413975709804, 0.1823940079828138, 0.19320778604690708, 0.22689732354312803, 0.2158073345343705, 0.23849729847540163, 0.2881233093203267, 0.38775902662056516, 1.0]], "mean_cross_task_stability": 0.18423332920612723, "score": "ami"}, "1": {"layer": 1, "S_matrix": [[1.0, 0.06994355077097919, 0.031428642512039244, 0.02145400454649936, 0.008632993070641554, 0.009361724818043413, 0.00714832464270431, 0.004130301015792732, 0.003451465033233464, 0.0043987165147860675, 0.00203894206510682, 0.002563239610248109, 0.002257982079039044, 0.0021479427805068947, 0.0026733387338445567, 0.003096933318236295, 0.0021558441411796375, 0.003419776062624568, 0.0031737914155977576, 0.0018398570484640905], [0.06994355077097919, 1.0, 0.08740158038371719, 0.05645252658577844, 0.029775397618642695, 0.02283587664396874, 0.010516173892164707, 0.005782067605070712, 0.009614311133932317, 0.005966637364405376, 0.004112765665672328, 0.003406661286558494, 0.00523756419830146, 0.0043905788758040526, 0.002004933993331427, 0.0026469598632551375, 0.002210124525095186, 0.0029708206127791186, 0.0023556836516839437, 0.0011743364807068144], [0.031428642512039244, 0.08740158038371719, 1.0, 0.10286070497504608, 0.051317711335497944, 0.032826829292065665, 0.01660401552346783, 0.013684141654083434, 0.012248963878332192, 0.006540168809517799, 0.005120329881574574, 0.005521618484773593, 0.006096144999322648, 0.0039547666758038, 0.003637917300467545, 0.0031059308203887207, 0.002404952782653025, 0.005057111733777185, 0.004595514588816041, 0.0015632606231693132], [0.02145400454649936, 0.05645252658577844, 0.10286070497504608, 1.0, 0.13381113410465006, 0.06339353043640278, 0.036253720603574624, 0.024250471039323814, 0.024298000739600995, 0.015471319733054047, 0.012169552073351676, 0.0101364