{"rung": "R6", "scenario": "class", "nexp": 20, "epochs": 50, "seed": 9, "metrics": {"Top1_Acc_Exp/eval_phase/test_stream/Task000/Exp000": 0.0, "Top1_Acc_Exp/eval_phase/test_stream/Task000/Exp001": 0.0, "Top1_Acc_Exp/eval_phase/test_stream/Task000/Exp002": 0.0, "Top1_Acc_Exp/eval_phase/test_stream/Task000/Exp003": 0.0, "Top1_Acc_Exp/eval_phase/test_stream/Task000/Exp004": 0.0, "Top1_Acc_Exp/eval_phase/test_stream/Task000/Exp005": 0.0, "Top1_Acc_Exp/eval_phase/test_stream/Task000/Exp006": 0.0, "Top1_Acc_Exp/eval_phase/test_stream/Task000/Exp007": 0.0, "Top1_Acc_Exp/eval_phase/test_stream/Task000/Exp008": 0.0, "Top1_Acc_Exp/eval_phase/test_stream/Task000/Exp009": 0.0, "Top1_Acc_Exp/eval_phase/test_stream/Task000/Exp010": 0.0, "Top1_Acc_Exp/eval_phase/test_stream/Task000/Exp011": 0.0, "Top1_Acc_Exp/eval_phase/test_stream/Task000/Exp012": 0.0, "Top1_Acc_Exp/eval_phase/test_stream/Task000/Exp013": 0.0, "Top1_Acc_Exp/eval_phase/test_stream/Task000/Exp014": 0.0, "Top1_Acc_Exp/eval_phase/test_stream/Task000/Exp015": 0.0, "Top1_Acc_Exp/eval_phase/test_stream/Task000/Exp016": 0.0, "Top1_Acc_Exp/eval_phase/test_stream/Task000/Exp017": 0.0, "Top1_Acc_Exp/eval_phase/test_stream/Task000/Exp018": 0.0, "Top1_Acc_Exp/eval_phase/test_stream/Task000/Exp019": 0.752, "Top1_Acc_Stream/eval_phase/test_stream/Task000": 0.0376, "StreamForgetting/eval_phase/test_stream": 0.8448421052631578, "StreamBWT/eval_phase/test_stream": -0.8448421052631578, "ExperienceForgetting/eval_phase/test_stream/Task000/Exp000": 0.808, "ExperienceBWT/eval_phase/test_stream/Task000/Exp000": -0.808, "ExperienceForgetting/eval_phase/test_stream/Task000/Exp001": 0.874, "ExperienceBWT/eval_phase/test_stream/Task000/Exp001": -0.874, "ExperienceForgetting/eval_phase/test_stream/Task000/Exp002": 0.834, "ExperienceBWT/eval_phase/test_stream/Task000/Exp002": -0.834, "ExperienceForgetting/eval_phase/test_stream/Task000/Exp003": 0.922, "ExperienceBWT/eval_phase/test_stream/Task000/Exp003": -0.922, "ExperienceForgetting/eval_phase/test_stream/Task000/Exp004": 0.838, "ExperienceBWT/eval_phase/test_stream/Task000/Exp004": -0.838, "ExperienceForgetting/eval_phase/test_stream/Task000/Exp005": 0.922, "ExperienceBWT/eval_phase/test_stream/Task000/Exp005": -0.922, "ExperienceForgetting/eval_phase/test_stream/Task000/Exp006": 0.696, "ExperienceBWT/eval_phase/test_stream/Task000/Exp006": -0.696, "ExperienceForgetting/eval_phase/test_stream/Task000/Exp007": 0.888, "ExperienceBWT/eval_phase/test_stream/Task000/Exp007": -0.888, "ExperienceForgetting/eval_phase/test_stream/Task000/Exp008": 0.822, "ExperienceBWT/eval_phase/test_stream/Task000/Exp008": -0.822, "ExperienceForgetting/eval_phase/test_stream/Task000/Exp009": 0.896, "ExperienceBWT/eval_phase/test_stream/Task000/Exp009": -0.896, "ExperienceForgetting/eval_phase/test_stream/Task000/Exp010": 0.75, "ExperienceBWT/eval_phase/test_stream/Task000/Exp010": -0.75, "ExperienceForgetting/eval_phase/test_stream/Task000/Exp011": 0.868, "ExperienceBWT/eval_phase/test_stream/Task000/Exp011": -0.868, "ExperienceForgetting/eval_phase/test_stream/Task000/Exp012": 0.794, "ExperienceBWT/eval_phase/test_stream/Task000/Exp012": -0.794, "ExperienceForgetting/eval_phase/test_stream/Task000/Exp013": 0.924, "ExperienceBWT/eval_phase/test_stream/Task000/Exp013": -0.924, "ExperienceForgetting/eval_phase/test_stream/Task000/Exp014": 0.828, "ExperienceBWT/eval_phase/test_stream/Task000/Exp014": -0.828, "ExperienceForgetting/eval_phase/test_stream/Task000/Exp015": 0.81, "ExperienceBWT/eval_phase/test_stream/Task000/Exp015": -0.81, "ExperienceForgetting/eval_phase/test_stream/Task000/Exp016": 0.91, "ExperienceBWT/eval_phase/test_stream/Task000/Exp016": -0.91, "ExperienceForgetting/eval_phase/test_stream/Task000/Exp017": 0.82, "ExperienceBWT/eval_phase/test_stream/Task000/Exp017": -0.82, "ExperienceForgetting/eval_phase/test_stream/Task000/Exp018": 0.848, "ExperienceBWT/eval_phase/test_stream/Task000/Exp018": -0.848}, "learning_acc": [0.808, 0.874, 0.834, 0.922, 0.838, 0.922, 0.696, 0.888, 0.822, 0.896, 0.75, 0.868, 0.794, 0.924, 0.828, 0.81, 0.91, 0.82, 0.848, 0.752], "acc_matrix": [[0.808, 0.0, 0.0, 0.0, 0.0, 0.0, 0.0, 0.0, 0.0, 0.0, 0.0, 0.0, 0.0, 0.0, 0.0, 0.0, 0.0, 0.0, 0.0, 0.0], [0.0, 0.874, 0.0, 0.0, 0.0, 0.0, 0.0, 0.0, 0.0, 0.0, 0.0, 0.0, 0.0, 0.0, 0.0, 0.0, 0.0, 0.0, 0.0, 0.0], [0.0, 0.0, 0.834, 0.0, 0.0, 0.0, 0.0, 0.0, 0.0, 0.0, 0.0, 0.0, 0.0, 0.0, 0.0, 0.0, 0.0, 0.0, 0.0, 0.0], [0.0, 0.0, 0.0, 0.922, 0.0, 0.0, 0.0, 0.0, 0.0, 0.0, 0.0, 0.0, 0.0, 0.0, 0.0, 0.0, 0.0, 0.0, 0.0, 0.0], [0.0, 0.0, 0.0, 0.0, 0.838, 0.0, 0.0, 0.0, 0.0, 0.0, 0.0, 0.0, 0.0, 0.0, 0.0, 0.0, 0.0, 0.0, 0.0, 0.0], [0.0, 0.0, 0.0, 0.0, 0.0, 0.922, 0.0, 0.0, 0.0, 0.0, 0.0, 0.0, 0.0, 0.0, 0.0, 0.0, 0.0, 0.0, 0.0, 0.0], [0.0, 0.0, 0.0, 0.0, 0.0, 0.0, 0.696, 0.0, 0.0, 0.0, 0.0, 0.0, 0.0, 0.0, 0.0, 0.0, 0.0, 0.0, 0.0, 0.0], [0.0, 0.0, 0.0, 0.0, 0.0, 0.0, 0.0, 0.888, 0.0, 0.0, 0.0, 0.0, 0.0, 0.0, 0.0, 0.0, 0.0, 0.0, 0.0, 0.0], [0.0, 0.0, 0.0, 0.0, 0.0, 0.0, 0.0, 0.0, 0.822, 0.0, 0.0, 0.0, 0.0, 0.0, 0.0, 0.0, 0.0, 0.0, 0.0, 0.0], [0.0, 0.0, 0.0, 0.0, 0.0, 0.0, 0.0, 0.0, 0.0, 0.896, 0.0, 0.0, 0.0, 0.0, 0.0, 0.0, 0.0, 0.0, 0.0, 0.0], [0.0, 0.0, 0.0, 0.0, 0.0, 0.0, 0.0, 0.0, 0.0, 0.0, 0.75, 0.0, 0.0, 0.0, 0.0, 0.0, 0.0, 0.0, 0.0, 0.0], [0.0, 0.0, 0.0, 0.0, 0.0, 0.0, 0.0, 0.0, 0.0, 0.0, 0.0, 0.868, 0.0, 0.0, 0.0, 0.0, 0.0, 0.0, 0.0, 0.0], [0.0, 0.0, 0.0, 0.0, 0.0, 0.0, 0.0, 0.0, 0.0, 0.0, 0.0, 0.0, 0.794, 0.0, 0.0, 0.0, 0.0, 0.0, 0.0, 0.0], [0.0, 0.0, 0.0, 0.0, 0.0, 0.0, 0.0, 0.0, 0.0, 0.0, 0.0, 0.0, 0.0, 0.924, 0.0, 0.0, 0.0, 0.0, 0.0, 0.0], [0.0, 0.0, 0.0, 0.0, 0.0, 0.0, 0.0, 0.0, 0.0, 0.0, 0.0, 0.0, 0.0, 0.0, 0.828, 0.0, 0.0, 0.0, 0.0, 0.0], [0.0, 0.0, 0.0, 0.0, 0.0, 0.0, 0.0, 0.0, 0.0, 0.0, 0.0, 0.0, 0.0, 0.0, 0.0, 0.81, 0.0, 0.0, 0.0, 0.0], [0.0, 0.0, 0.0, 0.0, 0.0, 0.0, 0.0, 0.0, 0.0, 0.0, 0.0, 0.0, 0.0, 0.0, 0.0, 0.0, 0.91, 0.0, 0.0, 0.0], [0.0, 0.0, 0.0, 0.0, 0.0, 0.0, 0.0, 0.0, 0.0, 0.0, 0.0, 0.0, 0.0, 0.0, 0.0, 0.0, 0.0, 0.82, 0.0, 0.0], [0.0, 0.0, 0.0, 0.0, 0.0, 0.0, 0.0, 0.0, 0.0, 0.0, 0.0, 0.0, 0.0, 0.0, 0.0, 0.0, 0.0, 0.0, 0.848, 0.0], [0.0, 0.0, 0.0, 0.0, 0.0, 0.0, 0.0, 0.0, 0.0, 0.0, 0.0, 0.0, 0.0, 0.0, 0.0, 0.0, 0.0, 0.0, 0.0, 0.752]], "avg_forgetting": 84.48421052631578, "bwt": -84.48421052631578, "selfcheck_ok": true, "h3": {"overlap_summary": {"matrices": {"0": [[1.0, 0.7230698446231206, 0.6856427384993162, 0.6192419723254285, 0.5341971318743302, 0.47592936467204655, 0.510675522288031, 0.4135953772481019, 0.39546821782378416, 0.35452116497753816, 0.439382228963797, 0.4809962875653728, 0.4350160034439256, 0.4513521137616759, 0.385984068949994, 0.4232674841648426, 0.4717476846868046, 0.49693072529587107, 0.4519093594362541, 0.4362968382267412], [0.7230698446231206, 1.0, 0.7115777675591887, 0.7099953642198906, 0.6521944185849008, 0.5965862747717059, 0.5815930908459684, 0.47456950757811533, 0.494448527246947, 0.4591852652920563, 0.5317738572259705, 0.5533835022545577, 0.5080116050127002, 0.5472071059521398, 0.45600420347375253, 0.4855690012128374, 0.5255314236288727, 0.5589790024102119, 0.48229352251380564, 0.5106997348668751], [0.6856427384993162, 0.7115777675591887, 1.0, 0.8235657865921961, 0.7178906098228732, 0.7068624391510482, 0.6893858130651285, 0.6262382949750259, 0.5920019900107846, 0.5286335340628698, 0.5802943478530541, 0.5892863461424812, 0.6201224665749582, 0.5920970269706162, 0.5467351002468636, 0.5707473235187551, 0.5961861343788779, 0.5523676055286224, 0.5775299979383699, 0.5820377095006312], [0.6192419723254285, 0.7099953642198906, 0.8235657865921961, 1.0, 0.7980422556004299, 0.7831351456453718, 0.7686978410700075, 0.6721500969626517, 0.6733588481883149, 0.662076479305295, 0.6760767007624755, 0.7030563833254593, 0.6907415064716307, 0.6985036755448877, 0.644501180436387, 0.6664274661775919, 0.6650089803666706, 0.6790277222253364, 0.6561734237365408, 0.6665249518645191], [0.5341971318743302, 0.6521944185849008, 0.7178906098228732, 0.7980422556004299, 1.0, 0.7965872414344034, 0.7451966358367633, 0.6885234710133479, 0.7158738990806439, 0.6908384587379566, 0.6815315509110578, 0.7125148959245424, 0.7179625790208859, 0.7191868216222171, 0.6184483905134643, 0.7220884374862927, 0.7202655750238013, 0.6870071033539026, 0.673367489767749, 0.6933869735726258], [0.47592936467204655, 0.5965862747717059, 0.7068624391510482, 0.7831351456453718, 0.7965872414344034, 1.0, 0.8209186649293546, 0.7477994554777049, 0.7110874829279722, 0.715246161693048, 0.7284336365062026, 0.7015231226079199, 0.7560351392388226, 0.7061688504393031, 0.6503800252657793, 0.6930357180060298, 0.7161611089147595, 0.6209378632423069, 0.6651711575262319, 0.6831277521732569], [0.510675522288031, 0.5815930908459684, 0.6893858130651285, 0.7686978410700075, 0.7451966358367633, 0.8209186649293546, 1.0, 0.8050607758805175, 0.7496864913867067, 0.744510963146358, 0.7542311069631358, 0.7330164340589517, 0.7305019651015104, 0.7296771625975406, 0.6900802051874572, 0.7233822787919449, 0.7404082986629926, 0.702308974389481, 0.6898545894014076, 0.7294831681066549], [0.4135953772481019, 0.47456950757811533, 0.6262382949750259, 0.6721500969626517, 0.6885234710133479, 0.7477994554777049, 0.8050607758805175, 1.0, 0.8230877571465252, 0.7592570833734609, 0.7091579410137088, 0.7017764671884928, 0.7599741186097861, 0.6846013351601528, 0.7368483788331829, 0.7605963965015005, 0.7347774043419183, 0.620540596656016, 0.6547240467546649, 0.6760171355663472], [0.39546821782378416, 0.494448527246947, 0.5920019900107846, 0.6733588481883149, 0.7158738990806439, 0.7110874829279722, 0.7496864913867067, 0.8230877571465252, 1.0, 0.8109536492048267, 0.7712150864228237, 0.7549978945766412, 0.7869797522199871, 0.7478056100765128, 0.705592701532706, 0.7458647879396355, 0.7406139281079261, 0.6588260069313917, 0.6673655248710825, 0.6821277838829647], [0.35452116497753816, 0.4591852652920563, 0.5286335340628698, 0.662076479305295, 0.6908384587379566, 0.715246161693048, 0.744510963146358, 0.7592570833734609, 0.8109536492048267, 1.0, 0.814229390533471, 0.7842965104222933, 0.7709764711997279, 0.7318327942482976, 0.7808456461781894, 0.7603047051830274, 0.7465032103330331, 0.6408894372146634, 0.6440963974660121, 0.671076117545153], [0.439382228963797, 0.5317738572259705, 0.5802943478530541, 0.6760767007624755, 0.6815315509110578, 0.7284336365062026, 0.7542311069631358, 0.7091579410137088, 0.7712150864228237, 0.814229390533471, 1.0, 0.8324508820345017, 0.7678984511341995, 0.7714731742693189, 0.7189252188059472, 0.6909272195997963, 0.7342543844296671, 0.6468444415509783, 0.6393343789178608, 0.6738688276200366], [0.4809962875653728, 0.5533835022545577, 0.5892863461424812, 0.7030563833254593, 0.7125148959245424, 0.7015231226079199, 0.7330164340589517, 0.7017764671884928, 0.7549978945766412, 0.7842965104222933, 0.8324508820345017, 1.0, 0.7864800024122888, 0.756294970167016, 0.7530137753305378, 0.7427469149105128, 0.7467679908921, 0.7015318933483283, 0.6917667751938738, 0.6982668090936051], [0.4350160034439256, 0.5080116050127002, 0.6201224665749582, 0.6907415064716307, 0.7179625790208859, 0.7560351392388226, 0.7305019651015104, 0.7599741186097861, 0.7869797522199871, 0.7709764711997279, 0.7678984511341995, 0.7864800024122888, 1.0, 0.8290199821592832, 0.747350580236113, 0.7775376624713976, 0.7735533525328522, 0.6808770547500583, 0.7130603176678743, 0.7449980729069354], [0.4513521137616759, 0.5472071059521398, 0.5920970269706162, 0.6985036755448877, 0.7191868216222171, 0.7061688504393031, 0.7296771625975406, 0.6846013351601528, 0.7478056100765128, 0.7318327942482976, 0.7714731742693189, 0.756294970167016, 0.8290199821592832, 1.0, 0.740708350260902, 0.7819884734293824, 0.7496083853757464, 0.7214039706839334, 0.7298375296414477, 0.7360657762359549], [0.385984068949994, 0.45600420347375253, 0.5467351002468636, 0.644501180436387, 0.6184483905134643, 0.6503800252657793, 0.6900802051874572, 0.7368483788331829, 0.705592701532706, 0.7808456461781894, 0.7189252188059472, 0.7530137753305378, 0.747350580236113, 0.740708350260902, 1.0, 0.8426260025615973, 0.7582664736265691, 0.6360954978055764, 0.6625899211855484, 0.6556467844084843], [0.4232674841648426, 0.4855690012128374, 0.5707473235187551, 0.6664274661775919, 0.7220884374862927, 0.6930357180060298, 0.7233822787919449, 0.7605963965015005, 0.7458647879396355, 0.7603047051830274, 0.6909272195997963, 0.7427469149105128, 0.7775376624713976, 0.7819884734293824, 0.8426260025615973, 1.0, 0.8443333852031879, 0.7455021028063702, 0.748486649443022, 0.7520942119463405], [0.4717476846868046, 0.5255314236288727, 0.5961861343788779, 0.6650089803666706, 0.7202655750238013, 0.7161611089147595, 0.7404082986629926, 0.7347774043419183, 0.7406139281079261, 0.7465032103330331, 0.7342543844296671, 0.7467679908921, 0.7735533525328522, 0.7496083853757464, 0.7582664736265691, 0.8443333852031879, 1.0, 0.7956576079999895, 0.7890621343500804, 0.7711720066530555], [0.49693072529587107, 0.5589790024102119, 0.5523676055286224, 0.6790277222253364, 0.6870071033539026, 0.6209378632423069, 0.702308974389481, 0.620540596656016, 0.6588260069313917, 0.6408894372146634, 0.6468444415509783, 0.7015318933483283, 0.6808770547500583, 0.7214039706839334, 0.6360954978055764, 0.7455021028063702, 0.7956576079999895, 1.0, 0.7861178683893253, 0.7547269725145664], [0.4519093594362541, 0.48229352251380564, 0.5775299979383699, 0.6561734237365408, 0.673367489767749, 0.6651711575262319, 0.6898545894014076, 0.6547240467546649, 0.6673655248710825, 0.6440963974660121, 0.6393343789178608, 0.6917667751938738, 0.7130603176678743, 0.7298375296414477, 0.6625899211855484, 0.748486649443022, 0.7890621343500804, 0.7861178683893253, 1.0, 0.818997415882651], [0.4362968382267412, 0.5106997348668751, 0.5820377095006312, 0.6665249518645191, 0.6933869735726258, 0.6831277521732569, 0.7294831681066549, 0.6760171355663472, 0.6821277838829647, 0.671076117545153, 0.6738688276200366, 0.6982668090936051, 0.7449980729069354, 0.7360657762359549, 0.6556467844084843, 0.7520942119463405, 0.7711720066530555, 0.7547269725145664, 0.818997415882651, 1.0]], "1": [[1.0, 0.2230462604399351, 0.12087166933953138, 0.13441762032660706, 0.11027516003119425, 0.170722498262335, 0.14848663027591155, 0.12130852565477426, 0.09294504710763483, 0.0812334878759109, 0.1434114658029761, 0.09082392025519222, 0.09808276074853217, 0.11412131731444024, 0.11853112755861717, 0.09112766785294403, 0.08448239174428068, 0.1407210948717963, 0.09470599132821374, 0.11724390786270646], [0.2230462604399351, 1.0, 0.13259416674808264, 0.11356203204885554, 0.07341856161547085, 0.11102579478368904, 0.12133647290068235, 0.09664855729186742, 0.08464265560967689, 0.05516413158898353, 0.08237031270049942, 0.07601984822050495, 0.06792083683192925, 0.1080362665920499, 0.10946036705356602, 0.08569578233292383, 0.07604894540874665, 0.10238036730331831, 0.08981695580695326, 0.0848670871941202], [0.12087166933953138, 0.13259416674808264, 1.0, 0.12090972054472257, 0.06242392063754714, 0.06869494036266957, 0.0860402587461418, 0.09955228765879143, 0.1036111062454835, 0.08843107797311409, 0.07865833885833497, 0.11470497299912377, 0.08557165384336303, 0.09677770672359196, 0.1089801852091138, 0.11846173266077067, 0.08608165914778156, 0.06636783718702464, 0.05937730921334176, 0.08348879996243959], [0.13441762032660706, 0.11356203204885554, 0.12090972054472257, 1.0, 0.10261630695121275, 0.21031759862672691, 0.22860097581038452, 0.1440006991781601, 0.15914739852075754, 0.09804024296109855, 0.10570393654297451, 0.10273912103768765, 0.08898847854124053, 0.0857100808550901, 0.1136175778992142, 0.10917781228596506, 0.07657355476732182, 0.09623179567717498, 0.05914195505418125, 0.0888243283455253], [0.11027516003119425, 0.07341856161547085, 0.06242392063754714, 0.10261630695121275, 1.0, 0.178044330739895, 0.08880601389340138, 0.06285506579908075, 0.07548043833304274, 0.06958067941153286, 0.08272396544295346, 0.06769097456950876, 0.06752646712427031, 0.07212560133935307, 0.0993202819996782, 0.056061502601759294, 0.062059363399984996, 0.0483437765613644, 0.05635496059967823, 0.07027335288479102], [0.170722498262335, 0.11102579478368904, 0.06869494036266957, 0.21031759862672691, 0.178044330739895, 1.0, 0.28785543622135906, 0.15488958486826046, 0.12302527732120629, 0.07930839566987209, 0.07681534934858351, 0.08957021999780826, 0.09007549105112142, 0.05614145599273551, 0.08761334798939767, 0.0818717089421818, 0.08241047876303415, 0.12582987639567603, 0.03602597606015693, 0.06160190110650691], [0.14848663027591155, 0.12133647290068235, 0.0860402587461418, 0.22860097581038452, 0.08880601389340138, 0.28785543622135906, 1.0, 0.20066333902165445, 0.12864068665662057, 0.12013293311949667, 0.1224603009041576, 0.07828975501066417, 0.08012843813165317, 0.05638803023402677, 0.077451023903427, 0.11069181250159654, 0.07947873012721061, 0.07590763325926171, 0.053866247338499665, 0.06389885407814196], [0.12130852565477426, 0.09664855729186742, 0.09955228765879143, 0.1440006991781601, 0.06285506579908075, 0.15488958486826046, 0.20066333902165445, 1.0, 0.18605114805599687, 0.0934532913832893, 0.07558851781591609, 0.07878029270351618, 0.0833279304153499, 0.08701428096029531, 0.08433270513315018, 0.12348845601536032, 0.08363108754995242, 0.10218089766166064, 0.06285598830350385, 0.08282394862285015], [0.09294504710763483, 0.08464265560967689, 0.1036111062454835, 0.15914739852075754, 0.07548043833304274, 0.12302527732120629, 0.12864068665662057, 0.18605114805599687, 1.0, 0.2403267435537285, 0.18495271342028044, 0.09073467630497012, 0.1082098684056795, 0.11447506465963299, 0.09774498623758951, 0.1561493037340369, 0.11881814718314586, 0.10378369527082434, 0.06069136232730551, 0.08275931989650889], [0.0812334878759109, 0.05516413158898353, 0.08843107797311409, 0.09804024296109855, 0.06958067941153286, 0.07930839566987209, 0.12013293311949667, 0.0934532913832893, 0.2403267435537285, 1.0, 0.26805583191424165, 0.09281178487176818, 0.09658145429707202, 0.07385680231882004, 0.07022906612099591, 0.09605042626864191, 0.10444217027053933, 0.06735535789341424, 0.0776838671643122, 0.07288162517976511], [0.1434114658029761, 0.08237031270049942, 0.07865833885833497, 0.10570393654297451, 0.08272396544295346, 0.07681534934858351, 0.1224603009041576, 0.07558851781591609, 0.18495271342028044, 0.26805583191424165, 1.0, 0.11811422285573266, 0.11949278723136837, 0.10932030409703841, 0.08383179948795437, 0.0962631334164354, 0.08107176229612892, 0.12301531159987505, 0.07721648515692635, 0.07228456401961425], [0.09082392025519222, 0.07601984822050495, 0.11470497299912377, 0.10273912103768765, 0.06769097456950876, 0.08957021999780826, 0.07828975501066417, 0.07878029270351618, 0.09073467630497012, 0.09281178487176818, 0.11811422285573266, 1.0, 0.13309768273375513, 0.08279084634423853, 0.07805826542734948, 0.0794369133148604, 0.1019692622531702, 0.08875956811293323, 0.0553213964188998, 0.08665225994741309], [0.09808276074853217, 0.06792083683192925, 0.08557165384336303, 0.08898847854124053, 0.06752646712427031, 0.09007549105112142, 0.08012843813165317, 0.0833279304153499, 0.1082098684056795, 0.09658145429707202, 0.11949278723136837, 0.13309768273375513, 1.0, 0.11871321958855141, 0.09119047013800714, 0.09139910642656487, 0.07348405590780174, 0.09632285843768885, 0.0689927871300144, 0.07560636991018435], [0.11412131731444024, 0.1080362665920499, 0.09677770672359196, 0.0857100808550901, 0.07212560133935307, 0.05614145599273551, 0.05638803023402677, 0.08701428096029531, 0.11447506465963299, 0.07385680231882004, 0.10932030409703841, 0.08279084634423853, 0.11871321958855141, 1.0, 0.13063289193374086, 0.08987662696028634, 0.06972875568321646, 0.08109695038409281, 0.06954730972462492, 0.07723110932394593], [0.11853112755861717, 0.10946036705356602, 0.1089801852091138, 0.1136175778992142, 0.0993202819996782, 0.08761334798939767, 0.077451023903427, 0.08433270513315018, 0.09774498623758951, 0.07022906612099591, 0.08383179948795437, 0.07805826542734948, 0.09119047013800714, 0.13063289193374086, 1.0, 0.10711198098924236, 0.09944982542869854, 0.06478443398697653, 0.08275137316528725, 0.078869089080108], [0.09112766785294403, 0.08569578233292383, 0.11846173266077067, 0.10917781228596506, 0.056061502601759294, 0.0818717089421818, 0.11069181250159654, 0.12348845601536032, 0.1561493037340369, 0.09605042626864191, 0.0962631334164354, 0.0794369133148604, 0.09139910642656487, 0.08987662696028634, 0.10711198098924236, 1.0, 0.10009591551765053, 0.10249113129217818, 0.06068913345039345, 0.08120470598627871], [0.08448239174428068, 0.07604894540874665, 0.08608165914778156, 0.07657355476732182, 0.062059363399984996, 0.08241047876303415, 0.07947873012721061, 0.08363108754995242, 0.11881814718314586, 0.10444217027053933, 0.08107176229612892, 0.1019692622531702, 0.07348405590780174, 0.06972875568321646, 0.09944982542869854, 0.10009591551765053, 1.0, 0.08115844376103781, 0.07990616418166895, 0.062133504876906366], [0.1407210948717963, 0.10238036730331831, 0.06636783718702464, 0.09623179567717498, 0.0483437765613644, 0.12582987639567603, 0.07590763325926171, 0.10218089766166064, 0.10378369527082434, 0.06735535789341424, 0.12301531159987505, 0.08875956811293323, 0.09632285843768885, 0.08109695038409281, 0.06478443398697653, 0.10249113129217818, 0.08115844376103781, 1.0, 0.11942774654614517, 0.08019956431853222], [0.09470599132821374, 0.08981695580695326, 0.05937730921334176, 0.05914195505418125, 0.05635496059967823, 0.03602597606015693, 0.053866247338499665, 0.06285598830350385, 0.06069136232730551, 0.0776838671643122, 0.07721648515692635, 0.0553213964188998, 0.0689927871300144, 0.06954730972462492, 0.08275137316528725, 0.06068913345039345, 0.07990616418166895, 0.11942774654614517, 1.0, 0.11680022407739168], [0.11724390786270646, 0.0848670871941202, 0.08348879996243959, 0.0888243283455253, 0.07027335288479102, 0.06160190110650691, 0.06389885407814196, 0.08282394862285015, 0.08275931989650889, 0.07288162517976511, 0.07228456401961425, 0.08665225994741309, 0.07560636991018435, 0.07723110932394593, 0.078869089080108, 0.08120470598627871, 0.062133504876906366, 0.08019956431853222, 0.11680022407739168, 1.0]], "2": [[1.0, 0.25108762809863505, 0.16323969620449968, 0.2757573544923662, 0.1931421578283118, 0.19000219692539877, 0.1541675284126754, 0.1063285694402528, 0.19951903243969354, 0.11898074191681425, 0.1500586953236142, 0.20622884060251853, 0.17858403143072182, 0.23641219376326653, 0.1831243235702707, 0.1820239013028635, 0.13974969354341094, 0.22198667719732978, 0.20009671102675142, 0.09262109577624474], [0.25108762809863505, 1.0, 0.11885929221737018, 0.3428791456761443, 0.11403208308301067, 0.29289474156083284, 0.19630583820691366, 0.10543086714949512, 0.2283875128570183, 0.1989260969041245, 0.3030768441142155, 0.17692484256798896, 0.1133055616611644, 0.2078910737033416, 0.10205121898623935, 0.15401148663647932, 0.24850434405520339, 0.21240857777196642, 0.23333800812899388, 0.052671592071803205], [0.16323969620449968, 0.11885929221737018, 1.0, 0.14931701113840898, 0.14740100350932356, 0.1483609204367762, 0.13381124447957585, 0.1851012830562157, 0.16990142744802395, 0.12497343762861846, 0.07936618991895526, 0.0838296884834586, 0.10582788462263183, 0.11908968194629067, 0.0767065849128235, 0.17790214224119005, 0.14678149372236884, 0.146443622281586, 0.19291448511577242, 0.11319660845946533], [0.2757573544923662, 0.3428791456761443, 0.14931701113840898, 1.0, 0.25848764502421323, 0.2580050876216245, 0.19750765718343763, 0.17305829246539958, 0.24061726238521994, 0.23845362557946576, 0.30289728181437237, 0.21736787678202169, 0.17083882838068618, 0.2792287170953524, 0.18674860406054425, 0.155944216337774, 0.24438232181726613, 0.28397118114811304, 0.27626426605945387, 0.10152762444734718], [0.1931421578283118, 0.11403208308301067, 0.14740100350932356, 0.25848764502421323, 1.0, 0.1731916916808176, 0.16396372419595207, 0.18149270051913488, 0.17526329930197898, 0.16806767300273026, 0.14397637356448784, 0.13872425803030597, 0.11691719279148421, 0.17981614091220496, 0.10109030843888334, 0.1579979617035406, 0.18034817573369688, 0.1673218758691717, 0.22476695821450393, 0.16494991116150576], [0.19000219692539877, 0.29289474156083284, 0.1483609204367762, 0.2580050876216245, 0.1731916916808176, 1.0, 0.19847005449174698, 0.18879336394280605, 0.30609843645510776, 0.335266514052765, 0.3923472601242039, 0.06774193752598107, 0.22901986186198373, 0.18204867384985884, 0.1625382770508704, 0.1575459419786068, 0.25320277197266805, 0.22395235617074705, 0.2936537443370336, 0.09545712637500908], [0.1541675284126754, 0.19630583820691366, 0.13381124447957585, 0.19750765718343763, 0.16396372419595207, 0.19847005449174698, 1.0, 0.17500283672168404, 0.23602383977951585, 0.163517431554835, 0.2485502212098106, 0.0735516053505662, 0.11836058003503026, 0.16371688085761402, 0.097848591409322, 0.10731907519237792, 0.14948127447498477, 0.15573781720846536, 0.22612532452416265, 0.1746443544605746], [0.1063285694402528, 0.10543086714949512, 0.1851012830562157, 0.17305829246539958, 0.18149270051913488, 0.18879336394280605, 0.17500283672168404, 1.0, 0.17920129137657906, 0.20576254907171004, 0.16313865674970954, 0.1169807864021215, 0.1819938934727514, 0.16023356021098728, 0.1467789327194941, 0.14699098800063404, 0.20744243385114333, 0.10737602853906605, 0.17807236497525417, 0.1847801716532098], [0.19951903243969354, 0.2283875128570183, 0.16990142744802395, 0.24061726238521994, 0.17526329930197898, 0.30609843645510776, 0.23602383977951585, 0.17920129137657906, 1.0, 0.2553033410157491, 0.3809449296683417, 0.15644132004650085, 0.20002892405898823, 0.1928552025735259, 0.23441820794592527, 0.19698921938244965, 0.25066861252218126, 0.2772025595906324, 0.25165788441752907, 0.15708310363137673], [0.11898074191681425, 0.1989260969041245, 0.12497343762861846, 0.23845362557946576, 0.16806767300273026, 0.335266514052765, 0.163517431554835, 0.20576254907171004, 0.2553033410157491, 1.0, 0.34614032416363916, 0.0838863492913221, 0.1653197659477934, 0.16790651097287237, 0.11763782897754975, 0.09006388841436325, 0.24265560300418704, 0.18134513732979746, 0.23422149947533508, 0.08110414501801243], [0.1500586953236142, 0.3030768441142155, 0.07936618991895526, 0.30289728181437237, 0.14397637356448784, 0.3923472601242039, 0.2485502212098106, 0.16313865674970954, 0.3809449296683417, 0.34614032416363916, 1.0, 0.1446608937436459, 0.21877880824880555, 0.2321548733718991, 0.16922045217603807, 0.12707295424787887, 0.2511852526757776, 0.24045445860137726, 0.20682619977873884, 0.17775187770386916], [0.20622884060251853, 0.17692484256798896, 0.0838296884834586, 0.21736787678202169, 0.13872425803030597, 0.06774193752598107, 0.0735516053505662, 0.1169807864021215, 0.15644132004650085, 0.0838863492913221, 0.1446608937436459, 1.0, 0.09943166524697242, 0.27830590627192997, 0.15473874164304047, 0.24047884374679315, 0.2629537270844457, 0.29049945297960167, 0.11845523598167751, 0.0851657919619259], [0.17858403143072182, 0.1133055616611644, 0.10582788462263183, 0.17083882838068618, 0.11691719279148421, 0.22901986186198373, 0.11836058003503026, 0.1819938934727514, 0.20002892405898823, 0.1653197659477934, 0.21877880824880555, 0.09943166524697242, 1.0, 0.20767384993763385, 0.1804563969872879, 0.13022847095062445, 0.15724298678598467, 0.08997858615061675, 0.1236935045306708, 0.1260381383008421], [0.23641219376326653, 0.2078910737033416, 0.11908968194629067, 0.2792287170953524, 0.17981614091220496, 0.18204867384985884, 0.16371688085761402, 0.16023356021098728, 0.1928552025735259, 0.16790651097287237, 0.2321548733718991, 0.27830590627192997, 0.20767384993763385, 1.0, 0.17965846821885886, 0.15296304938375982, 0.16860177782001567, 0.19941282564185467, 0.2054158188957235, 0.13071451660768835], [0.1831243235702707, 0.10205121898623935, 0.0767065849128235, 0.18674860406054425, 0.10109030843888334, 0.1625382770508704, 0.097848591409322, 0.1467789327194941, 0.23441820794592527, 0.11763782897754975, 0.16922045217603807, 0.15473874164304047, 0.1804563969872879, 0.17965846821885886, 1.0, 0.15137199373244517, 0.14339534032855544, 0.16039994545747083, 0.14234801652799572, 0.04826230654365369], [0.1820239013028635, 0.15401148663647932, 0.17790214224119005, 0.155944216337774, 0.1579979617035406, 0.1575459419786068, 0.10731907519237792, 0.14699098800063404, 0.19698921938244965, 0.09006388841436325, 0.12707295424787887, 0.24047884374679315, 0.13022847095062445, 0.15296304938375982, 0.15137199373244517, 1.0, 0.3906782463143427, 0.26784892654780207, 0.16753968447705575, 0.11149509671947977], [0.13974969354341094, 0.24850434405520339, 0.14678149372236884, 0.24438232181726613, 0.18034817573369688, 0.25320277197266805, 0.14948127447498477, 0.20744243385114333, 0.25066861252218126, 0.24265560300418704, 0.2511852526757776, 0.2629537270844457, 0.15724298678598467, 0.16860177782001567, 0.14339534032855544, 0.3906782463143427, 1.0, 0.3018058949519611, 0.23874461517172235, 0.12165630990175731], [0.22198667719732978, 0.21240857777196642, 0.146443622281586, 0.28397118114811304, 0.1673218758691717, 0.22395235617074705, 0.15573781720846536, 0.10737602853906605, 0.2772025595906324, 0.18134513732979746, 0.24045445860137726, 0.29049945297960167, 0.08997858615061675, 0.19941282564185467, 0.16039994545747083, 0.26784892654780207, 0.3018058949519611, 1.0, 0.292802470086026, 0.08131946661054665], [0.20009671102675142, 0.23333800812899388, 0.19291448511577242, 0.27626426605945387, 0.22476695821450393, 0.2936537443370336, 0.22612532452416265, 0.17807236497525417, 0.25165788441752907, 0.23422149947533508, 0.20682619977873884, 0.11845523598167751, 0.1236935045306708, 0.2054158188957235, 0.14234801652799572, 0.16753968447705575, 0.23874461517172235, 0.292802470086026, 1.0, 0.15183193599309383], [0.09262109577624474, 0.052671592071803205, 0.11319660845946533, 0.10152762444734718, 0.16494991116150576, 0.09545712637500908, 0.1746443544605746, 0.1847801716532098, 0.15708310363137673, 0.08110414501801243, 0.17775187770386916, 0.0851657919619259, 0.1260381383008421, 0.13071451660768835, 0.04826230654365369, 0.11149509671947977, 0.12165630990175731, 0.08131946661054665, 0.15183193599309383, 1.0]]}, "per_layer_inter": {"0": 0.6743173857025903, "1": 0.09875330126980607, "2": 0.1826814714834267}, "O_inter": 0.3185840528186077, "O_intra": 1.0, "Obar": 0.3185840528186077, "inner": -0.6814159471813923}, "phase_stability": {"0": {"layer": 0, "S_matrix": [[1.0, 0.3811404257053954, 0.26930190705854357, 0.2188110046966559, 0.16278756493077098, 0.15400309849417998, 0.11973368877753962, 0.12295622242655156, 0.106612109082917, 0.10485084811677538, 0.10824024072341597, 0.10134745800825613, 0.09916599338947044, 0.10228018511757661, 0.09223127663191423, 0.08665880239267454, 0.08112252179805365, 0.07417958678711449, 0.06882256862373091, 0.06871339116115188], [0.3811404257053954, 1.0, 0.3311318062521603, 0.2532469292538522, 0.20424813006160863, 0.1883117526401286, 0.14617599137163667, 0.13915039341212956, 0.11879333297648242, 0.11761043722992501, 0.117415456955847, 0.10890779090487367, 0.10708105491799262, 0.10461011481187822, 0.09611487941594857, 0.09286152607568833, 0.08751227369239395, 0.08214545733023575, 0.07742695640489204, 0.08018249167925263], [0.26930190705854357, 0.3311318062521603, 1.0, 0.3506261567547371, 0.258516567871286, 0.22785764852339316, 0.17822243987098849, 0.17134202866263257, 0.15420699551156603, 0.14404307384872028, 0.14399024848549952, 0.129700487928845, 0.12445038443341629, 0.12502525903677225, 0.11282500643479532, 0.10505181828712339, 0.10946645101494146, 0.09814669908774966, 0.0926572025260487, 0.09739665462989776], [0.2188110046966559, 0.2532469292538522, 0.3506261567547371, 1.0, 0.28736597417178555, 0.2509138615545854, 0.18073753819927893, 0.18240993346629417, 0.16819229286437096, 0.15483063401422154, 0.15616935156761713, 0.13002694878454085, 0.13089012052803983, 0.1313737019907572, 0.1153476542810272, 0.11029625811584788, 0.12104802825179285, 0.11069401189055011, 0.10450913198303423, 0.10115548202068098], [0.16278756493077098, 0.20424813006160863, 0.258516567871286, 0.28736597417178555, 1.0, 0.31814022401871184, 0.26068472709004975, 0.2399353952128631, 0.21025849398803212, 0.19109602807639028, 0.18533626705592368, 0.16245487228959557, 0.15947028661266116, 0.16008627299529515, 0.14036215401780627, 0.1401327727269204, 0.1411685156883126, 0.12187947791098608, 0.1232866402135893, 0.12497887319547232], [0.15400309849417998, 0.1883117526401286, 0.22785764852339316, 0.2509138615545854, 0.31814022401871184, 1.0, 0.29082388355454586, 0.2445127966300595, 0.22020651686444506, 0.21308336318271942, 0.20190782582437372, 0.17816079821426276, 0.17099439583268333, 0.16420123146378113, 0.1534671009056052, 0.14520869667162953, 0.15054755084355884, 0.12637022868588332, 0.1287585174239889, 0.13949136648033167], [0.11973368877753962, 0.14617599137163667, 0.17822243987098849, 0.18073753819927893, 0.26068472709004975, 0.29082388355454586, 1.0, 0.4143155492391136, 0.31364168277605997, 0.27165840412682846, 0.2381468249850308, 0.2075756591821887, 0.18885518227722647, 0.19111197917399186, 0.17841802786349106, 0.1598748576287503, 0.1611686034082074, 0.13923180848912564, 0.13880103980500735, 0.14747897898503656], [0.12295622242655156, 0.13915039341212956, 0.17134202866263257, 0.18240993346629417, 0.2399353952128631, 0.2445127966300595, 0.4143155492391136, 1.0, 0.40679321747902486, 0.3231546895122694, 0.2500399507013127, 0.2212396856410846, 0.2103743491473901, 0.20885014082753028, 0.1946891376611642, 0.1876743733186045, 0.17922843391202706, 0.16427739339510897, 0.15670377890387066, 0.1534498719924478], [0.106612109082917, 0.11879333297648242, 0.15420699551156603, 0.16819229286437096, 0.21025849398803212, 0.22020651686444506, 0.31364168277605997, 0.40679321747902486, 1.0, 0.3880831098387281, 0.28330770135659816, 0.23775379359797563, 0.22063538456367648, 0.22036203017471448, 0.19377769284334606, 0.1854542405797016, 0.1755507719445862, 0.15744145915207722, 0.15279202071671638, 0.1588559727877246], [0.10485084811677538, 0.11761043722992501, 0.14404307384872028, 0.15483063401422154, 0.19109602807639028, 0.21308336318271942, 0.27165840412682846, 0.3231546895122694, 0.3880831098387281, 1.0, 0.34761495653013696, 0.2759217490169346, 0.23532151890409564, 0.2438965121602962, 0.2060361126862217, 0.19438318157977838, 0.18088089254248402, 0.16913157544382015, 0.1570021898621608, 0.16849572664333587], [0.10824024072341597, 0.117415456955847, 0.14399024848549952, 0.15616935156761713, 0.18533626705592368, 0.20190782582437372, 0.2381468249850308, 0.2500399507013127, 0.28330770135659816, 0.34761495653013696, 1.0, 0.3521378703704898, 0.25008295664013946, 0.2357667603892874, 0.20316867808033925, 0.18706836282420464, 0.17984827831369696, 0.1603716628788865, 0.159479550889679, 0.1591476690877412], [0.10134745800825613, 0.10890779090487367, 0.129700487928845, 0.13002694878454085, 0.16245487228959557, 0.17816079821426276, 0.2075756591821887, 0.2212396856410846, 0.23775379359797563, 0.2759217490169346, 0.3521378703704898, 1.0, 0.2787043831998429, 0.25669108069910296, 0.2163045824159082, 0.19877036230928782, 0.18138172982559272, 0.1661266707978829, 0.16018571877519827, 0.16088975744054262], [0.09916599338947044, 0.10708105491799262, 0.12445038443341629, 0.13089012052803983, 0.15947028661266116, 0.17099439583268333, 0.18885518227722647, 0.2103743491473901, 0.22063538456367648, 0.23532151890409564, 0.25008295664013946, 0.2787043831998429, 1.0, 0.32173618142629956, 0.25921304401197026, 0.23394636614509362, 0.20309551266220174, 0.17818037283540192, 0.17614535164990974, 0.16539611132744517], [0.10228018511757661, 0.10461011481187822, 0.12502525903677225, 0.1313737019907572, 0.16008627299529515, 0.16420123146378113, 0.19111197917399186, 0.20885014082753028, 0.22036203017471448, 0.2438965121602962, 0.2357667603892874, 0.25669108069910296, 0.32173618142629956, 1.0, 0.3711820255562934, 0.27432098870474747, 0.26009293707591596, 0.2006721214952627, 0.1834294373754944, 0.18584885058079878], [0.09223127663191423, 0.09611487941594857, 0.11282500643479532, 0.1153476542810272, 0.14036215401780627, 0.1534671009056052, 0.17841802786349106, 0.1946891376611642, 0.19377769284334606, 0.2060361126862217, 0.20316867808033925, 0.2163045824159082, 0.25921304401197026, 0.3711820255562934, 1.0, 0.3319875595858631, 0.31954751483902694, 0.23568406356118618, 0.2037933525236844, 0.19732138016821354], [0.08665880239267454, 0.09286152607568833, 0.10505181828712339, 0.11029625811584788, 0.1401327727269204, 0.14520869667162953, 0.1598748576287503, 0.1876743733186045, 0.1854542405797016, 0.19438318157977838, 0.18706836282420464, 0.19877036230928782, 0.23394636614509362, 0.27432098870474747, 0.3319875595858631, 1.0, 0.35256521135071406, 0.2568774736020319, 0.23400369146323127, 0.2022423751721168], [0.08112252179805365, 0.08751227369239395, 0.10946645101494146, 0.12104802825179285, 0.1411685156883126, 0.15054755084355884, 0.1611686034082074, 0.17922843391202706, 0.1755507719445862, 0.18088089254248402, 0.17984827831369696, 0.18138172982559272, 0.20309551266220174, 0.26009293707591596, 0.31954751483902694, 0.35256521135071406, 1.0, 0.33988113020672067, 0.2660347307635622, 0.22616598232774693], [0.07417958678711449, 0.08214545733023575, 0.09814669908774966, 0.11069401189055011, 0.12187947791098608, 0.12637022868588332, 0.13923180848912564, 0.16427739339510897, 0.15744145915207722, 0.16913157544382015, 0.1603716628788865, 0.1661266707978829, 0.17818037283540192, 0.2006721214952627, 0.23568406356118618, 0.2568774736020319, 0.33988113020672067, 1.0, 0.30628273175120857, 0.2444185117930266], [0.06882256862373091, 0.07742695640489204, 0.0926572025260487, 0.10450913198303423, 0.1232866402135893, 0.1287585174239889, 0.13880103980500735, 0.15670377890387066, 0.15279202071671638, 0.1570021898621608, 0.159479550889679, 0.16018571877519827, 0.17614535164990974, 0.1834294373754944, 0.2037933525236844, 0.23400369146323127, 0.2660347307635622, 0.30628273175120857, 1.0, 0.30917645621409845], [0.06871339116115188, 0.08018249167925263, 0.09739665462989776, 0.10115548202068098, 0.12497887319547232, 0.13949136648033167, 0.14747897898503656, 0.1534498719924478, 0.1588559727877246, 0.16849572664333587, 0.1591476690877412, 0.16088975744054262, 0.16539611132744517, 0.18584885058079878, 0.19732138016821354, 0.2022423751721168, 0.22616598232774693, 0.2444185117930266, 0.30917645621409845, 1.0]], "mean_cross_task_stability": 0.1881431407580896, "score": "ami"}, "1": {"layer": 1, "S_matrix": [[1.0, 0.08706937641933246, 0.03156050168658436, 0.018159092186930476, 0.0059191519245582105, 0.004208761306665938, 0.005307423015279668, 0.0027557386031978087, 0.004768803318188829, 0.0032189128688149935, 0.0029457307715795673, 0.002683689490997757, 0.002066778423902767, 0.0022189178547119015, 0.005625483705293753, 0.004927811544442528, 0.0030833225518325943, 0.005519840093218109, 0.004613286307262523, 0.002334020073011984], [0.08706937641933246, 1.0, 0.07600813815772568, 0.03816828013505951, 0.014286603337006962, 0.0059499720756513875, 0.007070493554601329, 0.004402791593129892, 0.0031264954405165997, 0.003907510926401933, 0.0035519071636819937, 0.0033931819405312335, 0.001890978388604574, 0.002827331728824647, 0.004248708817408188, 0.0035064332614114574, 0.003401536170769476, 0.004952624734821368, 0.0031741003531036136, 0.002111517118467258], [0.03156050168658436, 0.07600813815772568, 1.0, 0.12177993910750212, 0.057137146274974515, 0.037874797626535166, 0.016591370096582393, 0.009166162632976359, 0.0072954728744137835, 0.006816131129186357, 0.006079719722902141, 0.007708492293353839, 0.006547320350697233, 0.0038909396646155314, 0.0035485063883951657, 0.003651490309961248, 0.004309995412251532, 0.004316044585913641, 0.0030666665186613734, 0.0019587650988107854], [0.018159092186930476, 0.03816828013505951, 0.12177993910750212, 1.0, 0.09268533979951568, 0.04898064779393648, 0.02880034453536272, 0.020894037656999574, 0.01846896084812207, 0.016170628478927303, 0.014181248147120844, 0.013159833226080695, 0.011008230692206276, 0.