{"rung": "R6", "scenario": "class", "nexp": 10, "epochs": 50, "seed": 1, "metrics": {"Top1_Acc_Exp/eval_phase/test_stream/Task000/Exp000": 0.0, "Top1_Acc_Exp/eval_phase/test_stream/Task000/Exp001": 0.0, "Top1_Acc_Exp/eval_phase/test_stream/Task000/Exp002": 0.0, "Top1_Acc_Exp/eval_phase/test_stream/Task000/Exp003": 0.0, "Top1_Acc_Exp/eval_phase/test_stream/Task000/Exp004": 0.0, "Top1_Acc_Exp/eval_phase/test_stream/Task000/Exp005": 0.0, "Top1_Acc_Exp/eval_phase/test_stream/Task000/Exp006": 0.0, "Top1_Acc_Exp/eval_phase/test_stream/Task000/Exp007": 0.0, "Top1_Acc_Exp/eval_phase/test_stream/Task000/Exp008": 0.0, "Top1_Acc_Exp/eval_phase/test_stream/Task000/Exp009": 0.822, "Top1_Acc_Stream/eval_phase/test_stream/Task000": 0.0822, "StreamForgetting/eval_phase/test_stream": 0.7806666666666666, "StreamBWT/eval_phase/test_stream": -0.7806666666666666, "ExperienceForgetting/eval_phase/test_stream/Task000/Exp000": 0.694, "ExperienceBWT/eval_phase/test_stream/Task000/Exp000": -0.694, "ExperienceForgetting/eval_phase/test_stream/Task000/Exp001": 0.768, "ExperienceBWT/eval_phase/test_stream/Task000/Exp001": -0.768, "ExperienceForgetting/eval_phase/test_stream/Task000/Exp002": 0.829, "ExperienceBWT/eval_phase/test_stream/Task000/Exp002": -0.829, "ExperienceForgetting/eval_phase/test_stream/Task000/Exp003": 0.806, "ExperienceBWT/eval_phase/test_stream/Task000/Exp003": -0.806, "ExperienceForgetting/eval_phase/test_stream/Task000/Exp004": 0.829, "ExperienceBWT/eval_phase/test_stream/Task000/Exp004": -0.829, "ExperienceForgetting/eval_phase/test_stream/Task000/Exp005": 0.79, "ExperienceBWT/eval_phase/test_stream/Task000/Exp005": -0.79, "ExperienceForgetting/eval_phase/test_stream/Task000/Exp006": 0.794, "ExperienceBWT/eval_phase/test_stream/Task000/Exp006": -0.794, "ExperienceForgetting/eval_phase/test_stream/Task000/Exp007": 0.762, "ExperienceBWT/eval_phase/test_stream/Task000/Exp007": -0.762, "ExperienceForgetting/eval_phase/test_stream/Task000/Exp008": 0.754, "ExperienceBWT/eval_phase/test_stream/Task000/Exp008": -0.754}, "learning_acc": [0.694, 0.768, 0.829, 0.806, 0.829, 0.79, 0.794, 0.762, 0.754, 0.822], "acc_matrix": [[0.694, 0.0, 0.0, 0.0, 0.0, 0.0, 0.0, 0.0, 0.0, 0.0], [0.0, 0.768, 0.0, 0.0, 0.0, 0.0, 0.0, 0.0, 0.0, 0.0], [0.0, 0.0, 0.829, 0.0, 0.0, 0.0, 0.0, 0.0, 0.0, 0.0], [0.0, 0.0, 0.0, 0.806, 0.0, 0.0, 0.0, 0.0, 0.0, 0.0], [0.0, 0.0, 0.0, 0.0, 0.829, 0.0, 0.0, 0.0, 0.0, 0.0], [0.0, 0.0, 0.0, 0.0, 0.0, 0.79, 0.0, 0.0, 0.0, 0.0], [0.0, 0.0, 0.0, 0.0, 0.0, 0.0, 0.794, 0.0, 0.0, 0.0], [0.0, 0.0, 0.0, 0.0, 0.0, 0.0, 0.0, 0.762, 0.0, 0.0], [0.0, 0.0, 0.0, 0.0, 0.0, 0.0, 0.0, 0.0, 0.754, 0.0], [0.0, 0.0, 0.0, 0.0, 0.0, 0.0, 0.0, 0.0, 0.0, 0.822]], "avg_forgetting": 78.06666666666666, "bwt": -78.06666666666666, "selfcheck_ok": true, "h3": {"overlap_summary": {"matrices": {"0": [[1.0, 0.7878306133669749, 0.7123851868642509, 0.6991699554543561, 0.684708679422301, 0.6010963829951796, 0.5976973702142071, 0.6186206383881292, 0.5572086135672779, 0.6039875490567657], [0.7878306133669749, 1.0, 0.8908486983645633, 0.8765718049102715, 0.8546412469962373, 0.7830655553899105, 0.8086223887148385, 0.8101395843165866, 0.7580724881476109, 0.7686253333932384], [0.7123851868642509, 0.8908486983645633, 1.0, 0.9260119093095794, 0.9059231673120651, 0.8659324905212928, 0.8625653177004412, 0.8625825232398876, 0.8321311091128845, 0.849591841389891], [0.6991699554543561, 0.8765718049102715, 0.9260119093095794, 1.0, 0.9236112011390348, 0.8658584814491475, 0.8702432194861157, 0.8642248566963178, 0.8298286465553689, 0.8516022380204699], [0.684708679422301, 0.8546412469962373, 0.9059231673120651, 0.9236112011390348, 1.0, 0.8790827705300734, 0.8771766164376481, 0.8717550214645948, 0.831319549859929, 0.8445092340665422], [0.6010963829951796, 0.7830655553899105, 0.8659324905212928, 0.8658584814491475, 0.8790827705300734, 1.0, 0.909234510594714, 0.8779760817941691, 0.8486838979958063, 0.8640581226831798], [0.5976973702142071, 0.8086223887148385, 0.8625653177004412, 0.8702432194861157, 0.8771766164376481, 0.909234510594714, 1.0, 0.9155122328175846, 0.8935111798165315, 0.8764274589743223], [0.6186206383881292, 0.8101395843165866, 0.8625825232398876, 0.8642248566963178, 0.8717550214645948, 0.8779760817941691, 0.9155122328175846, 1.0, 0.886556287517887, 0.8861873427207251], [0.5572086135672779, 0.7580724881476109, 0.8321311091128845, 0.8298286465553689, 0.831319549859929, 0.8486838979958063, 0.8935111798165315, 0.886556287517887, 1.0, 0.8850254695434148], [0.6039875490567657, 0.7686253333932384, 0.849591841389891, 0.8516022380204699, 0.8445092340665422, 0.8640581226831798, 0.8764274589743223, 0.8861873427207251, 0.8850254695434148, 1.0]], "1": [[1.0, 0.36936151615688406, 0.2556549107986348, 0.2288590006691518, 0.22774935314506223, 0.24357045416864867, 0.24814489630183778, 0.22440626982654766, 0.2345126937917876, 0.22203018988809758], [0.36936151615688406, 1.0, 0.29320068772780444, 0.2453845429739972, 0.24846363569961594, 0.30849633237730084, 0.24962412115254237, 0.23095007059473494, 0.2241540767944364, 0.20217535802057882], [0.2556549107986348, 0.29320068772780444, 1.0, 0.3322632461127819, 0.3024719629210457, 0.2541550345245062, 0.2576361580338027, 0.21429868413888356, 0.21681450786845666, 0.20948505317394944], [0.2288590006691518, 0.2453845429739972, 0.3322632461127819, 1.0, 0.32928857479094004, 0.30360835313690354, 0.25702415056249484, 0.23874807608699014, 0.2160818221674422, 0.2160559970784471], [0.22774935314506223, 0.24846363569961594, 0.3024719629210457, 0.32928857479094004, 1.0, 0.27274973900006805, 0.26050075459571786, 0.21518683794236976, 0.21811427576018896, 0.21559571527397878], [0.24357045416864867, 0.30849633237730084, 0.2541550345245062, 0.30360835313690354, 0.27274973900006805, 1.0, 0.34332133609352006, 0.3179740985246846, 0.22681796982511768, 0.23511898536772438], [0.24814489630183778, 0.24962412115254237, 0.2576361580338027, 0.25702415056249484, 0.26050075459571786, 0.34332133609352006, 1.0, 0.35967456658602714, 0.2489763218065259, 0.21504017653403987], [0.22440626982654766, 0.23095007059473494, 0.21429868413888356, 0.23874807608699014, 0.21518683794236976, 0.3179740985246846, 0.35967456658602714, 1.0, 0.2951403717582484, 0.25362408134710296], [0.2345126937917876, 0.2241540767944364, 0.21681450786845666, 0.2160818221674422, 0.21811427576018896, 0.22681796982511768, 0.2489763218065259, 0.2951403717582484, 1.0, 0.3061863654946245], [0.22203018988809758, 0.20217535802057882, 0.20948505317394944, 0.2160559970784471, 0.21559571527397878, 0.23511898536772438, 0.21504017653403987, 0.25362408134710296, 0.3061863654946245, 1.0]], "2": [[1.0, 0.299304995082825, 0.20842528041198183, 0.29332765416503515, 0.25333950540735756, 0.25409948086493694, 0.25351870197572823, 0.24362839577764137, 0.24412436657026557, 0.23915207981733105], [0.299304995082825, 1.0, 0.31812456291314034, 0.27587839046354057, 0.3307861271918558, 0.3738747035442661, 0.30318523105708, 0.3027229836739806, 0.267566874957271, 0.2392913030630141], [0.20842528041198183, 0.31812456291314034, 1.0, 0.23579351847857907, 0.36329642406120966, 0.2959659639098864, 0.34357680879334773, 0.2748136283615721, 0.30063311623118255, 0.3083740749623404], [0.29332765416503515, 0.27587839046354057, 0.23579351847857907, 1.0, 0.24487554496181596, 0.31145154762808197, 0.2619079606074725, 0.3028412373638827, 0.29551885085962043, 0.29647666127311084], [0.25333950540735756, 0.3307861271918558, 0.36329642406120966, 0.24487554496181596, 1.0, 0.27856201801221686, 0.2936329501507654, 0.26481755777279775, 0.23817586683007327, 0.2779485208067012], [0.25409948086493694, 0.3738747035442661, 0.2959659639098864, 0.31145154762808197, 0.27856201801221686, 1.0, 0.37617822135846524, 0.355827134978073, 0.28065352400061816, 0.334233592214032], [0.25351870197572823, 0.30318523105708, 0.34357680879334773, 0.2619079606074725, 0.2936329501507654, 0.37617822135846524, 1.0, 0.32654545981294436, 0.3059979198526853, 0.2957883819562046], [0.24362839577764137, 0.3027229836739806, 0.2748136283615721, 0.3028412373638827, 0.26481755777279775, 0.355827134978073, 0.32654545981294436, 1.0, 0.24842645514732617, 0.3335995687189245], [0.24412436657026557, 0.267566874957271, 0.30063311623118255, 0.29551885085962043, 0.23817586683007327, 0.28065352400061816, 0.3059979198526853, 0.24842645514732617, 1.0, 0.292023318537218], [0.23915207981733105, 0.2392913030630141, 0.3083740749623404, 0.29647666127311084, 0.2779485208067012, 0.334233592214032, 0.2957883819562046, 0.3335995687189245, 0.292023318537218, 1.0]]}, "per_layer_inter": {"0": 0.8193425526291624, "1": 0.2575264739243166, "2": 0.28973969921285336}, "O_inter": 0.4555362419221108, "O_intra": 1.0, "Obar": 0.4555362419221108, "inner": -0.5444637580778893}, "phase_stability": {"0": {"layer": 0, "S_matrix": [[1.0, 0.32427279102861173, 0.2535816077616435, 0.22442140792344661, 0.18070050139830723, 0.1777269691974258, 0.15972224564613194, 0.15755561403540208, 0.14827074541764904, 0.1388001992095139], [0.32427279102861173, 1.0, 0.2970595114761293, 0.2755417222658808, 0.23267942982613685, 0.2338473744240082, 0.20057446962167225, 0.18946788599428835, 0.1667078710767276, 0.16600823279565388], [0.2535816077616435, 0.2970595114761293, 1.0, 0.3445027432477648, 0.28614532793633163, 0.24573589174687085, 0.22784469234325638, 0.22349283022829441, 0.20463869594348036, 0.19466081366424742], [0.22442140792344661, 0.2755417222658808, 0.3445027432477648, 1.0, 0.3534933770752376, 0.29970050006374843, 0.24137832033502898, 0.24777770753238254, 0.2178196018201622, 0.2135685047638652], [0.18070050139830723, 0.23267942982613685, 0.28614532793633163, 0.3534933770752376, 1.0, 0.31534444746562074, 0.26484955432618895, 0.2677799518839628, 0.23844993450652877, 0.21605185964972867], [0.1777269691974258, 0.2338473744240082, 0.24573589174687085, 0.29970050006374843, 0.31534444746562074, 1.0, 0.34341397054516737, 0.2839938464901917, 0.24331560037433272, 0.23350657081754578], [0.15972224564613194, 0.20057446962167225, 0.22784469234325638, 0.24137832033502898, 0.26484955432618895, 0.34341397054516737, 1.0, 0.36580371596388206, 0.26030050445670583, 0.25078630098765564], [0.15755561403540208, 0.18946788599428835, 0.22349283022829441, 0.24777770753238254, 0.2677799518839628, 0.2839938464901917, 0.36580371596388206, 1.0, 0.33595984856401623, 0.31636434483591436], [0.14827074541764904, 0.1667078710767276, 0.20463869594348036, 0.2178196018201622, 0.23844993450652877, 0.24331560037433272, 0.26030050445670583, 0.33595984856401623, 1.0, 0.37727115977430903], [0.1388001992095139, 0.16600823279565388, 0.19466081366424742, 0.2135685047638652, 0.21605185964972867, 0.23350657081754578, 0.25078630098765564, 0.31636434483591436, 0.37727115977430903, 1.0]], "mean_cross_task_stability": 0.24757531547646786, "score": "ami"}, "1": {"layer": 1, "S_matrix": [[1.0, 0.12075824480877355, 0.06263932081882469, 0.0377641854719987, 0.027897728575953705, 0.017628354398760204, 0.01256935887652211, 0.009358446632996797, 0.006477439580907775, 0.0056676880814150446], [0.12075824480877355, 1.0, 0.15377883642462428, 0.09053059333445354, 0.06661009992428267, 0.04082489596815234, 0.03143539268831153, 0.021885884626011265, 0.015447459043787722, 0.014339324514179713], [0.06263932081882469, 0.15377883642462428, 1.0, 0.1763336746339913, 0.10758107292572101, 0.06421729265385297, 0.049986718461231816, 0.03378726617721444, 0.020518757813458046, 0.02074305171711097], [0.0377641854719987, 0.09053059333445354, 0.1763336746339913, 1.0, 0.17148636734284023, 0.09720017880470885, 0.06847170407118582, 0.04610041024737907, 0.029929834750632975, 0.028783964001327145], [0.027897728575953705, 0.06661009992428267, 0.10758107292572101, 0.17148636734284023, 1.0, 0.13184646821306997, 0.0836569932082068, 0.0572948896430734, 0.035698691551771806, 0.0390939571338721], [0.017628354398760204, 0.04082489596815234, 0.06421729265385297, 0.09720017880470885, 0.13184646821306997, 1.0, 0.16078341074445598, 0.10348079946957649, 0.06422502536618692, 0.05931043502177281], [0.01256935887652211, 0.03143539268831153, 0.049986718461231816, 0.06847170407118582, 0.0836569932082068, 0.16078341074445598, 1.0, 0.16594577127310448, 0.0989284365061745, 0.07759257213905345], [0.009358446632996797, 0.021885884626011265, 0.03378726617721444, 0.04610041024737907, 0.0572948896430734, 0.10348079946957649, 0.16594577127310448, 1.0, 0.1542685881858694, 0.11990695258744902], [0.006477439580907775, 0.015447459043787722, 0.020518757813458046, 0.029929834750632975, 0.035698691551771806, 0.06422502536618692, 0.0989284365061745, 0.1542685881858694, 1.0, 0.18375216992037843], [0.0056676880814150446, 0.014339324514179713, 0.02074305171711097, 0.028783964001327145, 0.0390939571338721, 0.05931043502177281, 0.07759257213905345, 0.11990695258744902, 0.18375216992037843, 1.0]], "mean_cross_task_stability": 0.07081197129632502, "score": "ami"}, "2": {"layer": 2, "S_matrix": [[1.0, 0.040559838037239844, 0.007997187902995542, 0.000909209625668504, 0.001115897680289007, 0.001787137783239661, 0.0020410154206246976, 0.0017425347603342235, 0.0015265260534309667, 0.002449707483921301], [0.040559838037239844, 1.0, 0.03403827783815286, 0.0034677400729298956, 0.0028677019977653723, 0.0033170639254482305, 0.001009509652764158, 0.0023842799673452967, 0.0014231428447716368, 0.002259837231071121], [0.007997187902995542, 0.03403827783815286, 1.0, 0.029665806167176293, 0.012228606184746825, 0.004000428830357465, 0.004646423368086804, 0.0032466179899511005, 0.0022750828537981493, 0.002817682646735012], [0.000909209625668504, 0.0034677400729298956, 0.029665806167176293, 1.0, 0.0484482647123461, 0.011507781268259704, 0.00721114121990648, 0.003562485887879479, 0.0018885186075658263, 0.0018840605716505753], [0.001115897680289007, 0.0028677019977653723, 0.012228606184746825, 0.0484482647123461, 1.0, 0.025260572328939104, 0.01394461095664597, 0.00235195193752808, 0.0009915405624738192, 0.001661696027973348], [0.001787137783239661, 0.0033170639254482305, 0.004000428830357465, 0.011507781268259704, 0.025260572328939104, 1.0, 0.03974110949065275, 0.02152199176199061, 0.004798447389621327, 0.0051360517727492006], [0.0020410154206246976, 0.001009509652764158, 0.004646423368086804, 0.00721114121990648, 0.01394461095664597, 0.03974110949065275, 1.0, 0.04163039924232314, 0.00934305421023974, 0.005500763497604034], [0.0017425347603342235, 0.0023842799673452967, 0.0032466179899511005, 0.003562485887879479, 0.00235195193752808, 0.02152199176199061, 0.04163039924232314, 1.0, 0.04660721137459885, 0.026142271923355807], [0.0015265260534309667, 0.0014231428447716368, 0.0022750828537981493, 0.0018885186075658263, 0.0009915405624738192, 0.004798447389621327, 0.00934305421023974, 0.04660721137459885, 1.0, 0.06339479269390591], [0.002449707483921301, 0.002259837231071121, 0.002817682646735012, 0.0018840605716505753, 0.001661696027973348, 0.0051360517727492006, 0.005500763497604034, 0.026142271923355807, 0.06339479269390591, 1.0]], "mean_cross_task_stability": 0.012273466083490085, "score": "ami"}}}}