{"rung": "R6s", "scenario": "class", "nexp": 10, "epochs": 50, "seed": 1, "metrics": {"Top1_Acc_Exp/eval_phase/test_stream/Task000/Exp000": 0.0, "Top1_Acc_Exp/eval_phase/test_stream/Task000/Exp001": 0.0, "Top1_Acc_Exp/eval_phase/test_stream/Task000/Exp002": 0.0, "Top1_Acc_Exp/eval_phase/test_stream/Task000/Exp003": 0.0, "Top1_Acc_Exp/eval_phase/test_stream/Task000/Exp004": 0.0, "Top1_Acc_Exp/eval_phase/test_stream/Task000/Exp005": 0.0, "Top1_Acc_Exp/eval_phase/test_stream/Task000/Exp006": 0.0, "Top1_Acc_Exp/eval_phase/test_stream/Task000/Exp007": 0.0, "Top1_Acc_Exp/eval_phase/test_stream/Task000/Exp008": 0.0, "Top1_Acc_Exp/eval_phase/test_stream/Task000/Exp009": 0.821, "Top1_Acc_Stream/eval_phase/test_stream/Task000": 0.0821, "StreamForgetting/eval_phase/test_stream": 0.7686666666666667, "StreamBWT/eval_phase/test_stream": -0.7686666666666667, "ExperienceForgetting/eval_phase/test_stream/Task000/Exp000": 0.64, "ExperienceBWT/eval_phase/test_stream/Task000/Exp000": -0.64, "ExperienceForgetting/eval_phase/test_stream/Task000/Exp001": 0.769, "ExperienceBWT/eval_phase/test_stream/Task000/Exp001": -0.769, "ExperienceForgetting/eval_phase/test_stream/Task000/Exp002": 0.819, "ExperienceBWT/eval_phase/test_stream/Task000/Exp002": -0.819, "ExperienceForgetting/eval_phase/test_stream/Task000/Exp003": 0.782, "ExperienceBWT/eval_phase/test_stream/Task000/Exp003": -0.782, "ExperienceForgetting/eval_phase/test_stream/Task000/Exp004": 0.836, "ExperienceBWT/eval_phase/test_stream/Task000/Exp004": -0.836, "ExperienceForgetting/eval_phase/test_stream/Task000/Exp005": 0.769, "ExperienceBWT/eval_phase/test_stream/Task000/Exp005": -0.769, "ExperienceForgetting/eval_phase/test_stream/Task000/Exp006": 0.801, "ExperienceBWT/eval_phase/test_stream/Task000/Exp006": -0.801, "ExperienceForgetting/eval_phase/test_stream/Task000/Exp007": 0.759, "ExperienceBWT/eval_phase/test_stream/Task000/Exp007": -0.759, "ExperienceForgetting/eval_phase/test_stream/Task000/Exp008": 0.743, "ExperienceBWT/eval_phase/test_stream/Task000/Exp008": -0.743}, "learning_acc": [0.64, 0.769, 0.819, 0.782, 0.836, 0.769, 0.801, 0.759, 0.743, 0.821], "acc_matrix": [[0.64, 0.0, 0.0, 0.0, 0.0, 0.0, 0.0, 0.0, 0.0, 0.0], [0.0, 0.769, 0.0, 0.0, 0.0, 0.0, 0.0, 0.0, 0.0, 0.0], [0.0, 0.0, 0.819, 0.0, 0.0, 0.0, 0.0, 0.0, 0.0, 0.0], [0.0, 0.0, 0.0, 0.782, 0.0, 0.0, 0.0, 0.0, 0.0, 0.0], [0.0, 0.0, 0.0, 0.0, 0.836, 0.0, 0.0, 0.0, 0.0, 0.0], [0.0, 0.0, 0.0, 0.0, 0.0, 0.769, 0.0, 0.0, 0.0, 0.0], [0.0, 0.0, 0.0, 0.0, 0.0, 0.0, 0.801, 0.0, 0.0, 0.0], [0.0, 0.0, 0.0, 0.0, 0.0, 0.0, 0.0, 0.759, 0.0, 0.0], [0.0, 0.0, 0.0, 0.0, 0.0, 0.0, 0.0, 0.0, 0.743, 0.0], [0.0, 0.0, 0.0, 0.0, 0.0, 0.0, 0.0, 0.0, 0.0, 0.821]], "avg_forgetting": 76.86666666666667, "bwt": -76.86666666666667, "selfcheck_ok": true, "h3": {"overlap_summary": {"matrices": {"0": [[1.0, 0.8736333599599123, 0.8171096950508538, 0.7900762010164516, 0.757117175937974, 0.7233211953481886, 0.6345986313057782, 0.6775946309299115, 0.6402592563160886, 0.6337862189800856], [0.8736333599599123, 1.0, 0.9254370734023561, 0.8885729712647189, 0.8462649252631541, 0.7998662437438486, 0.7491245326167496, 0.7802467953043649, 0.7535326797534907, 0.7511369991326533], [0.8171096950508538, 0.9254370734023561, 1.0, 0.9325972341274225, 0.8941137147689572, 0.8509842025855828, 0.8071259302229907, 0.8411173355089893, 0.7998623694051501, 0.8043557071020037], [0.7900762010164516, 0.8885729712647189, 0.9325972341274225, 1.0, 0.9451206248446258, 0.9099976891767321, 0.8710915602964833, 0.8913483799466114, 0.8631693020504715, 0.8561059773191867], [0.757117175937974, 0.8462649252631541, 0.8941137147689572, 0.9451206248446258, 1.0, 0.9347887330215442, 0.9031377911915692, 0.9042280706260176, 0.8838206511030808, 0.86799688236516], [0.7233211953481886, 0.7998662437438486, 0.8509842025855828, 0.9099976891767321, 0.9347887330215442, 1.0, 0.934413651460062, 0.9242541454905013, 0.907922433073416, 0.8993742992835535], [0.6345986313057782, 0.7491245326167496, 0.8071259302229907, 0.8710915602964833, 0.9031377911915692, 0.934413651460062, 1.0, 0.9541143786462806, 0.9311214344731896, 0.921908182624457], [0.6775946309299115, 0.7802467953043649, 0.8411173355089893, 0.8913483799466114, 0.9042280706260176, 0.9242541454905013, 0.9541143786462806, 1.0, 0.9421009434835345, 0.9218179937656497], [0.6402592563160886, 0.7535326797534907, 0.7998623694051501, 0.8631693020504715, 0.8838206511030808, 0.907922433073416, 0.9311214344731896, 0.9421009434835345, 1.0, 0.9439110815407432], [0.6337862189800856, 0.7511369991326533, 0.8043557071020037, 0.8561059773191867, 0.86799688236516, 0.8993742992835535, 0.921908182624457, 0.9218179937656497, 0.9439110815407432, 1.0]], "1": [[1.0, 0.5605961331039279, 0.5023404539671066, 0.4973493449587467, 0.4438752012047821, 0.461707069552847, 0.4289471197281461, 0.43044812462870846, 0.4236133173411651, 0.3803012022589405], [0.5605961331039279, 1.0, 0.6768018333834519, 0.6036614472817357, 0.5521514802062313, 0.533764813232104, 0.49317866064355653, 0.4908052634159627, 0.45470571753392763, 0.427231322336106], [0.5023404539671066, 0.6768018333834519, 1.0, 0.6751471203028093, 0.6065155266084774, 0.5541462577655104, 0.5402975621707953, 0.49146387460265795, 0.4908703318097243, 0.46242871715628925], [0.4973493449587467, 0.6036614472817357, 0.6751471203028093, 1.0, 0.6124069750852222, 0.5692388480205355, 0.5141950686314767, 0.5092486243833304, 0.4922191467984614, 0.47971902797293065], [0.4438752012047821, 0.5521514802062313, 0.6065155266084774, 0.6124069750852222, 1.0, 0.6289863615840786, 0.5431814366397818, 0.49798390790511915, 0.4797698748850326, 0.4822975476283472], [0.461707069552847, 0.533764813232104, 0.5541462577655104, 0.5692388480205355, 0.6289863615840786, 1.0, 0.6229921687536103, 0.5230274092678721, 0.520029013592239, 0.49948709051081963], [0.4289471197281461, 0.49317866064355653, 0.5402975621707953, 0.5141950686314767, 0.5431814366397818, 0.6229921687536103, 1.0, 0.5848495091610577, 0.5373241342356483, 0.45830136263777904], [0.43044812462870846, 0.4908052634159627, 0.49146387460265795, 0.5092486243833304, 0.49798390790511915, 0.5230274092678721, 0.5848495091610577, 1.0, 0.5366606707551648, 0.4714511164423724], [0.4236133173411651, 0.45470571753392763, 0.4908703318097243, 0.4922191467984614, 0.4797698748850326, 0.520029013592239, 0.5373241342356483, 0.5366606707551648, 1.0, 0.6163492380811991], [0.3803012022589405, 0.427231322336106, 0.46242871715628925, 0.47971902797293065, 0.4822975476283472, 0.49948709051081963, 0.45830136263777904, 0.4714511164423724, 0.6163492380811991, 1.0]], "2": [[1.0, 0.3007945668436396, 0.22934626953603696, 0.3051007415778484, 0.24915098473779362, 0.26255993607685396, 0.24082232464580586, 0.23697109100879998, 0.24868557392964602, 0.20850941136074555], [0.3007945668436396, 1.0, 0.32069874189587005, 0.234958342614726, 0.3677298712391593, 0.3038533522927353, 0.25886522497663383, 0.30250012756000627, 0.23151946961312292, 0.21117993193543438], [0.22934626953603696, 0.32069874189587005, 1.0, 0.3130502452346552, 0.33328178681203435, 0.21818045137692307, 0.2803198924712684, 0.23550665667713175, 0.2098682964326778, 0.21967145132181012], [0.3051007415778484, 0.234958342614726, 0.3130502452346552, 1.0, 0.29465121217398926, 0.2757698958370854, 0.2631668325474683, 0.2341597699341177, 0.26368001800851587, 0.23787551434812435], [0.24915098473779362, 0.3677298712391593, 0.33328178681203435, 0.29465121217398926, 1.0, 0.31038272335407074, 0.30647225438419795, 0.28348077552565226, 0.22928985242283112, 0.25182111704179977], [0.26255993607685396, 0.3038533522927353, 0.21818045137692307, 0.2757698958370854, 0.31038272335407074, 1.0, 0.2902363866400967, 0.30324132103707685, 0.25033560739655936, 0.24133032292537704], [0.24082232464580586, 0.25886522497663383, 0.2803198924712684, 0.2631668325474683, 0.30647225438419795, 0.2902363866400967, 1.0, 0.28294514909073604, 0.2269995936738838, 0.23822784354513948], [0.23697109100879998, 0.30250012756000627, 0.23550665667713175, 0.2341597699341177, 0.28348077552565226, 0.30324132103707685, 0.28294514909073604, 1.0, 0.20180586986702806, 0.2638608115272682], [0.24868557392964602, 0.23151946961312292, 0.2098682964326778, 0.26368001800851587, 0.22928985242283112, 0.25033560739655936, 0.2269995936738838, 0.20180586986702806, 1.0, 0.22305792986408943], [0.20850941136074555, 0.21117993193543438, 0.21967145132181012, 0.23787551434812435, 0.25182111704179977, 0.24133032292537704, 0.23822784354513948, 0.2638608115272682, 0.22305792986408943, 1.0]]}, "per_layer_inter": {"0": 0.8463017618851232, "1": 0.5191570317370175, "2": 0.2621314565181437}, "O_inter": 0.5425300833800948, "O_intra": 1.0, "Obar": 0.5425300833800948, "inner": -0.4574699166199052}, "phase_stability": {"0": {"layer": 0, "S_matrix": [[1.0, 0.4950423567222587, 0.46233283804189107, 0.43887329277595116, 0.3841662400508177, 0.3595237117294217, 0.34278286066125396, 0.33242265165060936, 0.3213402096020593, 0.28131982216681073], [0.4950423567222587, 1.0, 0.4819210610421974, 0.4377316431271018, 0.4344935348986155, 0.409611941531373, 0.4027678322163515, 0.3874724906237848, 0.3787430644201719, 0.3371509249245442], [0.46233283804189107, 0.4819210610421974, 1.0, 0.6133559009764223, 0.659931179120112, 0.5977452088785664, 0.5796067748602725, 0.5365872329292641, 0.5202755953800327, 0.48297633743758894], [0.43887329277595116, 0.4377316431271018, 0.6133559009764223, 1.0, 0.585550245789826, 0.5441418477358558, 0.5282067938674063, 0.5084787023568373, 0.4905604024216846, 0.46039614683083924], [0.3841662400508177, 0.4344935348986155, 0.659931179120112, 0.585550245789826, 1.0, 0.7304694819934119, 0.6968829135269986, 0.6426006165831678, 0.6297020230120601, 0.5817281774886334], [0.3595237117294217, 0.409611941531373, 0.5977452088785664, 0.5441418477358558, 0.7304694819934119, 1.0, 0.752307694463075, 0.6916345430859888, 0.6594579120092638, 0.5992332739950081], [0.34278286066125396, 0.4027678322163515, 0.5796067748602725, 0.5282067938674063, 0.6968829135269986, 0.752307694463075, 1.0, 0.7239446013380385, 0.6854056642833991, 0.6187014984683921], [0.33242265165060936, 0.3874724906237848, 0.5365872329292641, 0.5084787023568373, 0.6426006165831678, 0.6916345430859888, 0.7239446013380385, 1.0, 0.769857403931995, 0.6778341263241418], [0.3213402096020593, 0.3787430644201719, 0.5202755953800327, 0.4905604024216846, 0.6297020230120601, 0.6594579120092638, 0.6854056642833991, 0.769857403931995, 1.0, 0.7036789347218398], [0.28131982216681073, 0.3371509249245442, 0.48297633743758894, 0.46039614683083924, 0.5817281774886334, 0.5992332739950081, 0.6187014984683921, 0.6778341263241418, 0.7036789347218398, 1.0]], "mean_cross_task_stability": 0.5324210602221185, "score": "ami"}, "1": {"layer": 1, "S_matrix": [[1.0, 0.1816522726019813, 0.12875695009420926, 0.08625657197906883, 0.05773113996998333, 0.03432774432311093, 0.025092225518316198, 0.022811126168126406, 0.019173545149023596, 0.01651552471169116], [0.1816522726019813, 1.0, 0.2327805100294461, 0.15294742356594082, 0.10595262880081294, 0.05985344666848376, 0.04040676777812125, 0.0410180889964827, 0.032533863282916915, 0.030412856714362356], [0.12875695009420926, 0.2327805100294461, 1.0, 0.2343281594164504, 0.15209438676781514, 0.0857782494020649, 0.0634022535062287, 0.06042947994715664, 0.04688548195399636, 0.04437369816396409], [0.08625657197906883, 0.15294742356594082, 0.2343281594164504, 1.0, 0.22041524929069184, 0.14543915287859613, 0.09762621416972392, 0.0950790796751091, 0.07450468688110258, 0.06368238396562388], [0.05773113996998333, 0.10595262880081294, 0.15209438676781514, 0.22041524929069184, 1.0, 0.20516021429115544, 0.1403271413960477, 0.12568482211573845, 0.10363593392250861, 0.08955866657366286], [0.03432774432311093, 0.05985344666848376, 0.0857782494020649, 0.14543915287859613, 0.20516021429115544, 1.0, 0.22024652024572525, 0.17849239695696342, 0.14852812730938686, 0.12404731184599384], [0.025092225518316198, 0.04040676777812125, 0.0634022535062287, 0.09762621416972392, 0.1403271413960477, 0.22024652024572525, 1.0, 0.2529820870381204, 0.17746459727767197, 0.14890736267764454], [0.022811126168126406, 0.0410180889964827, 0.06042947994715664, 0.0950790796751091, 0.12568482211573845, 0.17849239695696342, 0.2529820870381204, 1.0, 0.22206735746461478, 0.17893530706720598], [0.019173545149023596, 0.032533863282916915, 0.04688548195399636, 0.07450468688110258, 0.10363593392250861, 0.14852812730938686, 0.17746459727767197, 0.22206735746461478, 1.0, 0.24640278636335347], [0.01651552471169116, 0.030412856714362356, 0.04437369816396409, 0.06368238396562388, 0.08955866657366286, 0.12404731184599384, 0.14890736267764454, 0.17893530706720598, 0.24640278636335347, 1.0]], "mean_cross_task_stability": 0.11588226210925323, "score": "ami"}, "2": {"layer": 2, "S_matrix": [[1.0, 0.028867235288864528, 0.028408449310165573, 0.003792335602596134, 0.002920350160733452, 0.0018186065270884347, 0.002575922716400128, 0.0014810772912088157, 0.0015137667430548786, 0.0013671230081145438], [0.028867235288864528, 1.0, 0.04626938394961478, 0.012277351377227725, 0.005345578282436142, 0.0019941850790730015, 0.0017658764127738392, 0.0030703108855048237, 0.0008801432497427083, 0.0005219979164063154], [0.028408449310165573, 0.04626938394961478, 1.0, 0.041800327601962756, 0.011453673419214166, 0.007943001742391424, 0.0053783709321227596, 0.0041898522377682304, 0.001105721470644432, 0.0013385602931842533], [0.003792335602596134, 0.012277351377227725, 0.041800327601962756, 1.0, 0.06699740078876136, 0.0169376582929553, 0.0027197733373349442, 0.00403359462792159, 0.003804616307534712, 0.0035661126042684215], [0.002920350160733452, 0.005345578282436142, 0.011453673419214166, 0.06699740078876136, 1.0, 0.03957609901709427, 0.0054230484484803125, 0.0034842823456689358, 0.0043799301384525625, 0.00839032273020889], [0.0018186065270884347, 0.0019941850790730015, 0.007943001742391424, 0.0169376582929553, 0.03957609901709427, 1.0, 0.04773044568653475, 0.021166524865349347, 0.009250879386585767, 0.005178727990376542], [0.002575922716400128, 0.0017658764127738392, 0.0053783709321227596, 0.0027197733373349442, 0.0054230484484803125, 0.04773044568653475, 1.0, 0.05541547477596201, 0.005986487475074143, 0.002986918413476618], [0.0014810772912088157, 0.0030703108855048237, 0.0041898522377682304, 0.00403359462792159, 0.0034842823456689358, 0.021166524865349347, 0.05541547477596201, 1.0, 0.030372190457805624, 0.010913485017699712], [0.0015137667430548786, 0.0008801432497427083, 0.001105721470644432, 0.003804616307534712, 0.0043799301384525625, 0.009250879386585767, 0.005986487475074143, 0.030372190457805624, 1.0, 0.07740705643352146], [0.0013671230081145438, 0.0005219979164063154, 0.0013385602931842533, 0.0035661126042684215, 0.00839032273020889, 0.005178727990376542, 0.002986918413476618, 0.010913485017699712, 0.07740705643352146, 1.0]], "mean_cross_task_stability": 0.014306671791985802, "score": "ami"}}}}