{"rung": "R6s", "scenario": "class", "nexp": 10, "epochs": 50, "seed": 4, "metrics": {"Top1_Acc_Exp/eval_phase/test_stream/Task000/Exp000": 0.0, "Top1_Acc_Exp/eval_phase/test_stream/Task000/Exp001": 0.0, "Top1_Acc_Exp/eval_phase/test_stream/Task000/Exp002": 0.0, "Top1_Acc_Exp/eval_phase/test_stream/Task000/Exp003": 0.0, "Top1_Acc_Exp/eval_phase/test_stream/Task000/Exp004": 0.0, "Top1_Acc_Exp/eval_phase/test_stream/Task000/Exp005": 0.0, "Top1_Acc_Exp/eval_phase/test_stream/Task000/Exp006": 0.0, "Top1_Acc_Exp/eval_phase/test_stream/Task000/Exp007": 0.0, "Top1_Acc_Exp/eval_phase/test_stream/Task000/Exp008": 0.0, "Top1_Acc_Exp/eval_phase/test_stream/Task000/Exp009": 0.79, "Top1_Acc_Stream/eval_phase/test_stream/Task000": 0.079, "StreamForgetting/eval_phase/test_stream": 0.7736666666666666, "StreamBWT/eval_phase/test_stream": -0.7736666666666666, "ExperienceForgetting/eval_phase/test_stream/Task000/Exp000": 0.724, "ExperienceBWT/eval_phase/test_stream/Task000/Exp000": -0.724, "ExperienceForgetting/eval_phase/test_stream/Task000/Exp001": 0.787, "ExperienceBWT/eval_phase/test_stream/Task000/Exp001": -0.787, "ExperienceForgetting/eval_phase/test_stream/Task000/Exp002": 0.774, "ExperienceBWT/eval_phase/test_stream/Task000/Exp002": -0.774, "ExperienceForgetting/eval_phase/test_stream/Task000/Exp003": 0.785, "ExperienceBWT/eval_phase/test_stream/Task000/Exp003": -0.785, "ExperienceForgetting/eval_phase/test_stream/Task000/Exp004": 0.842, "ExperienceBWT/eval_phase/test_stream/Task000/Exp004": -0.842, "ExperienceForgetting/eval_phase/test_stream/Task000/Exp005": 0.835, "ExperienceBWT/eval_phase/test_stream/Task000/Exp005": -0.835, "ExperienceForgetting/eval_phase/test_stream/Task000/Exp006": 0.664, "ExperienceBWT/eval_phase/test_stream/Task000/Exp006": -0.664, "ExperienceForgetting/eval_phase/test_stream/Task000/Exp007": 0.798, "ExperienceBWT/eval_phase/test_stream/Task000/Exp007": -0.798, "ExperienceForgetting/eval_phase/test_stream/Task000/Exp008": 0.754, "ExperienceBWT/eval_phase/test_stream/Task000/Exp008": -0.754}, "learning_acc": [0.724, 0.787, 0.774, 0.785, 0.842, 0.835, 0.664, 0.798, 0.754, 0.79], "acc_matrix": [[0.724, 0.0, 0.0, 0.0, 0.0, 0.0, 0.0, 0.0, 0.0, 0.0], [0.0, 0.787, 0.0, 0.0, 0.0, 0.0, 0.0, 0.0, 0.0, 0.0], [0.0, 0.0, 0.774, 0.0, 0.0, 0.0, 0.0, 0.0, 0.0, 0.0], [0.0, 0.0, 0.0, 0.785, 0.0, 0.0, 0.0, 0.0, 0.0, 0.0], [0.0, 0.0, 0.0, 0.0, 0.842, 0.0, 0.0, 0.0, 0.0, 0.0], [0.0, 0.0, 0.0, 0.0, 0.0, 0.835, 0.0, 0.0, 0.0, 0.0], [0.0, 0.0, 0.0, 0.0, 0.0, 0.0, 0.664, 0.0, 0.0, 0.0], [0.0, 0.0, 0.0, 0.0, 0.0, 0.0, 0.0, 0.798, 0.0, 0.0], [0.0, 0.0, 0.0, 0.0, 0.0, 0.0, 0.0, 0.0, 0.754, 0.0], [0.0, 0.0, 0.0, 0.0, 0.0, 0.0, 0.0, 0.0, 0.0, 0.79]], "avg_forgetting": 77.36666666666667, "bwt": -77.36666666666667, "selfcheck_ok": true, "h3": {"overlap_summary": {"matrices": {"0": [[1.0, 0.8993762582675591, 0.869968890414871, 0.8400434283935538, 0.7930489567929156, 0.7635365739417641, 0.7424049058390251, 0.7549442896235611, 0.7559484491388592, 0.7823690431677431], [0.8993762582675591, 1.0, 0.9452993817382173, 0.9002182630281648, 0.8469876414443439, 0.8234777829872174, 0.8060594941543786, 0.8257316526431563, 0.8218588776980177, 0.8317942446366066], [0.869968890414871, 0.9452993817382173, 1.0, 0.9376689424743575, 0.8981648206290984, 0.8789001144981123, 0.8682659572818184, 0.8711051405099297, 0.8721908544861571, 0.8825700176628958], [0.8400434283935538, 0.9002182630281648, 0.9376689424743575, 1.0, 0.9512166171248825, 0.9257994669454574, 0.9047380565577732, 0.9054591321323706, 0.8996237745487864, 0.8883558210489572], [0.7930489567929156, 0.8469876414443439, 0.8981648206290984, 0.9512166171248825, 1.0, 0.9462766754333286, 0.9268997080652326, 0.9073046911726801, 0.8967672056889006, 0.885796052292415], [0.7635365739417641, 0.8234777829872174, 0.8789001144981123, 0.9257994669454574, 0.9462766754333286, 1.0, 0.952560249114729, 0.9342071022573387, 0.9157867550647875, 0.9022338310548982], [0.7424049058390251, 0.8060594941543786, 0.8682659572818184, 0.9047380565577732, 0.9268997080652326, 0.952560249114729, 1.0, 0.9497976653083615, 0.9275917006135646, 0.9121993027036286], [0.7549442896235611, 0.8257316526431563, 0.8711051405099297, 0.9054591321323706, 0.9073046911726801, 0.9342071022573387, 0.9497976653083615, 1.0, 0.9520351112530049, 0.9193083641988307], [0.7559484491388592, 0.8218588776980177, 0.8721908544861571, 0.8996237745487864, 0.8967672056889006, 0.9157867550647875, 0.9275917006135646, 0.9520351112530049, 1.0, 0.9387168057769721], [0.7823690431677431, 0.8317942446366066, 0.8825700176628958, 0.8883558210489572, 0.885796052292415, 0.9022338310548982, 0.9121993027036286, 0.9193083641988307, 0.9387168057769721, 1.0]], "1": [[1.0, 0.48749164364382314, 0.5042494391823821, 0.49777776784267314, 0.4343647769785526, 0.4056198596467546, 0.3741591268100957, 0.46178233188388523, 0.4065590800742056, 0.4012120635743161], [0.48749164364382314, 1.0, 0.5945108266099178, 0.5346240398903652, 0.47501892827996006, 0.4351221312893787, 0.4387910363045093, 0.5056923495471795, 0.4486783953749539, 0.43323965909150547], [0.5042494391823821, 0.5945108266099178, 1.0, 0.6400299292360289, 0.5565735761683855, 0.5108456328510909, 0.5053172201677049, 0.546524193031864, 0.4815067998699067, 0.48147804933253946], [0.49777776784267314, 0.5346240398903652, 0.6400299292360289, 1.0, 0.6575107247493495, 0.5342201959044955, 0.5083946326955276, 0.5179846524801487, 0.49453981322852403, 0.46801164942225165], [0.4343647769785526, 0.47501892827996006, 0.5565735761683855, 0.6575107247493495, 1.0, 0.5955033168528936, 0.5178224921643197, 0.4949553143680879, 0.51217059316985, 0.4743602981053746], [0.4056198596467546, 0.4351221312893787, 0.5108456328510909, 0.5342201959044955, 0.5955033168528936, 1.0, 0.5354372470234371, 0.474309710663572, 0.4872125517775082, 0.4808564199186493], [0.3741591268100957, 0.4387910363045093, 0.5053172201677049, 0.5083946326955276, 0.5178224921643197, 0.5354372470234371, 1.0, 0.6075966798162599, 0.521865027268031, 0.45596193344312136], [0.46178233188388523, 0.5056923495471795, 0.546524193031864, 0.5179846524801487, 0.4949553143680879, 0.474309710663572, 0.6075966798162599, 1.0, 0.6213448555425087, 0.47964904088233046], [0.4065590800742056, 0.4486783953749539, 0.4815067998699067, 0.49453981322852403, 0.51217059316985, 0.4872125517775082, 0.521865027268031, 0.6213448555425087, 1.0, 0.5467261720001871], [0.4012120635743161, 0.43323965909150547, 0.48147804933253946, 0.46801164942225165, 0.4743602981053746, 0.4808564199186493, 0.45596193344312136, 0.47964904088233046, 0.5467261720001871, 1.0]], "2": [[1.0, 0.19978025078375908, 0.2585631406026577, 0.2508165588487533, 0.3228370132231499, 0.21447653540798664, 0.1854486596179048, 0.24934527374752594, 0.20868245274604347, 0.18713353376984176], [0.19978025078375908, 1.0, 0.26089165179491863, 0.30313729565595915, 0.232982391517301, 0.17536484694708818, 0.22521638014986892, 0.2712187262691551, 0.2562301634799591, 0.1755955144647564], [0.2585631406026577, 0.26089165179491863, 1.0, 0.3048871219011082, 0.2625325872986535, 0.21788532138121902, 0.2661945748327552, 0.27232674601340073, 0.19972642390475154, 0.21672026598810276], [0.2508165588487533, 0.30313729565595915, 0.3048871219011082, 1.0, 0.4006769309191241, 0.21211190397143023, 0.2621970368155852, 0.31891984939471296, 0.2978050925910497, 0.19686304276310715], [0.3228370132231499, 0.232982391517301, 0.2625325872986535, 0.4006769309191241, 1.0, 0.3039069553295285, 0.31334129702569524, 0.2914288975157574, 0.31117363368480166, 0.1773208499648299], [0.21447653540798664, 0.17536484694708818, 0.21788532138121902, 0.21211190397143023, 0.3039069553295285, 1.0, 0.22772566149235315, 0.24549276029005368, 0.23149628310251028, 0.21831522101717518], [0.1854486596179048, 0.22521638014986892, 0.2661945748327552, 0.2621970368155852, 0.31334129702569524, 0.22772566149235315, 1.0, 0.3046634921037963, 0.2612095626763395, 0.2114327899982422], [0.24934527374752594, 0.2712187262691551, 0.27232674601340073, 0.31891984939471296, 0.2914288975157574, 0.24549276029005368, 0.3046634921037963, 1.0, 0.3530018385949793, 0.23584583062541747], [0.20868245274604347, 0.2562301634799591, 0.19972642390475154, 0.2978050925910497, 0.31117363368480166, 0.23149628310251028, 0.2612095626763395, 0.3530018385949793, 1.0, 0.2577513325694065], [0.18713353376984176, 0.1755955144647564, 0.21672026598810276, 0.19686304276310715, 0.1773208499648299, 0.21831522101717518, 0.2114327899982422, 0.23584583062541747, 0.2577513325694065, 1.0]]}, "per_layer_inter": {"0": 0.8789912904402049, "1": 0.5010578261812979, "2": 0.252237193173167}, "O_inter": 0.5440954365982232, "O_intra": 1.0, "Obar": 0.5440954365982232, "inner": -0.45590456340177676}, "phase_stability": {"0": {"layer": 0, "S_matrix": [[1.0, 0.731263293685029, 0.5540935267781836, 0.4983723659117097, 0.4681579176634146, 0.4196319190346595, 0.40033874918735707, 0.4013494160297149, 0.32730847224410964, 0.336631575940187], [0.731263293685029, 1.0, 0.6232452161333747, 0.5650828071148374, 0.5399704268526352, 0.4703943991009648, 0.4587018431001309, 0.4646681347706639, 0.35994466739284214, 0.3746478628660762], [0.5540935267781836, 0.6232452161333747, 1.0, 0.7186628201118137, 0.6477997796327667, 0.6080124024453072, 0.5572642405183575, 0.5157501115929115, 0.40555149365597115, 0.43914370644307615], [0.4983723659117097, 0.5650828071148374, 0.7186628201118137, 1.0, 0.7550570832807523, 0.6948547743516851, 0.6612218709323079, 0.5985317339350974, 0.4381260150295017, 0.48323358195556654], [0.4681579176634146, 0.5399704268526352, 0.6477997796327667, 0.7550570832807523, 1.0, 0.7278750732695497, 0.684447706111328, 0.6142644357464131, 0.442217528411377, 0.4891170345684409], [0.4196319190346595, 0.4703943991009648, 0.6080124024453072, 0.6948547743516851, 0.7278750732695497, 1.0, 0.7359040215820801, 0.6333290640190796, 0.46457492094444097, 0.5275448461774985], [0.40033874918735707, 0.4587018431001309, 0.5572642405183575, 0.6612218709323079, 0.684447706111328, 0.7359040215820801, 1.0, 0.7315367476971223, 0.49024975025719264, 0.5664252583986421], [0.4013494160297149, 0.4646681347706639, 0.5157501115929115, 0.5985317339350974, 0.6142644357464131, 0.6333290640190796, 0.7315367476971223, 1.0, 0.4997504964446423, 0.5530495691154901], [0.32730847224410964, 0.35994466739284214, 0.40555149365597115, 0.4381260150295017, 0.442217528411377, 0.46457492094444097, 0.49024975025719264, 0.4997504964446423, 1.0, 0.5344440316644967], [0.336631575940187, 0.3746478628660762, 0.43914370644307615, 0.48323358195556654, 0.4891170345684409, 0.5275448461774985, 0.5664252583986421, 0.5530495691154901, 0.5344440316644967, 1.0]], "mean_cross_task_stability": 0.5380387264910843, "score": "ami"}, "1": {"layer": 1, "S_matrix": [[1.0, 0.14187933810889014, 0.09380040290247614, 0.06974404708501142, 0.04996772891529603, 0.0352570404801786, 0.017652297054331724, 0.019313838031334837, 0.01600953758001138, 0.01015480646817526], [0.14187933810889014, 1.0, 0.2157341641800432, 0.12889088884514122, 0.09875333058509717, 0.07038814463808245, 0.045539628589427436, 0.04984193206702622, 0.04230452688222787, 0.031087193709527745], [0.09380040290247614, 0.2157341641800432, 1.0, 0.22335085262451665, 0.1564539711658628, 0.10987020704494707, 0.06864204478946083, 0.06438509723552048, 0.05637352409152985, 0.044043431885340545], [0.06974404708501142, 0.12889088884514122, 0.22335085262451665, 1.0, 0.2605245372085395, 0.1452737976803678, 0.0858361621896782, 0.0800035520786897, 0.06336950668229836, 0.04491382530286089], [0.04996772891529603, 0.09875333058509717, 0.1564539711658628, 0.2605245372085395, 1.0, 0.17197534638312212, 0.10664566926317297, 0.09484324202999173, 0.07239225773165338, 0.052907447149665096], [0.0352570404801786, 0.07038814463808245, 0.10987020704494707, 0.1452737976803678, 0.17197534638312212, 1.0, 0.18288569757920214, 0.13985358850486695, 0.10879416240552951, 0.08300205556879606], [0.017652297054331724, 0.045539628589427436, 0.06864204478946083, 0.0858361621896782, 0.10664566926317297, 0.18288569757920214, 1.0, 0.21503878802875426, 0.1559429621127299, 0.12169791914851116], [0.019313838031334837, 0.04984193206702622, 0.06438509723552048, 0.0800035520786897, 0.09484324202999173, 0.13985358850486695, 0.21503878802875426, 1.0, 0.27385329033765016, 0.1523962177074471], [0.01600953758001138, 0.04230452688222787, 0.05637352409152985, 0.06336950668229836, 0.07239225773165338, 0.10879416240552951, 0.1559429621127299, 0.27385329033765016, 1.0, 0.23531086185042935], [0.01015480646817526, 0.031087193709527745, 0.044043431885340545, 0.04491382530286089, 0.052907447149665096, 0.08300205556879606, 0.12169791914851116, 0.1523962177074471, 0.23531086185042935, 1.0]], "mean_cross_task_stability": 0.10459775248674252, "score": "ami"}, "2": {"layer": 2, "S_matrix": [[1.0, 0.005034756054735883, 0.0023315164116044186, 0.0035282184532734093, 0.0023567200273476295, 0.001237011221076599, 0.0008845327982319917, 0.0017831498523115117, 0.0009594513768356153, 0.0014002964215273576], [0.005034756054735883, 1.0, 0.039648209789961496, 0.008075400065557773, 0.003916808075145912, 0.001213848365991611, 0.0015583571545999464, 0.001560001839271581, 0.0020810178816223473, 0.0008595214130299193], [0.0023315164116044186, 0.039648209789961496, 1.0, 0.044814913255143474, 0.017534390234811265, 0.006361096556048465, 0.0017379135464231268, 0.003178339141590929, 0.005298209728610467, 0.003152328239194753], [0.0035282184532734093, 0.008075400065557773, 0.044814913255143474, 1.0, 0.06305732868001465, 0.008359826905141178, 0.002427229866595731, 0.008906973511930772, 0.004708780658715679, 0.0022175727644756964], [0.0023567200273476295, 0.003916808075145912, 0.017534390234811265, 0.06305732868001465, 1.0, 0.020975732718315383, 0.005493254535676349, 0.012345581930945997, 0.008391257092255121, 0.002307090999412678], [0.001237011221076599, 0.001213848365991611, 0.006361096556048465, 0.008359826905141178, 0.020975732718315383, 1.0, 0.024904438833103153, 0.012457064918770893, 0.012204727912872929, 0.004712572340593959], [0.0008845327982319917, 0.0015583571545999464, 0.0017379135464231268, 0.002427229866595731, 0.005493254535676349, 0.024904438833103153, 1.0, 0.053956111028381895, 0.011491499834988305, 0.009627714794192405], [0.0017831498523115117, 0.001560001839271581, 0.003178339141590929, 0.008906973511930772, 0.012345581930945997, 0.012457064918770893, 0.053956111028381895, 1.0, 0.04668301372086832, 0.01532503890412998], [0.0009594513768356153, 0.0020810178816223473, 0.005298209728610467, 0.004708780658715679, 0.008391257092255121, 0.012204727912872929, 0.011491499834988305, 0.04668301372086832, 1.0, 0.0522542141039516], [0.0014002964215273576, 0.0008595214130299193, 0.003152328239194753, 0.0022175727644756964, 0.002307090999412678, 0.004712572340593959, 0.009627714794192405, 0.01532503890412998, 0.0522542141039516, 1.0]], "mean_cross_task_stability": 0.012073622976872894, "score": "ami"}}}}