{"rung": "R6s", "scenario": "class", "nexp": 10, "epochs": 50, "seed": 5, "metrics": {"Top1_Acc_Exp/eval_phase/test_stream/Task000/Exp000": 0.0, "Top1_Acc_Exp/eval_phase/test_stream/Task000/Exp001": 0.0, "Top1_Acc_Exp/eval_phase/test_stream/Task000/Exp002": 0.0, "Top1_Acc_Exp/eval_phase/test_stream/Task000/Exp003": 0.0, "Top1_Acc_Exp/eval_phase/test_stream/Task000/Exp004": 0.0, "Top1_Acc_Exp/eval_phase/test_stream/Task000/Exp005": 0.0, "Top1_Acc_Exp/eval_phase/test_stream/Task000/Exp006": 0.0, "Top1_Acc_Exp/eval_phase/test_stream/Task000/Exp007": 0.0, "Top1_Acc_Exp/eval_phase/test_stream/Task000/Exp008": 0.0, "Top1_Acc_Exp/eval_phase/test_stream/Task000/Exp009": 0.857, "Top1_Acc_Stream/eval_phase/test_stream/Task000": 0.0857, "StreamForgetting/eval_phase/test_stream": 0.7892222222222222, "StreamBWT/eval_phase/test_stream": -0.7892222222222222, "ExperienceForgetting/eval_phase/test_stream/Task000/Exp000": 0.698, "ExperienceBWT/eval_phase/test_stream/Task000/Exp000": -0.698, "ExperienceForgetting/eval_phase/test_stream/Task000/Exp001": 0.778, "ExperienceBWT/eval_phase/test_stream/Task000/Exp001": -0.778, "ExperienceForgetting/eval_phase/test_stream/Task000/Exp002": 0.823, "ExperienceBWT/eval_phase/test_stream/Task000/Exp002": -0.823, "ExperienceForgetting/eval_phase/test_stream/Task000/Exp003": 0.694, "ExperienceBWT/eval_phase/test_stream/Task000/Exp003": -0.694, "ExperienceForgetting/eval_phase/test_stream/Task000/Exp004": 0.823, "ExperienceBWT/eval_phase/test_stream/Task000/Exp004": -0.823, "ExperienceForgetting/eval_phase/test_stream/Task000/Exp005": 0.845, "ExperienceBWT/eval_phase/test_stream/Task000/Exp005": -0.845, "ExperienceForgetting/eval_phase/test_stream/Task000/Exp006": 0.818, "ExperienceBWT/eval_phase/test_stream/Task000/Exp006": -0.818, "ExperienceForgetting/eval_phase/test_stream/Task000/Exp007": 0.82, "ExperienceBWT/eval_phase/test_stream/Task000/Exp007": -0.82, "ExperienceForgetting/eval_phase/test_stream/Task000/Exp008": 0.804, "ExperienceBWT/eval_phase/test_stream/Task000/Exp008": -0.804}, "learning_acc": [0.698, 0.778, 0.823, 0.694, 0.823, 0.845, 0.818, 0.82, 0.804, 0.857], "acc_matrix": [[0.698, 0.0, 0.0, 0.0, 0.0, 0.0, 0.0, 0.0, 0.0, 0.0], [0.0, 0.778, 0.0, 0.0, 0.0, 0.0, 0.0, 0.0, 0.0, 0.0], [0.0, 0.0, 0.823, 0.0, 0.0, 0.0, 0.0, 0.0, 0.0, 0.0], [0.0, 0.0, 0.0, 0.694, 0.0, 0.0, 0.0, 0.0, 0.0, 0.0], [0.0, 0.0, 0.0, 0.0, 0.823, 0.0, 0.0, 0.0, 0.0, 0.0], [0.0, 0.0, 0.0, 0.0, 0.0, 0.845, 0.0, 0.0, 0.0, 0.0], [0.0, 0.0, 0.0, 0.0, 0.0, 0.0, 0.818, 0.0, 0.0, 0.0], [0.0, 0.0, 0.0, 0.0, 0.0, 0.0, 0.0, 0.82, 0.0, 0.0], [0.0, 0.0, 0.0, 0.0, 0.0, 0.0, 0.0, 0.0, 0.804, 0.0], [0.0, 0.0, 0.0, 0.0, 0.0, 0.0, 0.0, 0.0, 0.0, 0.857]], "avg_forgetting": 78.92222222222222, "bwt": -78.92222222222222, "selfcheck_ok": true, "h3": {"overlap_summary": {"matrices": {"0": [[1.0, 0.8925041396260591, 0.8059675456559536, 0.7403267285426776, 0.800068988996498, 0.7912133624473607, 0.7868624613543818, 0.765251671730028, 0.7482049150121982, 0.7599796459388276], [0.8925041396260591, 1.0, 0.916827677995523, 0.8516536040745417, 0.8988926321293608, 0.8793430546748822, 0.8559046561685713, 0.8476681369129728, 0.8250469428798523, 0.830034927905621], [0.8059675456559536, 0.916827677995523, 1.0, 0.9196289096204827, 0.9186509457418327, 0.8999256180427577, 0.8968565086669799, 0.8798189787799621, 0.838829174277226, 0.8487276571027594], [0.7403267285426776, 0.8516536040745417, 0.9196289096204827, 1.0, 0.9225063581212398, 0.8987335283797875, 0.8779424161906751, 0.8773886907968271, 0.8537980585801266, 0.8558225336708767], [0.800068988996498, 0.8988926321293608, 0.9186509457418327, 0.9225063581212398, 1.0, 0.9509350545095546, 0.9329063762547469, 0.9268447648309981, 0.8990608395986113, 0.902337427855837], [0.7912133624473607, 0.8793430546748822, 0.8999256180427577, 0.8987335283797875, 0.9509350545095546, 1.0, 0.9498502961137556, 0.9224277936838642, 0.8976672881088024, 0.9009796520891853], [0.7868624613543818, 0.8559046561685713, 0.8968565086669799, 0.8779424161906751, 0.9329063762547469, 0.9498502961137556, 1.0, 0.943840744609692, 0.9064247783815512, 0.9141404140477688], [0.765251671730028, 0.8476681369129728, 0.8798189787799621, 0.8773886907968271, 0.9268447648309981, 0.9224277936838642, 0.943840744609692, 1.0, 0.94654163918714, 0.9282356923540057], [0.7482049150121982, 0.8250469428798523, 0.838829174277226, 0.8537980585801266, 0.8990608395986113, 0.8976672881088024, 0.9064247783815512, 0.94654163918714, 1.0, 0.9522214262245362], [0.7599796459388276, 0.830034927905621, 0.8487276571027594, 0.8558225336708767, 0.902337427855837, 0.9009796520891853, 0.9141404140477688, 0.9282356923540057, 0.9522214262245362, 1.0]], "1": [[1.0, 0.6392335862723967, 0.561264393468357, 0.47706948391500775, 0.5275611737582571, 0.4892980343831776, 0.487975701690821, 0.43338412412868216, 0.4423239739022696, 0.446436633831368], [0.6392335862723967, 1.0, 0.6447310918517856, 0.5566668681864259, 0.5627481639915601, 0.5267748808080949, 0.516076795288663, 0.4469526152162244, 0.4550690103959929, 0.4697235362789297], [0.561264393468357, 0.6447310918517856, 1.0, 0.5412289687266448, 0.5445219023779432, 0.4957790593123713, 0.5416121817850468, 0.46677086055873523, 0.5031478428060799, 0.46732251505038025], [0.47706948391500775, 0.5566668681864259, 0.5412289687266448, 1.0, 0.6670217069506635, 0.5537095136198201, 0.5433863762126019, 0.44762713468022414, 0.43810429128197187, 0.4412849368790126], [0.5275611737582571, 0.5627481639915601, 0.5445219023779432, 0.6670217069506635, 1.0, 0.6496713805446209, 0.5745166672173422, 0.47437808452205765, 0.4494705406668996, 0.4837448730916855], [0.4892980343831776, 0.5267748808080949, 0.4957790593123713, 0.5537095136198201, 0.6496713805446209, 1.0, 0.6512132734820807, 0.4884282643852182, 0.46327773217233353, 0.49805340276155396], [0.487975701690821, 0.516076795288663, 0.5416121817850468, 0.5433863762126019, 0.5745166672173422, 0.6512132734820807, 1.0, 0.5485049953445745, 0.5022724384571541, 0.49836721682959556], [0.43338412412868216, 0.4469526152162244, 0.46677086055873523, 0.44762713468022414, 0.47437808452205765, 0.4884282643852182, 0.5485049953445745, 1.0, 0.6111036147634239, 0.5481481959245847], [0.4423239739022696, 0.4550690103959929, 0.5031478428060799, 0.43810429128197187, 0.4494705406668996, 0.46327773217233353, 0.5022724384571541, 0.6111036147634239, 1.0, 0.5822520816823553], [0.446436633831368, 0.4697235362789297, 0.46732251505038025, 0.4412849368790126, 0.4837448730916855, 0.49805340276155396, 0.49836721682959556, 0.5481481959245847, 0.5822520816823553, 1.0]], "2": [[1.0, 0.32091957678394967, 0.25967353927744596, 0.21887987926496272, 0.27799046776622954, 0.29155400280276295, 0.3191152633141233, 0.22874028158911489, 0.19958954180201818, 0.26757189347615146], [0.32091957678394967, 1.0, 0.23095910142518547, 0.24900023183459497, 0.28230981186914295, 0.28165545658084007, 0.24978580739239417, 0.24818138945487167, 0.20249660554430854, 0.22203328173691048], [0.25967353927744596, 0.23095910142518547, 1.0, 0.18577157552949464, 0.2370551732006435, 0.24332836760311874, 0.361016287592491, 0.27888184661934184, 0.2513316922449214, 0.23700418344860538], [0.21887987926496272, 0.24900023183459497, 0.18577157552949464, 1.0, 0.22315284744543704, 0.2334461868203166, 0.23871177289247705, 0.24158446916521373, 0.22859361025749064, 0.22960567410644667], [0.27799046776622954, 0.28230981186914295, 0.2370551732006435, 0.22315284744543704, 1.0, 0.34479771147344623, 0.26173668267185396, 0.2454877675931205, 0.21775177942888438, 0.27201676325351914], [0.29155400280276295, 0.28165545658084007, 0.24332836760311874, 0.2334461868203166, 0.34479771147344623, 1.0, 0.34168690998820045, 0.28830494688428093, 0.27291292443691373, 0.29341819834919847], [0.3191152633141233, 0.24978580739239417, 0.361016287592491, 0.23871177289247705, 0.26173668267185396, 0.34168690998820045, 1.0, 0.3136130538624978, 0.24177884015943038, 0.2728559610844712], [0.22874028158911489, 0.24818138945487167, 0.27888184661934184, 0.24158446916521373, 0.2454877675931205, 0.28830494688428093, 0.3136130538624978, 1.0, 0.28870956500391176, 0.2489257333662363], [0.19958954180201818, 0.20249660554430854, 0.2513316922449214, 0.22859361025749064, 0.21775177942888438, 0.27291292443691373, 0.24177884015943038, 0.28870956500391176, 1.0, 0.2719158531267213], [0.26757189347615146, 0.22203328173691048, 0.23700418344860538, 0.22960567410644667, 0.27201676325351914, 0.29341819834919847, 0.2728559610844712, 0.2489257333662363, 0.2719158531267213, 1.0]]}, "per_layer_inter": {"0": 0.874639881285931, "1": 0.5190713359878886, "2": 0.26035227798941535}, "O_inter": 0.5513544984210783, "O_intra": 1.0, "Obar": 0.5513544984210783, "inner": -0.4486455015789217}, "phase_stability": {"0": {"layer": 0, "S_matrix": [[1.0, 0.557423176105656, 0.5018872046756647, 0.4433953855135767, 0.37925414763516574, 0.367131619287107, 0.3579718245248907, 0.31655414155761763, 0.3060095798061132, 0.3181982280245404], [0.557423176105656, 1.0, 0.6895533187356058, 0.5463846416350541, 0.5287286311026149, 0.46511626215545354, 0.4737118699097063, 0.4083340950291666, 0.3851589116202758, 0.40992657492885637], [0.5018872046756647, 0.6895533187356058, 1.0, 0.6614076038592721, 0.615238831382596, 0.5691691703181933, 0.5648615574967656, 0.47879100741653075, 0.4485022309451774, 0.4942997362503498], [0.4433953855135767, 0.5463846416350541, 0.6614076038592721, 1.0, 0.6506585304277486, 0.6767087749697209, 0.6276339294610587, 0.5495346521273134, 0.5272582000514099, 0.5785816377501221], [0.37925414763516574, 0.5287286311026149, 0.615238831382596, 0.6506585304277486, 1.0, 0.6282544944463236, 0.6630805095520982, 0.5638667793042917, 0.5270928454486288, 0.5783229653961437], [0.367131619287107, 0.46511626215545354, 0.5691691703181933, 0.6767087749697209, 0.6282544944463236, 1.0, 0.693945486656979, 0.603854001420415, 0.5775199389522601, 0.6089211780696304], [0.3579718245248907, 0.4737118699097063, 0.5648615574967656, 0.6276339294610587, 0.6630805095520982, 0.693945486656979, 1.0, 0.6489298922908642, 0.594314067670312, 0.672038251055094], [0.31655414155761763, 0.4083340950291666, 0.47879100741653075, 0.5495346521273134, 0.5638667793042917, 0.603854001420415, 0.6489298922908642, 1.0, 0.7323357952615877, 0.7023449283895273], [0.3060095798061132, 0.3851589116202758, 0.4485022309451774, 0.5272582000514099, 0.5270928454486288, 0.5775199389522601, 0.594314067670312, 0.7323357952615877, 1.0, 0.6808374106095332], [0.3181982280245404, 0.40992657492885637, 0.4942997362503498, 0.5785816377501221, 0.5783229653961437, 0.6089211780696304, 0.672038251055094, 0.7023449283895273, 0.6808374106095332, 1.0]], "mean_cross_task_stability": 0.5416232004272671, "score": "ami"}, "1": {"layer": 1, "S_matrix": [[1.0, 0.18927378742568915, 0.1083136258404755, 0.059625822332056204, 0.07000898945128746, 0.05440177029233445, 0.04696053548039697, 0.026484778802583236, 0.01859553918047199, 0.022352581963704633], [0.18927378742568915, 1.0, 0.20432757590915926, 0.12636568595773615, 0.12225996063911915, 0.09052844965538538, 0.07815114018988577, 0.050069083157477545, 0.03923014934569885, 0.03827897943193426], [0.1083136258404755, 0.20432757590915926, 1.0, 0.20312480816339296, 0.16926682112065644, 0.12756312188517854, 0.10405940666253742, 0.0710929181681458, 0.05740931065123089, 0.053027060579555536], [0.059625822332056204, 0.12636568595773615, 0.20312480816339296, 1.0, 0.23431268024970955, 0.16343532992117932, 0.14336916517769382, 0.09093804787608906, 0.08059546415270591, 0.07245188685522519], [0.07000898945128746, 0.12225996063911915, 0.16926682112065644, 0.23431268024970955, 1.0, 0.26231391488412803, 0.1884325378439625, 0.12353679751146986, 0.09531756070796044, 0.09519022788260434], [0.05440177029233445, 0.09052844965538538, 0.12756312188517854, 0.16343532992117932, 0.26231391488412803, 1.0, 0.254974656575701, 0.1429859386027152, 0.10748403778143661, 0.1066925505773297], [0.04696053548039697, 0.07815114018988577, 0.10405940666253742, 0.14336916517769382, 0.1884325378439625, 0.254974656575701, 1.0, 0.21688556091122804, 0.14986266908000717, 0.1297068587712591], [0.026484778802583236, 0.050069083157477545, 0.0710929181681458, 0.09093804787608906, 0.12353679751146986, 0.1429859386027152, 0.21688556091122804, 1.0, 0.2594487324415259, 0.1817728088798112], [0.01859553918047199, 0.03923014934569885, 0.05740931065123089, 0.08059546415270591, 0.09531756070796044, 0.10748403778143661, 0.14986266908000717, 0.2594487324415259, 1.0, 0.24254113102565839], [0.022352581963704633, 0.03827897943193426, 0.053027060579555536, 0.07245188685522519, 0.09519022788260434, 0.1066925505773297, 0.1297068587712591, 0.1817728088798112, 0.24254113102565839, 1.0]], "mean_cross_task_stability": 0.12162267688878876, "score": "ami"}, "2": {"layer": 2, "S_matrix": [[1.0, 0.046839853777048975, 0.025745999681167864, 0.007125689643965769, 0.0012835364058881628, 0.0024843071984578156, 0.0023955794412450836, 0.0024677297086861416, 0.0018572411191286888, 0.0011428517263459745], [0.046839853777048975, 1.0, 0.056391682490363935, 0.012916967263565324, 0.008083127434200314, 0.005966795919574386, 0.0044604763246441, 0.002802933559239133, 0.0011686032211933662, 0.0009527456619645379], [0.025745999681167864, 0.056391682490363935, 1.0, 0.034810266307580995, 0.00934656224127045, 0.0040848212031910375, 0.006868953779929521, 0.005283006820989332, 0.002291716266519029, 0.001291137687328105], [0.007125689643965769, 0.012916967263565324, 0.034810266307580995, 1.0, 0.0440120563993729, 0.008824505124975889, 0.005503221372916913, 0.003454972644910117, 0.005347024567568747, 0.004517328956256766], [0.0012835364058881628, 0.008083127434200314, 0.00934656224127045, 0.0440120563993729, 1.0, 0.0477307505846866, 0.03002221853729427, 0.006323925375882086, 0.007614731842248236, 0.006809365263093142], [0.0024843071984578156, 0.005966795919574386, 0.0040848212031910375, 0.008824505124975889, 0.0477307505846866, 1.0, 0.07868484428440606, 0.02058321780524434, 0.010429916849732969, 0.004977668368485379], [0.0023955794412450836, 0.0044604763246441, 0.006868953779929521, 0.005503221372916913, 0.03002221853729427, 0.07868484428440606, 1.0, 0.04049023380592397, 0.01340534852711027, 0.008113165398368235], [0.0024677297086861416, 0.002802933559239133, 0.005283006820989332, 0.003454972644910117, 0.006323925375882086, 0.02058321780524434, 0.04049023380592397, 1.0, 0.05626141119466503, 0.01942858548420341], [0.0018572411191286888, 0.0011686032211933662, 0.002291716266519029, 0.005347024567568747, 0.007614731842248236, 0.010429916849732969, 0.01340534852711027, 0.05626141119466503, 1.0, 0.08695320587931231], [0.0011428517263459745, 0.0009527456619645379, 0.001291137687328105, 0.004517328956256766, 0.006809365263093142, 0.004977668368485379, 0.008113165398368235, 0.01942858548420341, 0.08695320587931231, 1.0]], "mean_cross_task_stability": 0.016834450736669906, "score": "ami"}}}}