{"rung": "R6s", "scenario": "class", "nexp": 10, "epochs": 50, "seed": 6, "metrics": {"Top1_Acc_Exp/eval_phase/test_stream/Task000/Exp000": 0.0, "Top1_Acc_Exp/eval_phase/test_stream/Task000/Exp001": 0.0, "Top1_Acc_Exp/eval_phase/test_stream/Task000/Exp002": 0.0, "Top1_Acc_Exp/eval_phase/test_stream/Task000/Exp003": 0.0, "Top1_Acc_Exp/eval_phase/test_stream/Task000/Exp004": 0.0, "Top1_Acc_Exp/eval_phase/test_stream/Task000/Exp005": 0.0, "Top1_Acc_Exp/eval_phase/test_stream/Task000/Exp006": 0.0, "Top1_Acc_Exp/eval_phase/test_stream/Task000/Exp007": 0.0, "Top1_Acc_Exp/eval_phase/test_stream/Task000/Exp008": 0.0, "Top1_Acc_Exp/eval_phase/test_stream/Task000/Exp009": 0.832, "Top1_Acc_Stream/eval_phase/test_stream/Task000": 0.0832, "StreamForgetting/eval_phase/test_stream": 0.7708888888888888, "StreamBWT/eval_phase/test_stream": -0.7708888888888888, "ExperienceForgetting/eval_phase/test_stream/Task000/Exp000": 0.723, "ExperienceBWT/eval_phase/test_stream/Task000/Exp000": -0.723, "ExperienceForgetting/eval_phase/test_stream/Task000/Exp001": 0.772, "ExperienceBWT/eval_phase/test_stream/Task000/Exp001": -0.772, "ExperienceForgetting/eval_phase/test_stream/Task000/Exp002": 0.736, "ExperienceBWT/eval_phase/test_stream/Task000/Exp002": -0.736, "ExperienceForgetting/eval_phase/test_stream/Task000/Exp003": 0.724, "ExperienceBWT/eval_phase/test_stream/Task000/Exp003": -0.724, "ExperienceForgetting/eval_phase/test_stream/Task000/Exp004": 0.834, "ExperienceBWT/eval_phase/test_stream/Task000/Exp004": -0.834, "ExperienceForgetting/eval_phase/test_stream/Task000/Exp005": 0.831, "ExperienceBWT/eval_phase/test_stream/Task000/Exp005": -0.831, "ExperienceForgetting/eval_phase/test_stream/Task000/Exp006": 0.702, "ExperienceBWT/eval_phase/test_stream/Task000/Exp006": -0.702, "ExperienceForgetting/eval_phase/test_stream/Task000/Exp007": 0.784, "ExperienceBWT/eval_phase/test_stream/Task000/Exp007": -0.784, "ExperienceForgetting/eval_phase/test_stream/Task000/Exp008": 0.832, "ExperienceBWT/eval_phase/test_stream/Task000/Exp008": -0.832}, "learning_acc": [0.723, 0.772, 0.736, 0.724, 0.834, 0.831, 0.702, 0.784, 0.832, 0.832], "acc_matrix": [[0.723, 0.0, 0.0, 0.0, 0.0, 0.0, 0.0, 0.0, 0.0, 0.0], [0.0, 0.772, 0.0, 0.0, 0.0, 0.0, 0.0, 0.0, 0.0, 0.0], [0.0, 0.0, 0.736, 0.0, 0.0, 0.0, 0.0, 0.0, 0.0, 0.0], [0.0, 0.0, 0.0, 0.724, 0.0, 0.0, 0.0, 0.0, 0.0, 0.0], [0.0, 0.0, 0.0, 0.0, 0.834, 0.0, 0.0, 0.0, 0.0, 0.0], [0.0, 0.0, 0.0, 0.0, 0.0, 0.831, 0.0, 0.0, 0.0, 0.0], [0.0, 0.0, 0.0, 0.0, 0.0, 0.0, 0.702, 0.0, 0.0, 0.0], [0.0, 0.0, 0.0, 0.0, 0.0, 0.0, 0.0, 0.784, 0.0, 0.0], [0.0, 0.0, 0.0, 0.0, 0.0, 0.0, 0.0, 0.0, 0.832, 0.0], [0.0, 0.0, 0.0, 0.0, 0.0, 0.0, 0.0, 0.0, 0.0, 0.832]], "avg_forgetting": 77.08888888888889, "bwt": -77.08888888888889, "selfcheck_ok": true, "h3": {"overlap_summary": {"matrices": {"0": [[1.0, 0.8809234342391506, 0.8564929569842111, 0.8117889313632894, 0.7240413101287306, 0.7127551065250259, 0.7518096852000934, 0.7362606852355118, 0.705207970956381, 0.6669453059267941], [0.8809234342391506, 1.0, 0.9271353788181225, 0.9122179413517743, 0.8572049512417274, 0.8457078214459959, 0.8615925573572317, 0.8401774655539845, 0.8133633969123362, 0.8022724754715749], [0.8564929569842111, 0.9271353788181225, 1.0, 0.9482733365600723, 0.8783955396728516, 0.8659697335338973, 0.8853378129499553, 0.8729892102924018, 0.8501893244835071, 0.8296123959196794], [0.8117889313632894, 0.9122179413517743, 0.9482733365600723, 1.0, 0.9312983390838477, 0.9120514905184404, 0.922148920951237, 0.906161811497555, 0.8793709370562449, 0.8692186694899522], [0.7240413101287306, 0.8572049512417274, 0.8783955396728516, 0.9312983390838477, 1.0, 0.9609933275293736, 0.9379063785613162, 0.924210431807934, 0.9017678366489594, 0.896510007807466], [0.7127551065250259, 0.8457078214459959, 0.8659697335338973, 0.9120514905184404, 0.9609933275293736, 1.0, 0.9575699206128315, 0.9314243604814924, 0.9119576963989259, 0.9064508711888214], [0.7518096852000934, 0.8615925573572317, 0.8853378129499553, 0.922148920951237, 0.9379063785613162, 0.9575699206128315, 1.0, 0.9553005460191214, 0.9215042440175902, 0.9023610979976413], [0.7362606852355118, 0.8401774655539845, 0.8729892102924018, 0.906161811497555, 0.924210431807934, 0.9314243604814924, 0.9553005460191214, 1.0, 0.9448385320901621, 0.9250664676632121], [0.705207970956381, 0.8133633969123362, 0.8501893244835071, 0.8793709370562449, 0.9017678366489594, 0.9119576963989259, 0.9215042440175902, 0.9448385320901621, 1.0, 0.944425066794196], [0.6669453059267941, 0.8022724754715749, 0.8296123959196794, 0.8692186694899522, 0.896510007807466, 0.9064508711888214, 0.9023610979976413, 0.9250664676632121, 0.944425066794196, 1.0]], "1": [[1.0, 0.5748321044447761, 0.4997477956436022, 0.4739080672721486, 0.43682654071543503, 0.4650205577214346, 0.394630947000487, 0.3890041120819525, 0.42222706801704396, 0.40139231759886973], [0.5748321044447761, 1.0, 0.6227560309256557, 0.5844294185099548, 0.5393944276590781, 0.5342439100031009, 0.45951729987370454, 0.4729035986106258, 0.4813627523835707, 0.4467769880129255], [0.4997477956436022, 0.6227560309256557, 1.0, 0.6332671925253934, 0.5318973830192981, 0.5479772079165336, 0.4832529776025359, 0.530549923072119, 0.5013353919089996, 0.4442552122092731], [0.4739080672721486, 0.5844294185099548, 0.6332671925253934, 1.0, 0.6076961444842175, 0.575270450187699, 0.5253685189689723, 0.5356030002037041, 0.5597766424312353, 0.4472452573145782], [0.43682654071543503, 0.5393944276590781, 0.5318973830192981, 0.6076961444842175, 1.0, 0.5790533455341345, 0.4903282992621662, 0.5035852878219573, 0.4969558661721881, 0.47525962811275524], [0.4650205577214346, 0.5342439100031009, 0.5479772079165336, 0.575270450187699, 0.5790533455341345, 1.0, 0.5880145990551854, 0.5683330089173667, 0.5802206580919415, 0.4797254324017204], [0.394630947000487, 0.45951729987370454, 0.4832529776025359, 0.5253685189689723, 0.4903282992621662, 0.5880145990551854, 1.0, 0.5776742414641658, 0.5450577092957243, 0.45373758221511956], [0.3890041120819525, 0.4729035986106258, 0.530549923072119, 0.5356030002037041, 0.5035852878219573, 0.5683330089173667, 0.5776742414641658, 1.0, 0.5971053774903132, 0.5137129870922023], [0.42222706801704396, 0.4813627523835707, 0.5013353919089996, 0.5597766424312353, 0.4969558661721881, 0.5802206580919415, 0.5450577092957243, 0.5971053774903132, 1.0, 0.500573403636143], [0.40139231759886973, 0.4467769880129255, 0.4442552122092731, 0.4472452573145782, 0.47525962811275524, 0.4797254324017204, 0.45373758221511956, 0.5137129870922023, 0.500573403636143, 1.0]], "2": [[1.0, 0.36854960779043994, 0.20270153106447078, 0.17793174390427838, 0.20428327596053344, 0.33096972433304683, 0.27066819872138187, 0.2268397096802805, 0.23176001919678876, 0.2539173746608882], [0.36854960779043994, 1.0, 0.2508125402479724, 0.30372597075246877, 0.3404861214557225, 0.3183911186525878, 0.260854681707615, 0.3041758830543032, 0.26749138484554175, 0.2555788609070538], [0.20270153106447078, 0.2508125402479724, 1.0, 0.24600465844391733, 0.2005428613619069, 0.19768746152600358, 0.16849086965039642, 0.2522184866831192, 0.19213556431954887, 0.2481998661699666], [0.17793174390427838, 0.30372597075246877, 0.24600465844391733, 1.0, 0.29480905708749605, 0.2648536882565869, 0.23440527136322936, 0.22877806115843463, 0.2920330082567775, 0.18657533741879562], [0.20428327596053344, 0.3404861214557225, 0.2005428613619069, 0.29480905708749605, 1.0, 0.2997657136088649, 0.165451645377741, 0.26692654083072814, 0.20317609490230315, 0.23582330544644076], [0.33096972433304683, 0.3183911186525878, 0.19768746152600358, 0.2648536882565869, 0.2997657136088649, 1.0, 0.3151351992075145, 0.23874257719449704, 0.2962331889421238, 0.28611286766093025], [0.27066819872138187, 0.260854681707615, 0.16849086965039642, 0.23440527136322936, 0.165451645377741, 0.3151351992075145, 1.0, 0.2245347269015705, 0.22142228456558075, 0.21168517701099468], [0.2268397096802805, 0.3041758830543032, 0.2522184866831192, 0.22877806115843463, 0.26692654083072814, 0.23874257719449704, 0.2245347269015705, 1.0, 0.2776131006137975, 0.2903629424741907], [0.23176001919678876, 0.26749138484554175, 0.19213556431954887, 0.2920330082567775, 0.20317609490230315, 0.2962331889421238, 0.22142228456558075, 0.2776131006137975, 1.0, 0.21154109700225301], [0.2539173746608882, 0.2555788609070538, 0.2481998661699666, 0.18657533741879562, 0.23582330544644076, 0.28611286766093025, 0.21168517701099468, 0.2903629424741907, 0.21154109700225301, 1.0]]}, "per_layer_inter": {"0": 0.8706489262742362, "1": 0.5127068147751557, "2": 0.2515644088971352}, "O_inter": 0.544973383315509, "O_intra": 1.0, "Obar": 0.544973383315509, "inner": -0.45502661668449096}, "phase_stability": {"0": {"layer": 0, "S_matrix": [[1.0, 0.596126883817989, 0.476135957455798, 0.46637940589866816, 0.4083673691613808, 0.3860733216008906, 0.37064479226434804, 0.35847939879916313, 0.3371381144598313, 0.3209105782392983], [0.596126883817989, 1.0, 0.6012350496143206, 0.6585561934176548, 0.47265157258284046, 0.4770532839999586, 0.4361736406974049, 0.47133384811037415, 0.45374018405884353, 0.43487015467149787], [0.476135957455798, 0.6012350496143206, 1.0, 0.6157322825705057, 0.5241741534440789, 0.5462448237441393, 0.509715144334004, 0.544755237815605, 0.49892329384555295, 0.4364574314732957], [0.46637940589866816, 0.6585561934176548, 0.6157322825705057, 1.0, 0.5339079961472551, 0.5432809504232337, 0.5094368210452634, 0.5748243080059883, 0.5640487016271152, 0.5399905062413392], [0.4083673691613808, 0.47265157258284046, 0.5241741534440789, 0.5339079961472551, 1.0, 0.6707761465125467, 0.6159568265617799, 0.48824055485513695, 0.45164989199879846, 0.4369351671765435], [0.3860733216008906, 0.4770532839999586, 0.5462448237441393, 0.5432809504232337, 0.6707761465125467, 1.0, 0.6567956319551249, 0.5540873118844462, 0.5102155672965104, 0.4869505097323829], [0.37064479226434804, 0.4361736406974049, 0.509715144334004, 0.5094368210452634, 0.6159568265617799, 0.6567956319551249, 1.0, 0.5954129539359065, 0.5440086669365103, 0.4969044801112238], [0.35847939879916313, 0.47133384811037415, 0.544755237815605, 0.5748243080059883, 0.48824055485513695, 0.5540873118844462, 0.5954129539359065, 1.0, 0.7222180700580134, 0.6221607267280087], [0.3371381144598313, 0.45374018405884353, 0.49892329384555295, 0.5640487016271152, 0.45164989199879846, 0.5102155672965104, 0.5440086669365103, 0.7222180700580134, 1.0, 0.6606844491930685], [0.3209105782392983, 0.43487015467149787, 0.4364574314732957, 0.5399905062413392, 0.4369351671765435, 0.4869505097323829, 0.4969044801112238, 0.6221607267280087, 0.6606844491930685, 1.0]], "mean_cross_task_stability": 0.5151190745445252, "score": "ami"}, "1": {"layer": 1, "S_matrix": [[1.0, 0.15314741771949458, 0.10005369071590137, 0.07334800869737271, 0.03193077140962061, 0.022421031412709933, 0.030513198662876675, 0.02108283817000158, 0.015229260834196966, 0.015903376568715117], [0.15314741771949458, 1.0, 0.21812089033826856, 0.1577869097056542, 0.07911650790842432, 0.06613968922682673, 0.062079351491491186, 0.046430357692694144, 0.04011540111432131, 0.03305717377069882], [0.10005369071590137, 0.21812089033826856, 1.0, 0.22180758909654558, 0.11345059924188808, 0.09147467131212886, 0.08055930141372639, 0.06591906206890764, 0.05242902780774367, 0.04336118391304281], [0.07334800869737271, 0.1577869097056542, 0.22180758909654558, 1.0, 0.1884752495237625, 0.12774889650084345, 0.11664549015404133, 0.090910760555396, 0.0709860619728963, 0.06041772627588444], [0.03193077140962061, 0.07911650790842432, 0.11345059924188808, 0.1884752495237625, 1.0, 0.19382781534928245, 0.15131708224575632, 0.11989610225461901, 0.08885331369100072, 0.0797468471724629], [0.022421031412709933, 0.06613968922682673, 0.09147467131212886, 0.12774889650084345, 0.19382781534928245, 1.0, 0.20606781889280598, 0.15239896904499117, 0.13937827459427693, 0.10485489867974648], [0.030513198662876675, 0.062079351491491186, 0.08055930141372639, 0.11664549015404133, 0.15131708224575632, 0.20606781889280598, 1.0, 0.23003111514882987, 0.13734755645839128, 0.12238136208774827], [0.02108283817000158, 0.046430357692694144, 0.06591906206890764, 0.090910760555396, 0.11989610225461901, 0.15239896904499117, 0.23003111514882987, 1.0, 0.21352876329383816, 0.1680834204775341], [0.015229260834196966, 0.04011540111432131, 0.05242902780774367, 0.0709860619728963, 0.08885331369100072, 0.13937827459427693, 0.13734755645839128, 0.21352876329383816, 1.0, 0.21983894053604783], [0.015903376568715117, 0.03305717377069882, 0.04336118391304281, 0.06041772627588444, 0.0797468471724629, 0.10485489867974648, 0.12238136208774827, 0.1680834204775341, 0.21983894053604783, 1.0]], "mean_cross_task_stability": 0.10707141722674236, "score": "ami"}, "2": {"layer": 2, "S_matrix": [[1.0, 0.03844740859151416, 0.00941453131368256, 0.004498085494218232, 0.0010789582771050174, 0.0014420021483213248, 0.0017564243592895358, 0.001387434303492912, 0.0013414335283230766, 0.0010750146746433622], [0.03844740859151416, 1.0, 0.049871454620644864, 0.01365425958898713, 0.004700234222728544, 0.001861530892139657, 0.000818553121689943, 0.0008475453276680944, 0.0005065685927690509, 0.0010464068012247247], [0.00941453131368256, 0.049871454620644864, 1.0, 0.048167192206505796, 0.010439518909632406, 0.005500751898492121, 0.001934864071864576, 0.002392614258200319, 0.0006842704692271853, 0.0007357000391155328], [0.004498085494218232, 0.01365425958898713, 0.048167192206505796, 1.0, 0.035405941704679304, 0.017702896504656968, 0.008784809539543203, 0.005144705901633042, 0.0013350814188562532, 0.0016115974247262778], [0.0010789582771050174, 0.004700234222728544, 0.010439518909632406, 0.035405941704679304, 1.0, 0.0346932145680392, 0.008960331121295675, 0.0043544454808662775, 0.004742365117106073, 0.007729085700404618], [0.0014420021483213248, 0.001861530892139657, 0.005500751898492121, 0.017702896504656968, 0.0346932145680392, 1.0, 0.046796338237766286, 0.02308159632750246, 0.011269055261748527, 0.008030686808757936], [0.0017564243592895358, 0.000818553121689943, 0.001934864071864576, 0.008784809539543203, 0.008960331121295675, 0.046796338237766286, 1.0, 0.0797438104117624, 0.00889135871898776, 0.007942800528509483], [0.001387434303492912, 0.0008475453276680944, 0.002392614258200319, 0.005144705901633042, 0.0043544454808662775, 0.02308159632750246, 0.0797438104117624, 1.0, 0.03565820311368127, 0.017808469500021327], [0.0013414335283230766, 0.0005065685927690509, 0.0006842704692271853, 0.0013350814188562532, 0.004742365117106073, 0.011269055261748527, 0.00889135871898776, 0.03565820311368127, 1.0, 0.05209186429314518], [0.0010750146746433622, 0.0010464068012247247, 0.0007357000391155328, 0.0016115974247262778, 0.007729085700404618, 0.008030686808757936, 0.007942800528509483, 0.017808469500021327, 0.05209186429314518, 1.0]], "mean_cross_task_stability": 0.013897364786559325, "score": "ami"}}}}