{"rung": "R6s", "scenario": "class", "nexp": 10, "epochs": 50, "seed": 0, "metrics": {"Top1_Acc_Exp/eval_phase/test_stream/Task000/Exp000": 0.0, "Top1_Acc_Exp/eval_phase/test_stream/Task000/Exp001": 0.0, "Top1_Acc_Exp/eval_phase/test_stream/Task000/Exp002": 0.0, "Top1_Acc_Exp/eval_phase/test_stream/Task000/Exp003": 0.0, "Top1_Acc_Exp/eval_phase/test_stream/Task000/Exp004": 0.0, "Top1_Acc_Exp/eval_phase/test_stream/Task000/Exp005": 0.0, "Top1_Acc_Exp/eval_phase/test_stream/Task000/Exp006": 0.0, "Top1_Acc_Exp/eval_phase/test_stream/Task000/Exp007": 0.0, "Top1_Acc_Exp/eval_phase/test_stream/Task000/Exp008": 0.0, "Top1_Acc_Exp/eval_phase/test_stream/Task000/Exp009": 0.807, "Top1_Acc_Stream/eval_phase/test_stream/Task000": 0.0807, "StreamForgetting/eval_phase/test_stream": 0.7764444444444445, "StreamBWT/eval_phase/test_stream": -0.7764444444444445, "ExperienceForgetting/eval_phase/test_stream/Task000/Exp000": 0.719, "ExperienceBWT/eval_phase/test_stream/Task000/Exp000": -0.719, "ExperienceForgetting/eval_phase/test_stream/Task000/Exp001": 0.766, "ExperienceBWT/eval_phase/test_stream/Task000/Exp001": -0.766, "ExperienceForgetting/eval_phase/test_stream/Task000/Exp002": 0.775, "ExperienceBWT/eval_phase/test_stream/Task000/Exp002": -0.775, "ExperienceForgetting/eval_phase/test_stream/Task000/Exp003": 0.716, "ExperienceBWT/eval_phase/test_stream/Task000/Exp003": -0.716, "ExperienceForgetting/eval_phase/test_stream/Task000/Exp004": 0.829, "ExperienceBWT/eval_phase/test_stream/Task000/Exp004": -0.829, "ExperienceForgetting/eval_phase/test_stream/Task000/Exp005": 0.784, "ExperienceBWT/eval_phase/test_stream/Task000/Exp005": -0.784, "ExperienceForgetting/eval_phase/test_stream/Task000/Exp006": 0.791, "ExperienceBWT/eval_phase/test_stream/Task000/Exp006": -0.791, "ExperienceForgetting/eval_phase/test_stream/Task000/Exp007": 0.738, "ExperienceBWT/eval_phase/test_stream/Task000/Exp007": -0.738, "ExperienceForgetting/eval_phase/test_stream/Task000/Exp008": 0.87, "ExperienceBWT/eval_phase/test_stream/Task000/Exp008": -0.87}, "learning_acc": [0.719, 0.766, 0.775, 0.716, 0.829, 0.784, 0.791, 0.738, 0.87, 0.807], "acc_matrix": [[0.719, 0.0, 0.0, 0.0, 0.0, 0.0, 0.0, 0.0, 0.0, 0.0], [0.0, 0.766, 0.0, 0.0, 0.0, 0.0, 0.0, 0.0, 0.0, 0.0], [0.0, 0.0, 0.775, 0.0, 0.0, 0.0, 0.0, 0.0, 0.0, 0.0], [0.0, 0.0, 0.0, 0.716, 0.0, 0.0, 0.0, 0.0, 0.0, 0.0], [0.0, 0.0, 0.0, 0.0, 0.829, 0.0, 0.0, 0.0, 0.0, 0.0], [0.0, 0.0, 0.0, 0.0, 0.0, 0.784, 0.0, 0.0, 0.0, 0.0], [0.0, 0.0, 0.0, 0.0, 0.0, 0.0, 0.791, 0.0, 0.0, 0.0], [0.0, 0.0, 0.0, 0.0, 0.0, 0.0, 0.0, 0.738, 0.0, 0.0], [0.0, 0.0, 0.0, 0.0, 0.0, 0.0, 0.0, 0.0, 0.87, 0.0], [0.0, 0.0, 0.0, 0.0, 0.0, 0.0, 0.0, 0.0, 0.0, 0.807]], "avg_forgetting": 77.64444444444445, "bwt": -77.64444444444445, "selfcheck_ok": true, "h3": {"overlap_summary": {"matrices": {"0": [[1.0, 0.8885317120244968, 0.8539995905973214, 0.828061955107492, 0.8192617061334155, 0.8113458598157616, 0.7760925731586258, 0.7956296383386371, 0.8074043667197502, 0.8125362186159526], [0.8885317120244968, 1.0, 0.9349096981151138, 0.8926188047807986, 0.8883657894400163, 0.8756457876522044, 0.8576251596092879, 0.8512221505300245, 0.866839174043934, 0.8504019991377904], [0.8539995905973214, 0.9349096981151138, 1.0, 0.929949337791472, 0.9303680145748411, 0.9152814354447505, 0.8999620382010959, 0.9043884862980375, 0.9027359141620966, 0.8971088399248975], [0.828061955107492, 0.8926188047807986, 0.929949337791472, 1.0, 0.9269867620592934, 0.9263076364036307, 0.8986574732858978, 0.9073611148054388, 0.8950759004548379, 0.8921976691389648], [0.8192617061334155, 0.8883657894400163, 0.9303680145748411, 0.9269867620592934, 1.0, 0.9574362382343924, 0.9271645474035701, 0.9336958818665138, 0.918775407604185, 0.9208170257997244], [0.8113458598157616, 0.8756457876522044, 0.9152814354447505, 0.9263076364036307, 0.9574362382343924, 1.0, 0.9540401329084522, 0.948284129902269, 0.9227276213208001, 0.9212190724000353], [0.7760925731586258, 0.8576251596092879, 0.8999620382010959, 0.8986574732858978, 0.9271645474035701, 0.9540401329084522, 1.0, 0.9537360075625467, 0.9368274824084803, 0.9157308799024718], [0.7956296383386371, 0.8512221505300245, 0.9043884862980375, 0.9073611148054388, 0.9336958818665138, 0.948284129902269, 0.9537360075625467, 1.0, 0.9584025698969547, 0.9454767121077137], [0.8074043667197502, 0.866839174043934, 0.9027359141620966, 0.8950759004548379, 0.918775407604185, 0.9227276213208001, 0.9368274824084803, 0.9584025698969547, 1.0, 0.9520342544642616], [0.8125362186159526, 0.8504019991377904, 0.8971088399248975, 0.8921976691389648, 0.9208170257997244, 0.9212190724000353, 0.9157308799024718, 0.9454767121077137, 0.9520342544642616, 1.0]], "1": [[1.0, 0.649009957673268, 0.5514901846285352, 0.5237144760123861, 0.4735394590880816, 0.4804280456496961, 0.4414441560970902, 0.425126097778863, 0.4202759959265541, 0.3655129284578808], [0.649009957673268, 1.0, 0.6460920642170832, 0.5797121829681677, 0.588011292988723, 0.5913633936828703, 0.531645302612557, 0.5290644578278958, 0.5121305287923562, 0.4555665495219328], [0.5514901846285352, 0.6460920642170832, 1.0, 0.6071004160621133, 0.636642703175605, 0.578046330754535, 0.5532852304930169, 0.5423595349799162, 0.5403694273698109, 0.48715786949616474], [0.5237144760123861, 0.5797121829681677, 0.6071004160621133, 1.0, 0.687619438304794, 0.6661445812048405, 0.597622549666579, 0.583650067135759, 0.5575966432757644, 0.4971057700063106], [0.4735394590880816, 0.588011292988723, 0.636642703175605, 0.687619438304794, 1.0, 0.7309686917509383, 0.6243435422963892, 0.6262429835583534, 0.5763802888384155, 0.5409323932793846], [0.4804280456496961, 0.5913633936828703, 0.578046330754535, 0.6661445812048405, 0.7309686917509383, 1.0, 0.6988382867342305, 0.6381126985738558, 0.5705375905274224, 0.50783865551977], [0.4414441560970902, 0.531645302612557, 0.5532852304930169, 0.597622549666579, 0.6243435422963892, 0.6988382867342305, 1.0, 0.6679941104472837, 0.5776739752165186, 0.5087012674133996], [0.425126097778863, 0.5290644578278958, 0.5423595349799162, 0.583650067135759, 0.6262429835583534, 0.6381126985738558, 0.6679941104472837, 1.0, 0.6168589464129506, 0.5144020212709777], [0.4202759959265541, 0.5121305287923562, 0.5403694273698109, 0.5575966432757644, 0.5763802888384155, 0.5705375905274224, 0.5776739752165186, 0.6168589464129506, 1.0, 0.5461980668709733], [0.3655129284578808, 0.4555665495219328, 0.48715786949616474, 0.4971057700063106, 0.5409323932793846, 0.50783865551977, 0.5087012674133996, 0.5144020212709777, 0.5461980668709733, 1.0]], "2": [[1.0, 0.30674435077862333, 0.27075560108680025, 0.2970365494858801, 0.1562854682249087, 0.28061136925738284, 0.24888357879890888, 0.19448781555328715, 0.24791279445334566, 0.26014177324684573], [0.30674435077862333, 1.0, 0.2716732246381855, 0.2161689509697964, 0.2805851305008404, 0.24889648686050977, 0.29969199099070076, 0.2870958575028251, 0.2678172218261401, 0.2977368088907438], [0.27075560108680025, 0.2716732246381855, 1.0, 0.18164696654355775, 0.2393667122082092, 0.22676325542822642, 0.2740727097629971, 0.252947274677561, 0.270535755708956, 0.3049292144276337], [0.2970365494858801, 0.2161689509697964, 0.18164696654355775, 1.0, 0.21120637905713435, 0.3282543095468092, 0.24739857566882548, 0.18195472944060928, 0.19853326615660058, 0.26529639810885425], [0.1562854682249087, 0.2805851305008404, 0.2393667122082092, 0.21120637905713435, 1.0, 0.30649133255546285, 0.2763364833955766, 0.31589724995449553, 0.24923739373274542, 0.26295614474914275], [0.28061136925738284, 0.24889648686050977, 0.22676325542822642, 0.3282543095468092, 0.30649133255546285, 1.0, 0.3992244319316039, 0.2746270638273685, 0.2340930645627282, 0.31712154803284326], [0.24888357879890888, 0.29969199099070076, 0.2740727097629971, 0.24739857566882548, 0.2763364833955766, 0.3992244319316039, 1.0, 0.31565722720578887, 0.24152425257624316, 0.3239586534608191], [0.19448781555328715, 0.2870958575028251, 0.252947274677561, 0.18195472944060928, 0.31589724995449553, 0.2746270638273685, 0.31565722720578887, 1.0, 0.23635045693093135, 0.26931504407556633], [0.24791279445334566, 0.2678172218261401, 0.270535755708956, 0.19853326615660058, 0.24923739373274542, 0.2340930645627282, 0.24152425257624316, 0.23635045693093135, 1.0, 0.3232225078254567], [0.26014177324684573, 0.2977368088907438, 0.3049292144276337, 0.26529639810885425, 0.26295614474914275, 0.31712154803284326, 0.3239586534608191, 0.26931504407556633, 0.3232225078254567, 1.0]]}, "per_layer_inter": {"0": 0.8956275726699607, "1": 0.560996692323556, "2": 0.26580985276929936}, "O_inter": 0.5741447059209387, "O_intra": 1.0, "Obar": 0.5741447059209387, "inner": -0.4258552940790613}, "phase_stability": {"0": {"layer": 0, "S_matrix": [[1.0, 0.6904958131699594, 0.5959692463786042, 0.41740143727324397, 0.4647583005762993, 0.3586269071456727, 0.35757142241491946, 0.33579804100487887, 0.3295731179572919, 0.31835475637732685], [0.6904958131699594, 1.0, 0.7204729481799741, 0.4780178470554428, 0.5701699060737423, 0.421485904763516, 0.42780185385742997, 0.40501804001785613, 0.392475334879045, 0.3832539848919267], [0.5959692463786042, 0.7204729481799741, 1.0, 0.504907804511299, 0.5802352426354807, 0.4437455882296083, 0.45213766957850265, 0.42714829326015114, 0.40686006935099717, 0.3968968147732326], [0.41740143727324397, 0.4780178470554428, 0.504907804511299, 1.0, 0.5395382095297346, 0.5914313758494615, 0.5513893279049868, 0.5151018653865377, 0.42598235868933093, 0.43372233060855714], [0.4647583005762993, 0.5701699060737423, 0.5802352426354807, 0.5395382095297346, 1.0, 0.5569822234995723, 0.5884471531542512, 0.5824773264552955, 0.46073782261920104, 0.4753362233474889], [0.3586269071456727, 0.421485904763516, 0.4437455882296083, 0.5914313758494615, 0.5569822234995723, 1.0, 0.7078263018141092, 0.6415618922784249, 0.48629927067063744, 0.4988642953747122], [0.35757142241491946, 0.42780185385742997, 0.45213766957850265, 0.5513893279049868, 0.5884471531542512, 0.7078263018141092, 1.0, 0.7178523865895009, 0.48181323098268936, 0.5022767438694079], [0.33579804100487887, 0.40501804001785613, 0.42714829326015114, 0.5151018653865377, 0.5824773264552955, 0.6415618922784249, 0.7178523865895009, 1.0, 0.4770271887113748, 0.50946982350202], [0.3295731179572919, 0.392475334879045, 0.40686006935099717, 0.42598235868933093, 0.46073782261920104, 0.48629927067063744, 0.48181323098268936, 0.4770271887113748, 1.0, 0.6544147090585939], [0.31835475637732685, 0.3832539848919267, 0.3968968147732326, 0.43372233060855714, 0.4753362233474889, 0.4988642953747122, 0.5022767438694079, 0.50946982350202, 0.6544147090585939, 1.0]], "mean_cross_task_stability": 0.4950606312056063, "score": "ami"}, "1": {"layer": 1, "S_matrix": [[1.0, 0.17282071045119435, 0.10765608860416342, 0.08511368584297149, 0.07576662340457528, 0.06143379550968405, 0.038093413559631153, 0.024256983094247394, 0.02138177930620325, 0.019764584472133778], [0.17282071045119435, 1.0, 0.22782359944146138, 0.1717244968292631, 0.14479608989474246, 0.11175560419810454, 0.0739708032131264, 0.059821008526329454, 0.05243385736769795, 0.0426332205732408], [0.10765608860416342, 0.22782359944146138, 1.0, 0.24660955299337278, 0.1849969899995813, 0.14825532639574748, 0.0978269373634012, 0.08439677265740529, 0.07405898728295895, 0.0625236011571704], [0.08511368584297149, 0.1717244968292631, 0.24660955299337278, 1.0, 0.2515441329739751, 0.1927149911241695, 0.1299676151826337, 0.11262037591345744, 0.09059661036372296, 0.07525238799282276], [0.07576662340457528, 0.14479608989474246, 0.1849969899995813, 0.2515441329739751, 1.0, 0.27316069848127794, 0.16573883645021925, 0.1393739917527965, 0.10487433849082119, 0.09903523815155085], [0.06143379550968405, 0.11175560419810454, 0.14825532639574748, 0.1927149911241695, 0.27316069848127794, 1.0, 0.21668964184530481, 0.17129543743281747, 0.12357752389574574, 0.1057967223533755], [0.038093413559631153, 0.0739708032131264, 0.0978269373634012, 0.1299676151826337, 0.16573883645021925, 0.21668964184530481, 1.0, 0.25516845225362095, 0.1753299798857357, 0.13199027232020466], [0.024256983094247394, 0.059821008526329454, 0.08439677265740529, 0.11262037591345744, 0.1393739917527965, 0.17129543743281747, 0.25516845225362095, 1.0, 0.2459882307862571, 0.18727551341088716], [0.02138177930620325, 0.05243385736769795, 0.07405898728295895, 0.09059661036372296, 0.10487433849082119, 0.12357752389574574, 0.1753299798857357, 0.2459882307862571, 1.0, 0.22268676364453313], [0.019764584472133778, 0.0426332205732408, 0.0625236011571704, 0.07525238799282276, 0.09903523815155085, 0.1057967223533755, 0.13199027232020466, 0.18727551341088716, 0.22268676364453313, 1.0]], "mean_cross_task_stability": 0.1302353837076519, "score": "ami"}, "2": {"layer": 2, "S_matrix": [[1.0, 0.030036504899625532, 0.012562777019717536, 0.004190541279340776, 0.002859238929962104, 0.0018049148636918554, 0.002113681322041352, 0.002347143876313838, 0.001772847923552385, 0.001910991397175945], [0.030036504899625532, 1.0, 0.04567390227919485, 0.016355420936030096, 0.01008861996509797, 0.009494880213986092, 0.005890005196010326, 0.003977004378450282, 0.0017977579839950175, 0.001177932057102754], [0.012562777019717536, 0.04567390227919485, 1.0, 0.04753133129699484, 0.023538196496167146, 0.014932938417978962, 0.006502121312219936, 0.004705769569768044, 0.0030817514004940223, 0.0005689100519153281], [0.004190541279340776, 0.016355420936030096, 0.04753133129699484, 1.0, 0.07616435268150995, 0.027861038197116328, 0.013825937244923392, 0.009751926216544885, 0.004643480631315406, 0.003264293210753138], [0.002859238929962104, 0.01008861996509797, 0.023538196496167146, 0.07616435268150995, 1.0, 0.059978031498200114, 0.02819823273875586, 0.016947483384244857, 0.008122438505754793, 0.006309074807531049], [0.0018049148636918554, 0.009494880213986092, 0.014932938417978962, 0.027861038197116328, 0.059978031498200114, 1.0, 0.062323305795517626, 0.021114448858121953, 0.007007957109072257, 0.0073650956404891325], [0.002113681322041352, 0.005890005196010326, 0.006502121312219936, 0.013825937244923392, 0.02819823273875586, 0.062323305795517626, 1.0, 0.07281556185087706, 0.020244781916900573, 0.017394025058541675], [0.002347143876313838, 0.003977004378450282, 0.004705769569768044, 0.009751926216544885, 0.016947483384244857, 0.021114448858121953, 0.07281556185087706, 1.0, 0.0544467766529276, 0.017045971078905996], [0.001772847923552385, 0.0017977579839950175, 0.0030817514004940223, 0.004643480631315406, 0.008122438505754793, 0.007007957109072257, 0.020244781916900573, 0.0544467766529276, 1.0, 0.047541822549878654], [0.001910991397175945, 0.001177932057102754, 0.0005689100519153281, 0.003264293210753138, 0.006309074807531049, 0.0073650956404891325, 0.017394025058541675, 0.017045971078905996, 0.047541822549878654, 1.0]], "mean_cross_task_stability": 0.018606249304326875, "score": "ami"}}}}