{"rung": "R6s", "scenario": "class", "nexp": 10, "epochs": 50, "seed": 2, "metrics": {"Top1_Acc_Exp/eval_phase/test_stream/Task000/Exp000": 0.0, "Top1_Acc_Exp/eval_phase/test_stream/Task000/Exp001": 0.0, "Top1_Acc_Exp/eval_phase/test_stream/Task000/Exp002": 0.0, "Top1_Acc_Exp/eval_phase/test_stream/Task000/Exp003": 0.0, "Top1_Acc_Exp/eval_phase/test_stream/Task000/Exp004": 0.0, "Top1_Acc_Exp/eval_phase/test_stream/Task000/Exp005": 0.0, "Top1_Acc_Exp/eval_phase/test_stream/Task000/Exp006": 0.0, "Top1_Acc_Exp/eval_phase/test_stream/Task000/Exp007": 0.0, "Top1_Acc_Exp/eval_phase/test_stream/Task000/Exp008": 0.0, "Top1_Acc_Exp/eval_phase/test_stream/Task000/Exp009": 0.797, "Top1_Acc_Stream/eval_phase/test_stream/Task000": 0.0797, "StreamForgetting/eval_phase/test_stream": 0.7776666666666666, "StreamBWT/eval_phase/test_stream": -0.7776666666666666, "ExperienceForgetting/eval_phase/test_stream/Task000/Exp000": 0.792, "ExperienceBWT/eval_phase/test_stream/Task000/Exp000": -0.792, "ExperienceForgetting/eval_phase/test_stream/Task000/Exp001": 0.746, "ExperienceBWT/eval_phase/test_stream/Task000/Exp001": -0.746, "ExperienceForgetting/eval_phase/test_stream/Task000/Exp002": 0.8, "ExperienceBWT/eval_phase/test_stream/Task000/Exp002": -0.8, "ExperienceForgetting/eval_phase/test_stream/Task000/Exp003": 0.821, "ExperienceBWT/eval_phase/test_stream/Task000/Exp003": -0.821, "ExperienceForgetting/eval_phase/test_stream/Task000/Exp004": 0.798, "ExperienceBWT/eval_phase/test_stream/Task000/Exp004": -0.798, "ExperienceForgetting/eval_phase/test_stream/Task000/Exp005": 0.829, "ExperienceBWT/eval_phase/test_stream/Task000/Exp005": -0.829, "ExperienceForgetting/eval_phase/test_stream/Task000/Exp006": 0.661, "ExperienceBWT/eval_phase/test_stream/Task000/Exp006": -0.661, "ExperienceForgetting/eval_phase/test_stream/Task000/Exp007": 0.78, "ExperienceBWT/eval_phase/test_stream/Task000/Exp007": -0.78, "ExperienceForgetting/eval_phase/test_stream/Task000/Exp008": 0.772, "ExperienceBWT/eval_phase/test_stream/Task000/Exp008": -0.772}, "learning_acc": [0.792, 0.746, 0.8, 0.821, 0.798, 0.829, 0.661, 0.78, 0.772, 0.797], "acc_matrix": [[0.792, 0.0, 0.0, 0.0, 0.0, 0.0, 0.0, 0.0, 0.0, 0.0], [0.0, 0.746, 0.0, 0.0, 0.0, 0.0, 0.0, 0.0, 0.0, 0.0], [0.0, 0.0, 0.8, 0.0, 0.0, 0.0, 0.0, 0.0, 0.0, 0.0], [0.0, 0.0, 0.0, 0.821, 0.0, 0.0, 0.0, 0.0, 0.0, 0.0], [0.0, 0.0, 0.0, 0.0, 0.798, 0.0, 0.0, 0.0, 0.0, 0.0], [0.0, 0.0, 0.0, 0.0, 0.0, 0.829, 0.0, 0.0, 0.0, 0.0], [0.0, 0.0, 0.0, 0.0, 0.0, 0.0, 0.661, 0.0, 0.0, 0.0], [0.0, 0.0, 0.0, 0.0, 0.0, 0.0, 0.0, 0.78, 0.0, 0.0], [0.0, 0.0, 0.0, 0.0, 0.0, 0.0, 0.0, 0.0, 0.772, 0.0], [0.0, 0.0, 0.0, 0.0, 0.0, 0.0, 0.0, 0.0, 0.0, 0.797]], "avg_forgetting": 77.76666666666668, "bwt": -77.76666666666668, "selfcheck_ok": true, "h3": {"overlap_summary": {"matrices": {"0": [[1.0, 0.8813245779169429, 0.8547155454253926, 0.8522294314879915, 0.844535405090407, 0.8161063197011654, 0.8237793396707972, 0.8089794851225208, 0.7958027795550335, 0.7888792926488721], [0.8813245779169429, 1.0, 0.902953851296965, 0.8932194076883181, 0.8914019871310732, 0.862855232434301, 0.873215409514218, 0.8484875887212395, 0.8255612596926668, 0.8283058640248341], [0.8547155454253926, 0.902953851296965, 1.0, 0.9273978148730672, 0.9192380315592718, 0.8784287836330326, 0.9034789397674492, 0.877216092362356, 0.8716169663892055, 0.8655989786118292], [0.8522294314879915, 0.8932194076883181, 0.9273978148730672, 1.0, 0.9458762825102535, 0.9165822069648483, 0.9185464495960606, 0.886954367762725, 0.8851862685397602, 0.8790594133845948], [0.844535405090407, 0.8914019871310732, 0.9192380315592718, 0.9458762825102535, 1.0, 0.9390829649004561, 0.9284551274540626, 0.9074125576401587, 0.902693784069726, 0.9028669759887066], [0.8161063197011654, 0.862855232434301, 0.8784287836330326, 0.9165822069648483, 0.9390829649004561, 1.0, 0.9270526341547218, 0.8852060834986641, 0.9021946083532238, 0.8909749582125335], [0.8237793396707972, 0.873215409514218, 0.9034789397674492, 0.9185464495960606, 0.9284551274540626, 0.9270526341547218, 1.0, 0.9290007003994053, 0.916499571268111, 0.8949761757415914], [0.8089794851225208, 0.8484875887212395, 0.877216092362356, 0.886954367762725, 0.9074125576401587, 0.8852060834986641, 0.9290007003994053, 1.0, 0.9347018448774607, 0.9167951744384686], [0.7958027795550335, 0.8255612596926668, 0.8716169663892055, 0.8851862685397602, 0.902693784069726, 0.9021946083532238, 0.916499571268111, 0.9347018448774607, 1.0, 0.93510931112782], [0.7888792926488721, 0.8283058640248341, 0.8655989786118292, 0.8790594133845948, 0.9028669759887066, 0.8909749582125335, 0.8949761757415914, 0.9167951744384686, 0.93510931112782, 1.0]], "1": [[1.0, 0.5423930512773392, 0.4895088741629472, 0.5205918337302505, 0.46760425084650953, 0.45911215015783924, 0.4246872747015393, 0.43449665159611583, 0.41192711717703395, 0.38006598194379415], [0.5423930512773392, 1.0, 0.5137520108474286, 0.46733254690521714, 0.45629671802769756, 0.43769913737605826, 0.38016250471052626, 0.40276191196355515, 0.4005369396724291, 0.3750018696924158], [0.4895088741629472, 0.5137520108474286, 1.0, 0.5420820575272542, 0.5122264797039705, 0.46231315283787827, 0.38838072212593283, 0.4565568162092767, 0.4223213606411046, 0.3829050174645758], [0.5205918337302505, 0.46733254690521714, 0.5420820575272542, 1.0, 0.613705935724725, 0.5121641189821239, 0.4119780984886078, 0.45921346130751317, 0.4458484295569494, 0.37335069670743526], [0.46760425084650953, 0.45629671802769756, 0.5122264797039705, 0.613705935724725, 1.0, 0.5664307199544819, 0.43227016395150203, 0.47234741913822537, 0.44066268525020647, 0.3991047227286095], [0.45911215015783924, 0.43769913737605826, 0.46231315283787827, 0.5121641189821239, 0.5664307199544819, 1.0, 0.46419776902089155, 0.44637160368252554, 0.4248978887409818, 0.36262285257931637], [0.4246872747015393, 0.38016250471052626, 0.38838072212593283, 0.4119780984886078, 0.43227016395150203, 0.46419776902089155, 1.0, 0.5150048617897467, 0.39114021977989966, 0.38283429358247933], [0.43449665159611583, 0.40276191196355515, 0.4565568162092767, 0.45921346130751317, 0.47234741913822537, 0.44637160368252554, 0.5150048617897467, 1.0, 0.5057827985897712, 0.4446059606544662], [0.41192711717703395, 0.4005369396724291, 0.4223213606411046, 0.4458484295569494, 0.44066268525020647, 0.4248978887409818, 0.39114021977989966, 0.5057827985897712, 1.0, 0.43925865447332146], [0.38006598194379415, 0.3750018696924158, 0.3829050174645758, 0.37335069670743526, 0.3991047227286095, 0.36262285257931637, 0.38283429358247933, 0.4446059606544662, 0.43925865447332146, 1.0]], "2": [[1.0, 0.25620460721324206, 0.30719158788614137, 0.29200978828068885, 0.2351946278535672, 0.2367568729247889, 0.3104554939088959, 0.2862463882317221, 0.3414070895064826, 0.28710063917699413], [0.25620460721324206, 1.0, 0.2693130607082777, 0.26543965734357655, 0.2836092868865687, 0.3022139897950431, 0.24991477555913005, 0.27693671285973676, 0.2603240351847748, 0.24145370356801268], [0.30719158788614137, 0.2693130607082777, 1.0, 0.257279684541757, 0.2398714425132761, 0.3117621661887059, 0.23742265356643888, 0.26005289389823466, 0.3267796413122835, 0.258310544460152], [0.29200978828068885, 0.26543965734357655, 0.257279684541757, 1.0, 0.2744609568941925, 0.24743124741914635, 0.2239812484683979, 0.2484178671289044, 0.3215215723703474, 0.23572931984890488], [0.2351946278535672, 0.2836092868865687, 0.2398714425132761, 0.2744609568941925, 1.0, 0.30933345695682607, 0.26827754976515183, 0.38713880101300285, 0.21912366552734228, 0.25678750087356417], [0.2367568729247889, 0.3022139897950431, 0.3117621661887059, 0.24743124741914635, 0.30933345695682607, 1.0, 0.1830605749920099, 0.241138598740036, 0.22647535920853817, 0.26828606374478714], [0.3104554939088959, 0.24991477555913005, 0.23742265356643888, 0.2239812484683979, 0.26827754976515183, 0.1830605749920099, 1.0, 0.3256917653246483, 0.3053494255095328, 0.2782357853565741], [0.2862463882317221, 0.27693671285973676, 0.26005289389823466, 0.2484178671289044, 0.38713880101300285, 0.241138598740036, 0.3256917653246483, 1.0, 0.3129111010281802, 0.3049296643674489], [0.3414070895064826, 0.2603240351847748, 0.3267796413122835, 0.3215215723703474, 0.21912366552734228, 0.22647535920853817, 0.3053494255095328, 0.3129111010281802, 1.0, 0.31716815366831425], [0.28710063917699413, 0.24145370356801268, 0.258310544460152, 0.23572931984890488, 0.25678750087356417, 0.26828606374478714, 0.2782357853565741, 0.3049296643674489, 0.31716815366831425, 1.0]]}, "per_layer_inter": {"0": 0.8840123521156067, "1": 0.4496557730218326, "2": 0.27441557825720764}, "O_inter": 0.5360279011315491, "O_intra": 1.0, "Obar": 0.5360279011315491, "inner": -0.4639720988684509}, "phase_stability": {"0": {"layer": 0, "S_matrix": [[1.0, 0.647495531624671, 0.566526167534407, 0.513317309955348, 0.4678371741676792, 0.444776544990497, 0.4361326659689952, 0.3864072316498634, 0.3269042529530478, 0.3542222273755414], [0.647495531624671, 1.0, 0.7226768215991076, 0.6465609881450419, 0.5784429042632261, 0.5346221710202863, 0.536941713123413, 0.48933345731462347, 0.40231653724990396, 0.4341457107218218], [0.566526167534407, 0.7226768215991076, 1.0, 0.7440613024853966, 0.650725426446743, 0.6071287529157203, 0.5998157037881787, 0.5554098222802377, 0.455392892610934, 0.5014326293726249], [0.513317309955348, 0.6465609881450419, 0.7440613024853966, 1.0, 0.6982001627424764, 0.6604603935793989, 0.6549160299876836, 0.59354620084971, 0.4934257937024494, 0.544834860911792], [0.4678371741676792, 0.5784429042632261, 0.650725426446743, 0.6982001627424764, 1.0, 0.7283822439229612, 0.6778036706346124, 0.5993513797007451, 0.4922018931363196, 0.5620587520214183], [0.444776544990497, 0.5346221710202863, 0.6071287529157203, 0.6604603935793989, 0.7283822439229612, 1.0, 0.7307938595385934, 0.6122370780813979, 0.50769529134266, 0.5860259271740622], [0.4361326659689952, 0.536941713123413, 0.5998157037881787, 0.6549160299876836, 0.6778036706346124, 0.7307938595385934, 1.0, 0.6807937589425945, 0.5409444111937849, 0.5970236675440846], [0.3864072316498634, 0.48933345731462347, 0.5554098222802377, 0.59354620084971, 0.5993513797007451, 0.6122370780813979, 0.6807937589425945, 1.0, 0.6341016383625605, 0.6891589556319692], [0.3269042529530478, 0.40231653724990396, 0.455392892610934, 0.4934257937024494, 0.4922018931363196, 0.50769529134266, 0.5409444111937849, 0.6341016383625605, 1.0, 0.6426063723114467], [0.3542222273755414, 0.4341457107218218, 0.5014326293726249, 0.544834860911792, 0.5620587520214183, 0.5860259271740622, 0.5970236675440846, 0.6891589556319692, 0.6426063723114467, 1.0]], "mean_cross_task_stability": 0.5673152951304453, "score": "ami"}, "1": {"layer": 1, "S_matrix": [[1.0, 0.15330431634445443, 0.05505543842789475, 0.04922883770516358, 0.044347961465532576, 0.0338073102925717, 0.023014726682632426, 0.01483542812218843, 0.01285881134951878, 0.011917688902302458], [0.15330431634445443, 1.0, 0.14508693022869182, 0.11579104770015795, 0.09234147499585049, 0.07018374861014215, 0.0419047952065315, 0.032406549976751846, 0.025315083317884485, 0.022505695456668542], [0.05505543842789475, 0.14508693022869182, 1.0, 0.2249240059436828, 0.14336417897379145, 0.10416557714766093, 0.07820307468673958, 0.061737257462330435, 0.04658079945605992, 0.040899823609930906], [0.04922883770516358, 0.11579104770015795, 0.2249240059436828, 1.0, 0.2264479453179762, 0.14242774567898298, 0.09189644649718583, 0.07313049642610261, 0.055511870773427854, 0.05076057789322014], [0.044347961465532576, 0.09234147499585049, 0.14336417897379145, 0.2264479453179762, 1.0, 0.20336344560116096, 0.10543576771639329, 0.09207633264405195, 0.07568086342950721, 0.06521530151537315], [0.0338073102925717, 0.07018374861014215, 0.10416557714766093, 0.14242774567898298, 0.20336344560116096, 1.0, 0.15614041029099915, 0.1294161322314393, 0.1049231573415306, 0.09411514598800279], [0.023014726682632426, 0.0419047952065315, 0.07820307468673958, 0.09189644649718583, 0.10543576771639329, 0.15614041029099915, 1.0, 0.23786421623816073, 0.17616097147340923, 0.13866685451916522], [0.01483542812218843, 0.032406549976751846, 0.061737257462330435, 0.07313049642610261, 0.09207633264405195, 0.1294161322314393, 0.23786421623816073, 1.0, 0.22647442029564532, 0.1712013887876351], [0.01285881134951878, 0.025315083317884485, 0.04658079945605992, 0.055511870773427854, 0.07568086342950721, 0.1049231573415306, 0.17616097147340923, 0.22647442029564532, 1.0, 0.22261236344871385], [0.011917688902302458, 0.022505695456668542, 0.040899823609930906, 0.05076057789322014, 0.06521530151537315, 0.09411514598800279, 0.13866685451916522, 0.1712013887876351, 0.22261236344871385, 1.0]], "mean_cross_task_stability": 0.09962894258162704, "score": "ami"}, "2": {"layer": 2, "S_matrix": [[1.0, 0.02410596130922158, 0.0009499873826320766, 0.009557300136829743, 0.0019799553971241203, 0.002401023097258093, 0.0008723098664017118, 0.0013649573607405845, 0.0022176347293224245, 0.0024217810264342177], [0.02410596130922158, 1.0, 0.016504187635499285, 0.009188143866206028, 0.00680132021504775, 0.006712083674170679, 0.0014133579573601157, 0.0007392383171803031, 0.0033692979561564945, 0.0034198595554573606], [0.0009499873826320766, 0.016504187635499285, 1.0, 0.03150786821956365, 0.013605435405347954, 0.0020801978552091372, 0.002815634219064588, 0.0023856966350737506, 0.0024383661839881498, 0.00207021041595572], [0.009557300136829743, 0.009188143866206028, 0.03150786821956365, 1.0, 0.04833389149611649, 0.010131800818028872, 0.0011680029460461878, 0.002755738230487717, 0.0042384918888927385, 0.0025416997402863085], [0.0019799553971241203, 0.00680132021504775, 0.013605435405347954, 0.04833389149611649, 1.0, 0.036470596414325415, 0.004631106056541438, 0.0032012466945142283, 0.006608226363621876, 0.005602629389870629], [0.002401023097258093, 0.006712083674170679, 0.0020801978552091372, 0.010131800818028872, 0.036470596414325415, 1.0, 0.027015286673033025, 0.01103797496252871, 0.0049315711206850835, 0.011938957896986156], [0.0008723098664017118, 0.0014133579573601157, 0.002815634219064588, 0.0011680029460461878, 0.004631106056541438, 0.027015286673033025, 1.0, 0.07504805446724237, 0.03417900350889828, 0.01698204169282821], [0.0013649573607405845, 0.0007392383171803031, 0.0023856966350737506, 0.002755738230487717, 0.0032012466945142283, 0.01103797496252871, 0.07504805446724237, 1.0, 0.05879729961264571, 0.014314094736834128], [0.0022176347293224245, 0.0033692979561564945, 0.0024383661839881498, 0.0042384918888927385, 0.006608226363621876, 0.0049315711206850835, 0.03417900350889828, 0.05879729961264571, 1.0, 0.05405980467006583], [0.0024217810264342177, 0.0034198595554573606, 0.00207021041595572, 0.0025416997402863085, 0.005602629389870629, 0.011938957896986156, 0.01698204169282821, 0.014314094736834128, 0.05405980467006583, 1.0]], "mean_cross_task_stability": 0.012997985062171664, "score": "ami"}}}}