{"rung": "R6s", "scenario": "class", "nexp": 10, "epochs": 50, "seed": 3, "metrics": {"Top1_Acc_Exp/eval_phase/test_stream/Task000/Exp000": 0.0, "Top1_Acc_Exp/eval_phase/test_stream/Task000/Exp001": 0.0, "Top1_Acc_Exp/eval_phase/test_stream/Task000/Exp002": 0.0, "Top1_Acc_Exp/eval_phase/test_stream/Task000/Exp003": 0.0, "Top1_Acc_Exp/eval_phase/test_stream/Task000/Exp004": 0.0, "Top1_Acc_Exp/eval_phase/test_stream/Task000/Exp005": 0.0, "Top1_Acc_Exp/eval_phase/test_stream/Task000/Exp006": 0.0, "Top1_Acc_Exp/eval_phase/test_stream/Task000/Exp007": 0.0, "Top1_Acc_Exp/eval_phase/test_stream/Task000/Exp008": 0.0, "Top1_Acc_Exp/eval_phase/test_stream/Task000/Exp009": 0.741, "Top1_Acc_Stream/eval_phase/test_stream/Task000": 0.0741, "StreamForgetting/eval_phase/test_stream": 0.775888888888889, "StreamBWT/eval_phase/test_stream": -0.775888888888889, "ExperienceForgetting/eval_phase/test_stream/Task000/Exp000": 0.69, "ExperienceBWT/eval_phase/test_stream/Task000/Exp000": -0.69, "ExperienceForgetting/eval_phase/test_stream/Task000/Exp001": 0.73, "ExperienceBWT/eval_phase/test_stream/Task000/Exp001": -0.73, "ExperienceForgetting/eval_phase/test_stream/Task000/Exp002": 0.702, "ExperienceBWT/eval_phase/test_stream/Task000/Exp002": -0.702, "ExperienceForgetting/eval_phase/test_stream/Task000/Exp003": 0.83, "ExperienceBWT/eval_phase/test_stream/Task000/Exp003": -0.83, "ExperienceForgetting/eval_phase/test_stream/Task000/Exp004": 0.876, "ExperienceBWT/eval_phase/test_stream/Task000/Exp004": -0.876, "ExperienceForgetting/eval_phase/test_stream/Task000/Exp005": 0.781, "ExperienceBWT/eval_phase/test_stream/Task000/Exp005": -0.781, "ExperienceForgetting/eval_phase/test_stream/Task000/Exp006": 0.745, "ExperienceBWT/eval_phase/test_stream/Task000/Exp006": -0.745, "ExperienceForgetting/eval_phase/test_stream/Task000/Exp007": 0.788, "ExperienceBWT/eval_phase/test_stream/Task000/Exp007": -0.788, "ExperienceForgetting/eval_phase/test_stream/Task000/Exp008": 0.841, "ExperienceBWT/eval_phase/test_stream/Task000/Exp008": -0.841}, "learning_acc": [0.69, 0.73, 0.702, 0.83, 0.876, 0.781, 0.745, 0.788, 0.841, 0.741], "acc_matrix": [[0.69, 0.0, 0.0, 0.0, 0.0, 0.0, 0.0, 0.0, 0.0, 0.0], [0.0, 0.73, 0.0, 0.0, 0.0, 0.0, 0.0, 0.0, 0.0, 0.0], [0.0, 0.0, 0.702, 0.0, 0.0, 0.0, 0.0, 0.0, 0.0, 0.0], [0.0, 0.0, 0.0, 0.83, 0.0, 0.0, 0.0, 0.0, 0.0, 0.0], [0.0, 0.0, 0.0, 0.0, 0.876, 0.0, 0.0, 0.0, 0.0, 0.0], [0.0, 0.0, 0.0, 0.0, 0.0, 0.781, 0.0, 0.0, 0.0, 0.0], [0.0, 0.0, 0.0, 0.0, 0.0, 0.0, 0.745, 0.0, 0.0, 0.0], [0.0, 0.0, 0.0, 0.0, 0.0, 0.0, 0.0, 0.788, 0.0, 0.0], [0.0, 0.0, 0.0, 0.0, 0.0, 0.0, 0.0, 0.0, 0.841, 0.0], [0.0, 0.0, 0.0, 0.0, 0.0, 0.0, 0.0, 0.0, 0.0, 0.741]], "avg_forgetting": 77.58888888888889, "bwt": -77.58888888888889, "selfcheck_ok": true, "h3": {"overlap_summary": {"matrices": {"0": [[1.0, 0.8978083752503152, 0.8061483046686794, 0.76753525483836, 0.7518704151023373, 0.7397679846149112, 0.7123943885253071, 0.7080836063901926, 0.6893918268736996, 0.6383259042496846], [0.8978083752503152, 1.0, 0.9173912527717808, 0.8755634558076851, 0.846133136895831, 0.8296215540379106, 0.818890844784541, 0.8046439078257249, 0.7919301832302469, 0.7521867935281548], [0.8061483046686794, 0.9173912527717808, 1.0, 0.9416822927739014, 0.8966585690738874, 0.8850401766674039, 0.894029651596373, 0.8800019234833604, 0.8690310140395927, 0.8464232206253148], [0.76753525483836, 0.8755634558076851, 0.9416822927739014, 1.0, 0.922320088472264, 0.9078904502683581, 0.9124166091961384, 0.8923321862590142, 0.8935941501568957, 0.8698897513852989], [0.7518704151023373, 0.846133136895831, 0.8966585690738874, 0.922320088472264, 1.0, 0.936280487292999, 0.9251767757038782, 0.9274460650819077, 0.9106893364793541, 0.87587490440922], [0.7397679846149112, 0.8296215540379106, 0.8850401766674039, 0.9078904502683581, 0.936280487292999, 1.0, 0.9447781726496267, 0.9195342955253053, 0.9068690917017314, 0.8647363517780307], [0.7123943885253071, 0.818890844784541, 0.894029651596373, 0.9124166091961384, 0.9251767757038782, 0.9447781726496267, 1.0, 0.9536492548203636, 0.9286564492370681, 0.907072325842149], [0.7080836063901926, 0.8046439078257249, 0.8800019234833604, 0.8923321862590142, 0.9274460650819077, 0.9195342955253053, 0.9536492548203636, 1.0, 0.9452355669773412, 0.9167081656280273], [0.6893918268736996, 0.7919301832302469, 0.8690310140395927, 0.8935941501568957, 0.9106893364793541, 0.9068690917017314, 0.9286564492370681, 0.9452355669773412, 1.0, 0.9310064384362439], [0.6383259042496846, 0.7521867935281548, 0.8464232206253148, 0.8698897513852989, 0.87587490440922, 0.8647363517780307, 0.907072325842149, 0.9167081656280273, 0.9310064384362439, 1.0]], "1": [[1.0, 0.7043861711401698, 0.6201024364109495, 0.6278931442795693, 0.564358612582361, 0.5764856078415774, 0.5554740683567121, 0.6143550572623895, 0.5635863177262262, 0.5564574733157374], [0.7043861711401698, 1.0, 0.736196608700394, 0.7094247356169006, 0.6055782750085452, 0.5862740797162908, 0.5700279436825292, 0.6345600634333157, 0.6022595479673122, 0.6387355356218086], [0.6201024364109495, 0.736196608700394, 1.0, 0.8077394765796743, 0.7166980717378049, 0.6999136869440843, 0.6923332496371873, 0.7498978559487045, 0.7040454774962637, 0.7174143587327092], [0.6278931442795693, 0.7094247356169006, 0.8077394765796743, 1.0, 0.7859037817143992, 0.7154483874233597, 0.6749042362981832, 0.7177515789287645, 0.6842611917950915, 0.7103421871752753], [0.564358612582361, 0.6055782750085452, 0.7166980717378049, 0.7859037817143992, 1.0, 0.7621540724832463, 0.6785571625628378, 0.6962365372763627, 0.6880143647302716, 0.6850195972493651], [0.5764856078415774, 0.5862740797162908, 0.6999136869440843, 0.7154483874233597, 0.7621540724832463, 1.0, 0.7513902562976849, 0.7092032867318253, 0.6976703019282736, 0.6519634569495354], [0.5554740683567121, 0.5700279436825292, 0.6923332496371873, 0.6749042362981832, 0.6785571625628378, 0.7513902562976849, 1.0, 0.7508654178169303, 0.6982500857115312, 0.6343576478532987], [0.6143550572623895, 0.6345600634333157, 0.7498978559487045, 0.7177515789287645, 0.6962365372763627, 0.7092032867318253, 0.7508654178169303, 1.0, 0.8207664375500506, 0.74051759528814], [0.5635863177262262, 0.6022595479673122, 0.7040454774962637, 0.6842611917950915, 0.6880143647302716, 0.6976703019282736, 0.6982500857115312, 0.8207664375500506, 1.0, 0.7584740492967151], [0.5564574733157374, 0.6387355356218086, 0.7174143587327092, 0.7103421871752753, 0.6850195972493651, 0.6519634569495354, 0.6343576478532987, 0.74051759528814, 0.7584740492967151, 1.0]], "2": [[1.0, 0.25901743701948193, 0.2185898879555886, 0.20873319993552317, 0.25433416661897856, 0.2733818020811923, 0.20430623938695044, 0.22783124785957054, 0.1881356247609731, 0.18032356158768917], [0.25901743701948193, 1.0, 0.30377520141352493, 0.29818999597512075, 0.2819636756361383, 0.23797852633703773, 0.18444229343000848, 0.20540923774700773, 0.2608328658458503, 0.2420465718680776], [0.2185898879555886, 0.30377520141352493, 1.0, 0.29488669624562674, 0.2814694044966449, 0.216936599286848, 0.19840186223396766, 0.25352263864644636, 0.21580299785983198, 0.24434862492792317], [0.20873319993552317, 0.29818999597512075, 0.29488669624562674, 1.0, 0.3209849233857456, 0.24346226217151576, 0.23243977936454652, 0.24059662609843344, 0.15635859133733726, 0.2618479751430756], [0.25433416661897856, 0.2819636756361383, 0.2814694044966449, 0.3209849233857456, 1.0, 0.26575589394156324, 0.22646079152105283, 0.2916013457907074, 0.2499638981739513, 0.24479851114298762], [0.2733818020811923, 0.23797852633703773, 0.216936599286848, 0.24346226217151576, 0.26575589394156324, 1.0, 0.2177047141503569, 0.2370159141834829, 0.21964655347189999, 0.1719578823353476], [0.20430623938695044, 0.18444229343000848, 0.19840186223396766, 0.23243977936454652, 0.22646079152105283, 0.2177047141503569, 1.0, 0.20395341584283055, 0.21012783725913353, 0.17209917925322943], [0.22783124785957054, 0.20540923774700773, 0.25352263864644636, 0.24059662609843344, 0.2916013457907074, 0.2370159141834829, 0.20395341584283055, 1.0, 0.2809681909529351, 0.2613035210273281], [0.1881356247609731, 0.2608328658458503, 0.21580299785983198, 0.15635859133733726, 0.2499638981739513, 0.21964655347189999, 0.21012783725913353, 0.2809681909529351, 1.0, 0.23607127935720393], [0.18032356158768917, 0.2420465718680776, 0.24434862492792317, 0.2618479751430756, 0.24479851114298762, 0.1719578823353476, 0.17209917925322943, 0.2613035210273281, 0.23607127935720393, 1.0]]}, "per_layer_inter": {"0": 0.8611713545545869, "1": 0.6792499886400082, "2": 0.23732843211245924}, "O_inter": 0.5925832584356848, "O_intra": 1.0, "Obar": 0.5925832584356848, "inner": -0.4074167415643152}, "phase_stability": {"0": {"layer": 0, "S_matrix": [[1.0, 0.5630019679119829, 0.40733988282481215, 0.3764467450228005, 0.3440579517850449, 0.33797223703822277, 0.3128745742629801, 0.29372524955794804, 0.2957382814822627, 0.26818674093479977], [0.5630019679119829, 1.0, 0.5342293017198068, 0.4704771446584792, 0.42030294239987104, 0.4182629216998158, 0.4167114139562236, 0.38638288984114094, 0.39280474708352986, 0.36413164115180824], [0.40733988282481215, 0.5342293017198068, 1.0, 0.727789619329389, 0.6249604442101169, 0.5976956694419546, 0.5876126310556549, 0.5569887005501536, 0.5573573007466438, 0.4743475835709322], [0.3764467450228005, 0.4704771446584792, 0.727789619329389, 1.0, 0.7105887724042411, 0.648014613674264, 0.6089432476909169, 0.5871049359553667, 0.5736302979752089, 0.49219299737627475], [0.3440579517850449, 0.42030294239987104, 0.6249604442101169, 0.7105887724042411, 1.0, 0.745417715559034, 0.6137410640726976, 0.6202249662618071, 0.5859537866111477, 0.5266999007634064], [0.33797223703822277, 0.4182629216998158, 0.5976956694419546, 0.648014613674264, 0.745417715559034, 1.0, 0.6581910623282029, 0.6346049991904137, 0.6088754697454245, 0.5382778714385876], [0.3128745742629801, 0.4167114139562236, 0.5876126310556549, 0.6089432476909169, 0.6137410640726976, 0.6581910623282029, 1.0, 0.7127974081021373, 0.7050887692005416, 0.5977220947688556], [0.29372524955794804, 0.38638288984114094, 0.5569887005501536, 0.5871049359553667, 0.6202249662618071, 0.6346049991904137, 0.7127974081021373, 1.0, 0.7498127723289698, 0.6180838003989716], [0.2957382814822627, 0.39280474708352986, 0.5573573007466438, 0.5736302979752089, 0.5859537866111477, 0.6088754697454245, 0.7050887692005416, 0.7498127723289698, 1.0, 0.6859338195158295], [0.26818674093479977, 0.36413164115180824, 0.4743475835709322, 0.49219299737627475, 0.5266999007634064, 0.5382778714385876, 0.5977220947688556, 0.6180838003989716, 0.6859338195158295, 1.0]], "mean_cross_task_stability": 0.5322510877244149, "score": "ami"}, "1": {"layer": 1, "S_matrix": [[1.0, 0.24274117734659234, 0.1352003105501874, 0.0987917353715411, 0.06411096220874705, 0.05066266538959271, 0.044596468179466615, 0.03709437023028087, 0.028441058622940805, 0.02254513568537593], [0.24274117734659234, 1.0, 0.25835756284183536, 0.17570687038766153, 0.12421372135045329, 0.09156845351107526, 0.08038461480728896, 0.06353042923504958, 0.051490482229947884, 0.04290033689406978], [0.1352003105501874, 0.25835756284183536, 1.0, 0.2680288547465415, 0.16979209098954487, 0.12976667417207888, 0.11292214615913203, 0.08273689474681183, 0.06372186172553, 0.06321466655301174], [0.0987917353715411, 0.17570687038766153, 0.2680288547465415, 1.0, 0.2379910980602489, 0.17954999592841506, 0.14733779390265467, 0.10796571982008323, 0.08898750991552667, 0.08243580175641792], [0.06411096220874705, 0.12421372135045329, 0.16979209098954487, 0.2379910980602489, 1.0, 0.2372510301017051, 0.183639484452995, 0.14247712541701052, 0.12242242121538817, 0.0927995807571191], [0.05066266538959271, 0.09156845351107526, 0.12976667417207888, 0.17954999592841506, 0.2372510301017051, 1.0, 0.2295793561434787, 0.17407597922355392, 0.14368965781130133, 0.10858538138842289], [0.044596468179466615, 0.08038461480728896, 0.11292214615913203, 0.14733779390265467, 0.183639484452995, 0.2295793561434787, 1.0, 0.22133609240830393, 0.16613920201992205, 0.13961224724602508], [0.03709437023028087, 0.06353042923504958, 0.08273689474681183, 0.10796571982008323, 0.14247712541701052, 0.17407597922355392, 0.22133609240830393, 1.0, 0.2676106016618087, 0.14978245474919688], [0.028441058622940805, 0.051490482229947884, 0.06372186172553, 0.08898750991552667, 0.12242242121538817, 0.14368965781130133, 0.16613920201992205, 0.2676106016618087, 1.0, 0.1930137263830947], [0.02254513568537593, 0.04290033689406978, 0.06321466655301174, 0.08243580175641792, 0.0927995807571191, 0.10858538138842289, 0.13961224724602508, 0.14978245474919688, 0.1930137263830947, 1.0]], "mean_cross_task_stability": 0.1315289289843873, "score": "ami"}, "2": {"layer": 2, "S_matrix": [[1.0, 0.05534832202248022, 0.02622724434052127, 0.021046146947228558, 0.010978949533521836, 0.003885085775035689, 0.005145095109232701, 0.00548884946225034, 0.0027384192992076705, 0.003547612939892616], [0.05534832202248022, 1.0, 0.06817358970071456, 0.044660365204731246, 0.027359969320449092, 0.007867527129364737, 0.008551113607991595, 0.005959895469459752, 0.004363676166966605, 0.004270982433153727], [0.02622724434052127, 0.06817358970071456, 1.0, 0.09574563441411495, 0.044378271377107016, 0.020566015446657215, 0.019387622854019487, 0.013365784910862273, 0.008651510723361415, 0.00778263337144368], [0.021046146947228558, 0.044660365204731246, 0.09574563441411495, 1.0, 0.08811200085180208, 0.03136985934374327, 0.028664678595766845, 0.01689368077695986, 0.01106741592548314, 0.01087111209773052], [0.010978949533521836, 0.027359969320449092, 0.044378271377107016, 0.08811200085180208, 1.0, 0.06592014974591932, 0.04093146111855773, 0.028167318500174014, 0.01800927327940627, 0.016951339850029903], [0.003885085775035689, 0.007867527129364737, 0.020566015446657215, 0.03136985934374327, 0.06592014974591932, 1.0, 0.06981744712207447, 0.03504084270916148, 0.030440990016393, 0.026952580581466445], [0.005145095109232701, 0.008551113607991595, 0.019387622854019487, 0.028664678595766845, 0.04093146111855773, 0.06981744712207447, 1.0, 0.06385767776026713, 0.037797497283903594, 0.02955384897205503], [0.00548884946225034, 0.005959895469459752, 0.013365784910862273, 0.01689368077695986, 0.028167318500174014, 0.03504084270916148, 0.06385767776026713, 1.0, 0.11258599901824888, 0.03452069580115746], [0.0027384192992076705, 0.004363676166966605, 0.008651510723361415, 0.01106741592548314, 0.01800927327940627, 0.030440990016393, 0.037797497283903594, 0.11258599901824888, 1.0, 0.07428920766051915], [0.003547612939892616, 0.004270982433153727, 0.00778263337144368, 0.01087111209773052, 0.016951339850029903, 0.026952580581466445, 0.02955384897205503, 0.03452069580115746, 0.07428920766051915, 1.0]], "mean_cross_task_stability": 0.03082900876823529, "score": "ami"}}}}