{"rung": "R6s", "scenario": "class", "nexp": 10, "epochs": 50, "seed": 9, "metrics": {"Top1_Acc_Exp/eval_phase/test_stream/Task000/Exp000": 0.0, "Top1_Acc_Exp/eval_phase/test_stream/Task000/Exp001": 0.0, "Top1_Acc_Exp/eval_phase/test_stream/Task000/Exp002": 0.0, "Top1_Acc_Exp/eval_phase/test_stream/Task000/Exp003": 0.0, "Top1_Acc_Exp/eval_phase/test_stream/Task000/Exp004": 0.0, "Top1_Acc_Exp/eval_phase/test_stream/Task000/Exp005": 0.0, "Top1_Acc_Exp/eval_phase/test_stream/Task000/Exp006": 0.0, "Top1_Acc_Exp/eval_phase/test_stream/Task000/Exp007": 0.0, "Top1_Acc_Exp/eval_phase/test_stream/Task000/Exp008": 0.0, "Top1_Acc_Exp/eval_phase/test_stream/Task000/Exp009": 0.722, "Top1_Acc_Stream/eval_phase/test_stream/Task000": 0.0722, "StreamForgetting/eval_phase/test_stream": 0.774888888888889, "StreamBWT/eval_phase/test_stream": -0.774888888888889, "ExperienceForgetting/eval_phase/test_stream/Task000/Exp000": 0.702, "ExperienceBWT/eval_phase/test_stream/Task000/Exp000": -0.702, "ExperienceForgetting/eval_phase/test_stream/Task000/Exp001": 0.782, "ExperienceBWT/eval_phase/test_stream/Task000/Exp001": -0.782, "ExperienceForgetting/eval_phase/test_stream/Task000/Exp002": 0.746, "ExperienceBWT/eval_phase/test_stream/Task000/Exp002": -0.746, "ExperienceForgetting/eval_phase/test_stream/Task000/Exp003": 0.77, "ExperienceBWT/eval_phase/test_stream/Task000/Exp003": -0.77, "ExperienceForgetting/eval_phase/test_stream/Task000/Exp004": 0.832, "ExperienceBWT/eval_phase/test_stream/Task000/Exp004": -0.832, "ExperienceForgetting/eval_phase/test_stream/Task000/Exp005": 0.721, "ExperienceBWT/eval_phase/test_stream/Task000/Exp005": -0.721, "ExperienceForgetting/eval_phase/test_stream/Task000/Exp006": 0.807, "ExperienceBWT/eval_phase/test_stream/Task000/Exp006": -0.807, "ExperienceForgetting/eval_phase/test_stream/Task000/Exp007": 0.782, "ExperienceBWT/eval_phase/test_stream/Task000/Exp007": -0.782, "ExperienceForgetting/eval_phase/test_stream/Task000/Exp008": 0.832, "ExperienceBWT/eval_phase/test_stream/Task000/Exp008": -0.832}, "learning_acc": [0.702, 0.782, 0.746, 0.77, 0.832, 0.721, 0.807, 0.782, 0.832, 0.722], "acc_matrix": [[0.702, 0.0, 0.0, 0.0, 0.0, 0.0, 0.0, 0.0, 0.0, 0.0], [0.0, 0.782, 0.0, 0.0, 0.0, 0.0, 0.0, 0.0, 0.0, 0.0], [0.0, 0.0, 0.746, 0.0, 0.0, 0.0, 0.0, 0.0, 0.0, 0.0], [0.0, 0.0, 0.0, 0.77, 0.0, 0.0, 0.0, 0.0, 0.0, 0.0], [0.0, 0.0, 0.0, 0.0, 0.832, 0.0, 0.0, 0.0, 0.0, 0.0], [0.0, 0.0, 0.0, 0.0, 0.0, 0.721, 0.0, 0.0, 0.0, 0.0], [0.0, 0.0, 0.0, 0.0, 0.0, 0.0, 0.807, 0.0, 0.0, 0.0], [0.0, 0.0, 0.0, 0.0, 0.0, 0.0, 0.0, 0.782, 0.0, 0.0], [0.0, 0.0, 0.0, 0.0, 0.0, 0.0, 0.0, 0.0, 0.832, 0.0], [0.0, 0.0, 0.0, 0.0, 0.0, 0.0, 0.0, 0.0, 0.0, 0.722]], "avg_forgetting": 77.48888888888888, "bwt": -77.48888888888888, "selfcheck_ok": true, "h3": {"overlap_summary": {"matrices": {"0": [[1.0, 0.7935270989542635, 0.7906997283779215, 0.7489411539521035, 0.7352866085962018, 0.7538653717129189, 0.7459633576468541, 0.7652239656118117, 0.7298933607760166, 0.7197778861418112], [0.7935270989542635, 1.0, 0.9078546547664254, 0.8656558383528411, 0.8502718364283247, 0.8155464404513829, 0.8203994427952465, 0.8291217166775612, 0.7929644617476077, 0.7836763318615438], [0.7906997283779215, 0.9078546547664254, 1.0, 0.9235575765298252, 0.9046232493249919, 0.8771725830495314, 0.8643070801598881, 0.8573213505416555, 0.8269635948585488, 0.8357240798614414], [0.7489411539521035, 0.8656558383528411, 0.9235575765298252, 1.0, 0.9289168977174715, 0.8930119929381557, 0.8809860701364661, 0.8779555795755459, 0.8484070967101903, 0.8645080740251233], [0.7352866085962018, 0.8502718364283247, 0.9046232493249919, 0.9289168977174715, 1.0, 0.9245096658089205, 0.8951687844446147, 0.8902814566255509, 0.8630552055428413, 0.8723823271875982], [0.7538653717129189, 0.8155464404513829, 0.8771725830495314, 0.8930119929381557, 0.9245096658089205, 1.0, 0.9396602567512327, 0.9122118414355413, 0.9072417045217481, 0.9146143729562992], [0.7459633576468541, 0.8203994427952465, 0.8643070801598881, 0.8809860701364661, 0.8951687844446147, 0.9396602567512327, 1.0, 0.9428519086156412, 0.9095496827531023, 0.9020813655215181], [0.7652239656118117, 0.8291217166775612, 0.8573213505416555, 0.8779555795755459, 0.8902814566255509, 0.9122118414355413, 0.9428519086156412, 1.0, 0.9319292930018257, 0.9087307560380165], [0.7298933607760166, 0.7929644617476077, 0.8269635948585488, 0.8484070967101903, 0.8630552055428413, 0.9072417045217481, 0.9095496827531023, 0.9319292930018257, 1.0, 0.9408156195072156], [0.7197778861418112, 0.7836763318615438, 0.8357240798614414, 0.8645080740251233, 0.8723823271875982, 0.9146143729562992, 0.9020813655215181, 0.9087307560380165, 0.9408156195072156, 1.0]], "1": [[1.0, 0.6564814422365438, 0.49442106577853495, 0.45487010993682253, 0.4621034669396968, 0.42947858804461075, 0.4263026471284321, 0.39721637964258055, 0.39600801688290943, 0.42498275136747815], [0.6564814422365438, 1.0, 0.6417520794401067, 0.52504009467851, 0.5268258904589128, 0.4693851623626646, 0.48727751012505327, 0.4321898715292481, 0.4390690996768956, 0.4603578227959302], [0.49442106577853495, 0.6417520794401067, 1.0, 0.6216711480137609, 0.5731623948113279, 0.5128468570492486, 0.5178056332569794, 0.4760033598536147, 0.4593297902008248, 0.4725209801661769], [0.45487010993682253, 0.52504009467851, 0.6216711480137609, 1.0, 0.6067950541582785, 0.5731320192411675, 0.5672783367080068, 0.5090206922091847, 0.4747888845641989, 0.5190115692148384], [0.4621034669396968, 0.5268258904589128, 0.5731623948113279, 0.6067950541582785, 1.0, 0.6379921610503421, 0.5822660362756056, 0.5217352709882104, 0.5224273452444956, 0.5061031399402646], [0.42947858804461075, 0.4693851623626646, 0.5128468570492486, 0.5731320192411675, 0.6379921610503421, 1.0, 0.623007815379631, 0.5096552622905178, 0.5224231007441578, 0.4999577215134577], [0.4263026471284321, 0.48727751012505327, 0.5178056332569794, 0.5672783367080068, 0.5822660362756056, 0.623007815379631, 1.0, 0.6183962749331561, 0.53194229122837, 0.4947823708186136], [0.39721637964258055, 0.4321898715292481, 0.4760033598536147, 0.5090206922091847, 0.5217352709882104, 0.5096552622905178, 0.6183962749331561, 1.0, 0.5975673082223161, 0.504055053734099], [0.39600801688290943, 0.4390690996768956, 0.4593297902008248, 0.4747888845641989, 0.5224273452444956, 0.5224231007441578, 0.53194229122837, 0.5975673082223161, 1.0, 0.5435779164740702], [0.42498275136747815, 0.4603578227959302, 0.4725209801661769, 0.5190115692148384, 0.5061031399402646, 0.4999577215134577, 0.4947823708186136, 0.504055053734099, 0.5435779164740702, 1.0]], "2": [[1.0, 0.3891562347356984, 0.28478727963103057, 0.2232203413988062, 0.25602643931146224, 0.28567828710092574, 0.2748004406031821, 0.3047494941362961, 0.31417553681826343, 0.27138762435665864], [0.3891562347356984, 1.0, 0.33874305900992013, 0.277200792459675, 0.228633116977262, 0.2497493941006148, 0.24537158859899585, 0.27125548952598133, 0.2867579296578819, 0.24318824023547334], [0.28478727963103057, 0.33874305900992013, 1.0, 0.3308370268118429, 0.262310362280895, 0.25799773652946995, 0.27218517801029446, 0.26034034309429915, 0.23817741504054393, 0.30455896106425356], [0.2232203413988062, 0.277200792459675, 0.3308370268118429, 1.0, 0.2326307057576911, 0.2594811622777536, 0.2542298623586079, 0.26072443723900346, 0.2243037494137313, 0.26111465128831685], [0.25602643931146224, 0.228633116977262, 0.262310362280895, 0.2326307057576911, 1.0, 0.25090693014476084, 0.23936849564330562, 0.23971660187680205, 0.26816370213829477, 0.25178604345970196], [0.28567828710092574, 0.2497493941006148, 0.25799773652946995, 0.2594811622777536, 0.25090693014476084, 1.0, 0.3420203689032796, 0.2863508183872361, 0.3027343471876943, 0.24695317297792327], [0.2748004406031821, 0.24537158859899585, 0.27218517801029446, 0.2542298623586079, 0.23936849564330562, 0.3420203689032796, 1.0, 0.2907223045162059, 0.25941019198458076, 0.19973527902558522], [0.3047494941362961, 0.27125548952598133, 0.26034034309429915, 0.26072443723900346, 0.23971660187680205, 0.2863508183872361, 0.2907223045162059, 1.0, 0.3088802784311192, 0.2505863654385315], [0.31417553681826343, 0.2867579296578819, 0.23817741504054393, 0.2243037494137313, 0.26816370213829477, 0.3027343471876943, 0.25941019198458076, 0.3088802784311192, 1.0, 0.29067680079916963], [0.27138762435665864, 0.24318824023547334, 0.30455896106425356, 0.26111465128831685, 0.25178604345970196, 0.24695317297792327, 0.19973527902558522, 0.2505863654385315, 0.29067680079916963, 1.0]]}, "per_layer_inter": {"0": 0.8552713049109185, "1": 0.5160670619402187, "2": 0.2709285462386449}, "O_inter": 0.5474223043632607, "O_intra": 1.0, "Obar": 0.5474223043632607, "inner": -0.45257769563673933}, "phase_stability": {"0": {"layer": 0, "S_matrix": [[1.0, 0.5531360878849635, 0.5174796864457879, 0.4512790131111106, 0.42147776791722397, 0.4041230418033985, 0.37913390918796297, 0.3513020995131013, 0.33142813343244093, 0.29863085582944005], [0.5531360878849635, 1.0, 0.718220828073366, 0.5746640217643534, 0.4583282682382162, 0.5064842793770905, 0.4628185368958609, 0.4307600859328256, 0.39866054141018115, 0.39747065400662157], [0.5174796864457879, 0.718220828073366, 1.0, 0.6265608988043425, 0.5125978915842672, 0.533046047843618, 0.5022240328821074, 0.4632326304085668, 0.4391353705025121, 0.4164875394330115], [0.4512790131111106, 0.5746640217643534, 0.6265608988043425, 1.0, 0.597471203693809, 0.6766708612883857, 0.5379660461391442, 0.5619407893562467, 0.47272153239975745, 0.46287800598626533], [0.42147776791722397, 0.4583282682382162, 0.5125978915842672, 0.597471203693809, 1.0, 0.5835290688851913, 0.5194963885078047, 0.5050660471372397, 0.4722852065933745, 0.4597819014588553], [0.4041230418033985, 0.5064842793770905, 0.533046047843618, 0.6766708612883857, 0.5835290688851913, 1.0, 0.5626849661263714, 0.6131735259808214, 0.5163106699178202, 0.5309471148309924], [0.37913390918796297, 0.4628185368958609, 0.5022240328821074, 0.5379660461391442, 0.5194963885078047, 0.5626849661263714, 1.0, 0.5138007171134582, 0.6463722149580183, 0.4915788643769618], [0.3513020995131013, 0.4307600859328256, 0.4632326304085668, 0.5619407893562467, 0.5050660471372397, 0.6131735259808214, 0.5138007171134582, 1.0, 0.49709817173798215, 0.5269087767497709], [0.33142813343244093, 0.39866054141018115, 0.4391353705025121, 0.47272153239975745, 0.4722852065933745, 0.5163106699178202, 0.6463722149580183, 0.49709817173798215, 1.0, 0.5035932200713626], [0.29863085582944005, 0.39747065400662157, 0.4164875394330115, 0.46287800598626533, 0.4597819014588553, 0.5309471148309924, 0.4915788643769618, 0.5269087767497709, 0.5035932200713626, 1.0]], "mean_cross_task_stability": 0.4977990559020444, "score": "ami"}, "1": {"layer": 1, "S_matrix": [[1.0, 0.15682246011857506, 0.10411486007336386, 0.07346882641760587, 0.06792617226095775, 0.04737051796887799, 0.0422961619777574, 0.038573752114136446, 0.027421352786566714, 0.01320389612718385], [0.15682246011857506, 1.0, 0.21860115900804866, 0.1494832581147283, 0.11579021089966661, 0.08318281072370519, 0.07173569016314309, 0.06230485652428103, 0.042822913778741825, 0.028314075327169598], [0.10411486007336386, 0.21860115900804866, 1.0, 0.24021872711271222, 0.15661012808860014, 0.12420862734825791, 0.09560268091211092, 0.08224879549176832, 0.060400374585573534, 0.042682193774827286], [0.07346882641760587, 0.1494832581147283, 0.24021872711271222, 1.0, 0.230723930159411, 0.17057256243135566, 0.11929471293414107, 0.10101995153271306, 0.07669943421784574, 0.05577381988746996], [0.06792617226095775, 0.11579021089966661, 0.15661012808860014, 0.230723930159411, 1.0, 0.2220595553543222, 0.14600752945131326, 0.12074177998128678, 0.0992580497328972, 0.06494201321796196], [0.04737051796887799, 0.08318281072370519, 0.12420862734825791, 0.17057256243135566, 0.2220595553543222, 1.0, 0.23255558228555429, 0.16576510740439188, 0.12487155771167897, 0.09133114921541328], [0.0422961619777574, 0.07173569016314309, 0.09560268091211092, 0.11929471293414107, 0.14600752945131326, 0.23255558228555429, 1.0, 0.2569722962213966, 0.17399208223722218, 0.11717561788808857], [0.038573752114136446, 0.06230485652428103, 0.08224879549176832, 0.10101995153271306, 0.12074177998128678, 0.16576510740439188, 0.2569722962213966, 1.0, 0.2443155451400877, 0.13354051631825267], [0.027421352786566714, 0.042822913778741825, 0.060400374585573534, 0.07669943421784574, 0.0992580497328972, 0.12487155771167897, 0.17399208223722218, 0.2443155451400877, 1.0, 0.1958071616959727], [0.01320389612718385, 0.028314075327169598, 0.042682193774827286, 0.05577381988746996, 0.06494201321796196, 0.09133114921541328, 0.11717561788808857, 0.13354051631825267, 0.1958071616959727, 1.0]], "mean_cross_task_stability": 0.11752943237149194, "score": "ami"}, "2": {"layer": 2, "S_matrix": [[1.0, 0.024810520283331385, 0.010706739478220182, 0.008152084512665827, 0.004271311852204008, 0.002121957770401056, 0.0005891451961779657, 0.001688571441943934, 0.0011804859096141505, 0.0013143318930630033], [0.024810520283331385, 1.0, 0.02832649881156357, 0.00957891283029535, 0.011093799615363092, 0.004363831918718654, 0.0032344582324254174, 0.001605715244786142, 0.0010430393168931826, 0.0006381920406435271], [0.010706739478220182, 0.02832649881156357, 1.0, 0.05751532770398301, 0.01904895198219877, 0.00874948840466845, 0.003567239311710359, 0.0037601293448492426, 0.0034527630065623828, 0.005782686871001367], [0.008152084512665827, 0.00957891283029535, 0.05751532770398301, 1.0, 0.055743059600271476, 0.025244008633693592, 0.009331747002039724, 0.0044195839934404405, 0.004709611267666583, 0.010929203907331327], [0.004271311852204008, 0.011093799615363092, 0.01904895198219877, 0.055743059600271476, 1.0, 0.05904177417689366, 0.018375708090303536, 0.010394890052995674, 0.010840923268597268, 0.008833453861406713], [0.002121957770401056, 0.004363831918718654, 0.00874948840466845, 0.025244008633693592, 0.05904177417689366, 1.0, 0.03857766358085053, 0.015034167475048233, 0.011540869182143202, 0.008595763101404032], [0.0005891451961779657, 0.0032344582324254174, 0.003567239311710359, 0.009331747002039724, 0.018375708090303536, 0.03857766358085053, 1.0, 0.05558311081303336, 0.02010231305390153, 0.011356947588307855], [0.001688571441943934, 0.001605715244786142, 0.0037601293448492426, 0.0044195839934404405, 0.010394890052995674, 0.015034167475048233, 0.05558311081303336, 1.0, 0.055211004664102024, 0.014660236383367631], [0.0011804859096141505, 0.0010430393168931826, 0.0034527630065623828, 0.004709611267666583, 0.010840923268597268, 0.011540869182143202, 0.02010231305390153, 0.055211004664102024, 1.0, 0.04691903023620685], [0.0013143318930630033, 0.0006381920406435271, 0.005782686871001367, 0.010929203907331327, 0.008833453861406713, 0.008595763101404032, 0.011356947588307855, 0.014660236383367631, 0.04691903023620685, 1.0]], "mean_cross_task_stability": 0.015823138953473093, "score": "ami"}}}}