{"rung": "R6s", "scenario": "class", "nexp": 10, "epochs": 50, "seed": 7, "metrics": {"Top1_Acc_Exp/eval_phase/test_stream/Task000/Exp000": 0.0, "Top1_Acc_Exp/eval_phase/test_stream/Task000/Exp001": 0.0, "Top1_Acc_Exp/eval_phase/test_stream/Task000/Exp002": 0.0, "Top1_Acc_Exp/eval_phase/test_stream/Task000/Exp003": 0.0, "Top1_Acc_Exp/eval_phase/test_stream/Task000/Exp004": 0.0, "Top1_Acc_Exp/eval_phase/test_stream/Task000/Exp005": 0.0, "Top1_Acc_Exp/eval_phase/test_stream/Task000/Exp006": 0.0, "Top1_Acc_Exp/eval_phase/test_stream/Task000/Exp007": 0.0, "Top1_Acc_Exp/eval_phase/test_stream/Task000/Exp008": 0.0, "Top1_Acc_Exp/eval_phase/test_stream/Task000/Exp009": 0.696, "Top1_Acc_Stream/eval_phase/test_stream/Task000": 0.0696, "StreamForgetting/eval_phase/test_stream": 0.804111111111111, "StreamBWT/eval_phase/test_stream": -0.804111111111111, "ExperienceForgetting/eval_phase/test_stream/Task000/Exp000": 0.707, "ExperienceBWT/eval_phase/test_stream/Task000/Exp000": -0.707, "ExperienceForgetting/eval_phase/test_stream/Task000/Exp001": 0.815, "ExperienceBWT/eval_phase/test_stream/Task000/Exp001": -0.815, "ExperienceForgetting/eval_phase/test_stream/Task000/Exp002": 0.824, "ExperienceBWT/eval_phase/test_stream/Task000/Exp002": -0.824, "ExperienceForgetting/eval_phase/test_stream/Task000/Exp003": 0.82, "ExperienceBWT/eval_phase/test_stream/Task000/Exp003": -0.82, "ExperienceForgetting/eval_phase/test_stream/Task000/Exp004": 0.832, "ExperienceBWT/eval_phase/test_stream/Task000/Exp004": -0.832, "ExperienceForgetting/eval_phase/test_stream/Task000/Exp005": 0.817, "ExperienceBWT/eval_phase/test_stream/Task000/Exp005": -0.817, "ExperienceForgetting/eval_phase/test_stream/Task000/Exp006": 0.798, "ExperienceBWT/eval_phase/test_stream/Task000/Exp006": -0.798, "ExperienceForgetting/eval_phase/test_stream/Task000/Exp007": 0.726, "ExperienceBWT/eval_phase/test_stream/Task000/Exp007": -0.726, "ExperienceForgetting/eval_phase/test_stream/Task000/Exp008": 0.898, "ExperienceBWT/eval_phase/test_stream/Task000/Exp008": -0.898}, "learning_acc": [0.707, 0.815, 0.824, 0.82, 0.832, 0.817, 0.798, 0.726, 0.898, 0.696], "acc_matrix": [[0.707, 0.0, 0.0, 0.0, 0.0, 0.0, 0.0, 0.0, 0.0, 0.0], [0.0, 0.815, 0.0, 0.0, 0.0, 0.0, 0.0, 0.0, 0.0, 0.0], [0.0, 0.0, 0.824, 0.0, 0.0, 0.0, 0.0, 0.0, 0.0, 0.0], [0.0, 0.0, 0.0, 0.82, 0.0, 0.0, 0.0, 0.0, 0.0, 0.0], [0.0, 0.0, 0.0, 0.0, 0.832, 0.0, 0.0, 0.0, 0.0, 0.0], [0.0, 0.0, 0.0, 0.0, 0.0, 0.817, 0.0, 0.0, 0.0, 0.0], [0.0, 0.0, 0.0, 0.0, 0.0, 0.0, 0.798, 0.0, 0.0, 0.0], [0.0, 0.0, 0.0, 0.0, 0.0, 0.0, 0.0, 0.726, 0.0, 0.0], [0.0, 0.0, 0.0, 0.0, 0.0, 0.0, 0.0, 0.0, 0.898, 0.0], [0.0, 0.0, 0.0, 0.0, 0.0, 0.0, 0.0, 0.0, 0.0, 0.696]], "avg_forgetting": 80.4111111111111, "bwt": -80.4111111111111, "selfcheck_ok": true, "h3": {"overlap_summary": {"matrices": {"0": [[1.0, 0.882416309655532, 0.8387020474052584, 0.8416906899975632, 0.8043121559628302, 0.7859542621082322, 0.7795903574733428, 0.7836458579523838, 0.7581788263042782, 0.7619074314205658], [0.882416309655532, 1.0, 0.9375346685583107, 0.9009132948737301, 0.883616599523129, 0.8587641569394803, 0.875693842436409, 0.8478935050597937, 0.8494919764047716, 0.8397872734646232], [0.8387020474052584, 0.9375346685583107, 1.0, 0.9423715226732083, 0.9356685410945745, 0.8960530470398635, 0.9054931748244732, 0.8921592970337872, 0.8953165290053204, 0.8710732266189664], [0.8416906899975632, 0.9009132948737301, 0.9423715226732083, 1.0, 0.943377986317599, 0.9139242845391994, 0.9074365164823307, 0.8943538496609053, 0.8826092938924607, 0.8853600038053416], [0.8043121559628302, 0.883616599523129, 0.9356685410945745, 0.943377986317599, 1.0, 0.943298996967886, 0.9320205339571814, 0.9120858826558211, 0.9158430869702265, 0.8945224453553922], [0.7859542621082322, 0.8587641569394803, 0.8960530470398635, 0.9139242845391994, 0.943298996967886, 1.0, 0.9430975677845826, 0.9035842561369565, 0.8951349129154522, 0.8942384991613015], [0.7795903574733428, 0.875693842436409, 0.9054931748244732, 0.9074365164823307, 0.9320205339571814, 0.9430975677845826, 1.0, 0.9232263594984464, 0.9229690856057072, 0.9143909989467296], [0.7836458579523838, 0.8478935050597937, 0.8921592970337872, 0.8943538496609053, 0.9120858826558211, 0.9035842561369565, 0.9232263594984464, 1.0, 0.9309999562938931, 0.9197703749094005], [0.7581788263042782, 0.8494919764047716, 0.8953165290053204, 0.8826092938924607, 0.9158430869702265, 0.8951349129154522, 0.9229690856057072, 0.9309999562938931, 1.0, 0.9300626024157167], [0.7619074314205658, 0.8397872734646232, 0.8710732266189664, 0.8853600038053416, 0.8945224453553922, 0.8942384991613015, 0.9143909989467296, 0.9197703749094005, 0.9300626024157167, 1.0]], "1": [[1.0, 0.625000431120579, 0.5503073207516676, 0.5188147100618465, 0.5232996273585854, 0.4787378936558183, 0.42749619080359724, 0.45249910882111144, 0.45766931569203073, 0.3854566295874797], [0.625000431120579, 1.0, 0.6663191775231501, 0.5761880734470863, 0.5632553266949184, 0.5017056463443418, 0.4884896049763441, 0.4977794287811527, 0.5235472464629067, 0.4681135755732449], [0.5503073207516676, 0.6663191775231501, 1.0, 0.6252194069528101, 0.5861456920441351, 0.5458871243176926, 0.4946530182356908, 0.46905571025982795, 0.5097536130225402, 0.4458273039546734], [0.5188147100618465, 0.5761880734470863, 0.6252194069528101, 1.0, 0.6548502271920253, 0.5578325781958617, 0.5043839995915397, 0.4825985679689569, 0.5148074140484846, 0.47527961781712974], [0.5232996273585854, 0.5632553266949184, 0.5861456920441351, 0.6548502271920253, 1.0, 0.570366874969289, 0.5170483637991603, 0.520273715230854, 0.500135248570359, 0.4609866464264661], [0.4787378936558183, 0.5017056463443418, 0.5458871243176926, 0.5578325781958617, 0.570366874969289, 1.0, 0.6478630449945593, 0.5356715493923885, 0.5461882357806397, 0.45352405556192843], [0.42749619080359724, 0.4884896049763441, 0.4946530182356908, 0.5043839995915397, 0.5170483637991603, 0.6478630449945593, 1.0, 0.5962943987575344, 0.5448944123433201, 0.5152120893159993], [0.45249910882111144, 0.4977794287811527, 0.46905571025982795, 0.4825985679689569, 0.520273715230854, 0.5356715493923885, 0.5962943987575344, 1.0, 0.6162725496729307, 0.5042792811046147], [0.45766931569203073, 0.5235472464629067, 0.5097536130225402, 0.5148074140484846, 0.500135248570359, 0.5461882357806397, 0.5448944123433201, 0.6162725496729307, 1.0, 0.5602678025621304], [0.3854566295874797, 0.4681135755732449, 0.4458273039546734, 0.47527961781712974, 0.4609866464264661, 0.45352405556192843, 0.5152120893159993, 0.5042792811046147, 0.5602678025621304, 1.0]], "2": [[1.0, 0.2337881224733826, 0.3255637774817115, 0.2968657482562659, 0.258114178307869, 0.3036735847982804, 0.24892125154139888, 0.2824687997013325, 0.3129854995977381, 0.2124945367772226], [0.2337881224733826, 1.0, 0.26494287767175084, 0.21487855142031964, 0.21809636106678437, 0.26025769521589787, 0.2579267833240312, 0.2579820456145123, 0.19267163980583157, 0.20152321163074507], [0.3255637774817115, 0.26494287767175084, 1.0, 0.3239076564404633, 0.33269227208475394, 0.37824754739526334, 0.28620756311481726, 0.29680682339559017, 0.32132754056072416, 0.25815379432038454], [0.2968657482562659, 0.21487855142031964, 0.3239076564404633, 1.0, 0.28170621256463185, 0.3420083503054132, 0.2887694442574172, 0.2498282546257801, 0.3098323339367234, 0.2741407469667284], [0.258114178307869, 0.21809636106678437, 0.33269227208475394, 0.28170621256463185, 1.0, 0.29982213266663577, 0.235381751687992, 0.2672721922859726, 0.2189074693199172, 0.21982846111363746], [0.3036735847982804, 0.26025769521589787, 0.37824754739526334, 0.3420083503054132, 0.29982213266663577, 1.0, 0.30816194867697955, 0.29819987384619256, 0.287569805380021, 0.2809910906125386], [0.24892125154139888, 0.2579267833240312, 0.28620756311481726, 0.2887694442574172, 0.235381751687992, 0.30816194867697955, 1.0, 0.2794452222592502, 0.3032044003109314, 0.303334977251494], [0.2824687997013325, 0.2579820456145123, 0.29680682339559017, 0.2498282546257801, 0.2672721922859726, 0.29819987384619256, 0.2794452222592502, 1.0, 0.3076184796656469, 0.23218730851306443], [0.3129854995977381, 0.19267163980583157, 0.32132754056072416, 0.3098323339367234, 0.2189074693199172, 0.287569805380021, 0.3032044003109314, 0.3076184796656469, 1.0, 0.2802255880555979], [0.2124945367772226, 0.20152321163074507, 0.25815379432038454, 0.2741407469667284, 0.21982846111363746, 0.2809910906125386, 0.303334977251494, 0.23218730851306443, 0.2802255880555979, 1.0]]}, "per_layer_inter": {"0": 0.8837896908467324, "1": 0.5257833744386535, "2": 0.2757540868066586}, "O_inter": 0.5617757173640149, "O_intra": 1.0, "Obar": 0.5617757173640149, "inner": -0.4382242826359851}, "phase_stability": {"0": {"layer": 0, "S_matrix": [[1.0, 0.6054889120414926, 0.43242716295893957, 0.400941807204923, 0.35197061995794393, 0.3286374571545253, 0.31524482086981775, 0.3462343486743018, 0.3240973421186396, 0.32411072128066654], [0.6054889120414926, 1.0, 0.5455492861789363, 0.511827012762822, 0.4479634224263403, 0.42601637130011466, 0.39401063894387817, 0.4095198270085367, 0.393234917375861, 0.3995840331218031], [0.43242716295893957, 0.5455492861789363, 1.0, 0.6610043613792015, 0.5755694974501874, 0.5168861713518526, 0.4846702079822363, 0.41564056264646015, 0.4131829828405619, 0.45479080869546784], [0.400941807204923, 0.511827012762822, 0.6610043613792015, 1.0, 0.6452447885758917, 0.6031051665291285, 0.5241278628733074, 0.435238505883877, 0.45684866438997584, 0.5248259155868112], [0.35197061995794393, 0.4479634224263403, 0.5755694974501874, 0.6452447885758917, 1.0, 0.6908505913463322, 0.6279914484252752, 0.4593148055945371, 0.4859624186934112, 0.5416262386463161], [0.3286374571545253, 0.42601637130011466, 0.5168861713518526, 0.6031051665291285, 0.6908505913463322, 1.0, 0.6180424531517577, 0.4955922624275374, 0.5212884323893126, 0.5793638287267744], [0.31524482086981775, 0.39401063894387817, 0.4846702079822363, 0.5241278628733074, 0.6279914484252752, 0.6180424531517577, 1.0, 0.4877749635734894, 0.518173356735388, 0.5264985706999895], [0.3462343486743018, 0.4095198270085367, 0.41564056264646015, 0.435238505883877, 0.4593148055945371, 0.4955922624275374, 0.4877749635734894, 1.0, 0.6649810216200365, 0.5459804634552597], [0.3240973421186396, 0.393234917375861, 0.4131829828405619, 0.45684866438997584, 0.4859624186934112, 0.5212884323893126, 0.518173356735388, 0.6649810216200365, 1.0, 0.6233440886187533], [0.32411072128066654, 0.3995840331218031, 0.45479080869546784, 0.5248259155868112, 0.5416262386463161, 0.5793638287267744, 0.5264985706999895, 0.5459804634552597, 0.6233440886187533, 1.0]], "mean_cross_task_stability": 0.4901062031481927, "score": "ami"}, "1": {"layer": 1, "S_matrix": [[1.0, 0.2191462558222291, 0.12436226814227888, 0.0950021586131807, 0.07434549462215646, 0.03340624926907694, 0.033489300936685784, 0.018777552029100728, 0.02778662031624592, 0.027958626092815284], [0.2191462558222291, 1.0, 0.2523081847147874, 0.15575979655600763, 0.12374253143454897, 0.054563529798988285, 0.056038644357708625, 0.03296270472257038, 0.042146244218030725, 0.039225561978134774], [0.12436226814227888, 0.2523081847147874, 1.0, 0.22245514828674384, 0.1767714874427387, 0.0738588059766763, 0.0804383115835808, 0.053238693445373804, 0.059432984764702955, 0.0529709312643809], [0.0950021586131807, 0.15575979655600763, 0.22245514828674384, 1.0, 0.2556119184922818, 0.09760405198604041, 0.09558523933887157, 0.0698916770961273, 0.07074929611200237, 0.05950558260680406], [0.07434549462215646, 0.12374253143454897, 0.1767714874427387, 0.2556119184922818, 1.0, 0.15112435074616515, 0.1252604839923396, 0.0917811451327848, 0.09309478660743747, 0.08057419314123401], [0.03340624926907694, 0.054563529798988285, 0.0738588059766763, 0.09760405198604041, 0.15112435074616515, 1.0, 0.23051304709050233, 0.17419362512293743, 0.14475159460305528, 0.10873022960594257], [0.033489300936685784, 0.056038644357708625, 0.0804383115835808, 0.09558523933887157, 0.1252604839923396, 0.23051304709050233, 1.0, 0.22835751149091366, 0.19386532639093404, 0.1323912159644407], [0.018777552029100728, 0.03296270472257038, 0.053238693445373804, 0.0698916770961273, 0.0917811451327848, 0.17419362512293743, 0.22835751149091366, 1.0, 0.23160143184577942, 0.1547075951935525], [0.02778662031624592, 0.042146244218030725, 0.059432984764702955, 0.07074929611200237, 0.09309478660743747, 0.14475159460305528, 0.19386532639093404, 0.23160143184577942, 1.0, 0.22792243452798755], [0.027958626092815284, 0.039225561978134774, 0.0529709312643809, 0.05950558260680406, 0.08057419314123401, 0.10873022960594257, 0.1323912159644407, 0.1547075951935525, 0.22792243452798755, 1.0]], "mean_cross_task_stability": 0.11440010718837505, "score": "ami"}, "2": {"layer": 2, "S_matrix": [[1.0, 0.050457532579015654, 0.008327025799753677, 0.008257059246702747, 0.005698895487984198, 0.0020813107844127833, 0.004543237141476131, 0.0038738859412759227, 0.001437884823045351, 0.0022697471450559043], [0.050457532579015654, 1.0, 0.03671707131710645, 0.016110103701449083, 0.009718665944817618, 0.0047405706277820715, 0.0048045066129949075, 0.0012721412770781465, 0.0007297996938166397, 0.0015143946591105386], [0.008327025799753677, 0.03671707131710645, 1.0, 0.052638921247423524, 0.017692540699433424, 0.008093103125887133, 0.006850835155047448, 0.0021641773625428106, 0.0007429022415178319, 0.0007717936906973305], [0.008257059246702747, 0.016110103701449083, 0.052638921247423524, 1.0, 0.06328912068305363, 0.009058890254696125, 0.007048622060388944, 0.004993673952520062, 0.0018515985791985657, 0.0019484232012265358], [0.005698895487984198, 0.009718665944817618, 0.017692540699433424, 0.06328912068305363, 1.0, 0.020863396470879605, 0.007915679105602084, 0.006253979891010214, 0.006250412977206077, 0.004228831428915521], [0.0020813107844127833, 0.0047405706277820715, 0.008093103125887133, 0.009058890254696125, 0.020863396470879605, 1.0, 0.0907524483348764, 0.01509119927584741, 0.008191778089823113, 0.0063199208776727285], [0.004543237141476131, 0.0048045066129949075, 0.006850835155047448, 0.007048622060388944, 0.007915679105602084, 0.0907524483348764, 1.0, 0.05476328014554516, 0.007905059106908056, 0.007365759732610022], [0.0038738859412759227, 0.0012721412770781465, 0.0021641773625428106, 0.004993673952520062, 0.006253979891010214, 0.01509119927584741, 0.05476328014554516, 1.0, 0.03959514635543954, 0.014738746200639643], [0.001437884823045351, 0.0007297996938166397, 0.0007429022415178319, 0.0018515985791985657, 0.006250412977206077, 0.008191778089823113, 0.007905059106908056, 0.03959514635543954, 1.0, 0.06480346938983478], [0.0022697471450559043, 0.0015143946591105386, 0.0007717936906973305, 0.0019484232012265358, 0.004228831428915521, 0.0063199208776727285, 0.007365759732610022, 0.014738746200639643, 0.06480346938983478, 1.0]], "mean_cross_task_stability": 0.015438612053762698, "score": "ami"}}}}